0.06383 0.05383
0.19149 0.18149
0.31915 0.30915
0.44681 0.43681
0.57447 0.56447
0.70213 0.69213
0.82979 0.81979
0.95745 0.94745
1.0851 1.0751
1.2128 1.2028
1.3404 1.3304
1.4681 1.4581
1.5957 1.5857
1.7234 1.7134
1.8511 1.8411
1.9787 1.9687
2.1064 2.0964
2.234 2.224
2.3617 2.3517
2.4894 2.4794
2.617 2.607
2.7447 2.7347
2.8723 2.8623
3 2.99
0.12766 0.11766
0.25532 0.24532
0.38298 0.37298
0.51064 0.50064
0.6383 0.6283
0.76596 0.75596
0.89362 0.88362
1.0213 1.0113
1.1489 1.1389
1.2766 1.2666
1.4043 1.3943
1.5319 1.5219
1.6596 1.6496
1.7872 1.7772
1.9149 1.9049
2.0426 2.0326
2.1702 2.1602
2.2979 2.2879
2.4255 2.4155
2.5532 2.5432
2.6809 2.6709
2.8085 2.7985
2.9362 2.9262
