#!ascii label, from subject  
88
44 8.441242 25.993826 96.204163 0.000000
51 36.185326 26.293869 89.453171 0.000000
163 -6.921019 21.303135 97.474350 0.000000
171 18.122667 13.171938 97.474350 0.000000
243 44.936615 13.311960 88.353012 0.000000
365 -2.720401 34.625095 93.793808 0.000000
380 22.543320 26.413887 93.793808 0.000000
381 32.084724 13.281955 93.793808 0.000000
845 0.760112 23.723494 97.154297 0.000000
846 -4.830711 28.034126 95.884117 0.000000
847 2.870422 30.384472 95.244026 0.000000
849 10.481544 32.254749 94.083847 0.000000
871 17.562586 32.494785 92.943680 0.000000
872 15.532287 26.273867 95.244026 0.000000
874 25.173708 13.261951 95.884117 0.000000
1446 6.370938 19.602886 97.864403 0.000000
1459 13.331964 19.642891 97.154297 0.000000
1589 40.685989 19.862923 89.183136 0.000000
1808 -10.471541 32.214745 94.103859 0.000000
1846 29.444334 26.423889 91.863518 0.000000
1847 20.393002 19.842920 95.884117 0.000000
1848 27.404034 19.912931 94.103859 0.000000
1849 34.225040 19.832920 91.863518 0.000000
1850 38.605686 13.331964 91.293434 0.000000
2765 4.610679 24.883661 96.764244 0.000000
2766 1.820268 27.073986 96.264168 0.000000
2767 5.660833 28.204153 95.784103 0.000000
2768 6.680983 31.344614 94.743950 0.000000
2769 9.471395 29.144289 95.204018 0.000000
2791 13.021916 29.284311 94.743950 0.000000
2792 12.001766 26.143850 95.784103 0.000000
3368 2.520371 18.442715 98.264465 0.000000
3391 8.801296 16.402414 98.264465 0.000000
3608 42.846306 16.602442 88.833076 0.000000
3609 44.356533 19.962938 87.382866 0.000000
3610 46.486843 16.692455 86.972801 0.000000
3972 -9.751435 23.433451 96.744247 0.000000
3973 -3.780556 31.344614 94.903969 0.000000
3974 -7.651126 30.144438 95.053993 0.000000
3975 -6.600972 33.444923 94.023842 0.000000
4053 20.072954 29.474339 93.443756 0.000000
4055 23.593473 29.524345 92.603630 0.000000
4056 27.043980 29.534348 91.653488 0.000000
4057 26.013830 26.433889 92.883667 0.000000
4058 15.742317 16.422417 97.394333 0.000000
4059 16.872482 19.752907 96.584213 0.000000
4060 19.272837 16.512430 96.744247 0.000000
4061 28.644217 13.281955 94.903969 0.000000
4062 26.303873 16.592443 95.053993 0.000000
4063 29.774382 16.612444 94.023842 0.000000
4064 30.834538 19.882925 93.043694 0.000000
4065 33.174881 16.572439 92.883667 0.000000
4066 36.445362 16.592443 91.653488 0.000000
4067 35.365208 13.311960 92.603630 0.000000
6127 -3.080453 22.533318 97.394333 0.000000
6128 -5.880866 24.683634 96.744247 0.000000
6129 -2.030299 25.893810 96.584213 0.000000
6130 -0.980144 29.234303 95.644081 0.000000
6131 0.080012 32.524788 94.573921 0.000000
6133 3.880571 33.514931 94.153862 0.000000
6134 7.691132 34.455074 93.573769 0.000000
6176 14.032066 32.394772 93.573769 0.000000
6177 16.562437 29.394329 94.153862 0.000000
6178 19.052805 26.353880 94.573921 0.000000
6180 21.663189 13.221947 96.744247 0.000000
7209 -4.130608 19.292841 98.054436 0.000000
7210 -0.280041 20.503017 97.894409 0.000000
7211 3.570526 21.683191 97.574364 0.000000
7212 7.411091 22.813358 97.094292 0.000000
7243 10.891603 22.833361 96.764244 0.000000
7244 9.851450 19.632889 97.574364 0.000000
7245 12.281808 16.422417 97.894409 0.000000
7547 38.465664 23.093399 89.383163 0.000000
7549 42.166206 23.223417 87.662903 0.000000
8056 -8.711283 26.803947 95.964134 0.000000
8164 32.834835 26.373882 90.713348 0.000000
8165 14.442126 22.973381 96.264168 0.000000
8166 17.972645 23.073397 95.644081 0.000000
8167 21.483162 23.143406 94.903969 0.000000
8168 22.793354 16.562437 95.964134 0.000000
8169 23.913521 19.892927 95.053993 0.000000
8170 24.993679 23.183413 94.023842 0.000000
8171 28.444185 23.183413 93.043694 0.000000
8172 31.854689 23.143406 91.933533 0.000000
8173 35.225185 23.073397 90.713348 0.000000
8174 37.475517 19.862923 90.573334 0.000000
8175 39.675838 16.602442 90.293289 0.000000
8176 41.796154 13.321961 89.883232 0.000000
