#!ascii label, from subject  
73
61 -68.170029 69.390213 23.253424 0.000000
181 -70.950447 61.569061 34.315052 0.000000
398 -75.311089 64.749535 11.741728 0.000000
453 -62.419193 61.569061 48.117085 0.000000
660 -75.971184 55.198128 34.425064 0.000000
661 -71.830574 57.218422 39.615833 0.000000
752 -64.949562 76.051193 0.000000 0.000000
754 -61.449047 78.601570 -7.021034 0.000000
902 -73.640839 63.469341 23.473455 0.000000
903 -77.181366 61.098995 17.692604 0.000000
904 -71.930588 67.239891 17.542583 0.000000
905 -69.920296 70.530388 11.781734 0.000000
1148 -61.619072 66.099724 42.856308 0.000000
1478 -74.981041 59.498760 29.004269 0.000000
1479 -69.730263 65.639656 28.854248 0.000000
1891 -73.200768 67.899994 5.890867 0.000000
1892 -67.579948 73.490814 5.880866 0.000000
2013 -67.559944 57.218422 46.536850 0.000000
2014 -64.769539 55.198128 52.547733 0.000000
2208 -66.909851 61.779091 41.356091 0.000000
2209 -65.889694 66.099724 35.945290 0.000000
2673 -63.249310 77.391396 -3.510517 0.000000
2822 -70.970444 66.479782 23.383442 0.000000
2823 -72.830719 65.399628 20.523022 0.000000
2824 -70.100327 68.360062 20.413004 0.000000
2825 -69.160179 70.080315 17.552586 0.000000
3422 -73.520821 58.428604 34.405067 0.000000
3423 -75.521118 57.378448 31.734671 0.000000
3424 -73.010750 60.568916 31.684664 0.000000
3425 -72.410652 62.619217 28.954264 0.000000
3426 -70.380363 63.639370 31.604654 0.000000
4150 -76.291229 62.969269 14.732169 0.000000
4155 -75.811165 64.969574 5.890867 0.000000
4156 -74.300941 66.369774 8.821300 0.000000
4158 -68.800125 72.060608 8.831300 0.000000
4882 -65.029579 59.428749 47.346970 0.000000
4883 -67.269897 59.528763 43.966473 0.000000
4884 -64.719528 61.729088 44.766590 0.000000
4885 -61.098995 68.240044 40.155910 0.000000
4886 -63.809395 66.149734 39.435806 0.000000
4887 -63.239311 68.240044 36.695400 0.000000
4888 -65.259605 68.130035 33.204884 0.000000
5798 -73.940887 56.238281 37.045456 0.000000
5799 -71.430511 59.428749 36.985443 0.000000
6232 -76.201218 60.348885 23.533464 0.000000
6234 -75.461105 62.329174 20.603033 0.000000
6235 -74.610985 64.219452 17.632597 0.000000
6236 -73.670837 66.039719 14.652158 0.000000
6237 -72.670692 67.699966 11.771733 0.000000
6238 -70.970444 68.930145 14.672159 0.000000
6674 -62.059139 63.879406 45.516697 0.000000
7291 -74.350945 61.519058 26.253862 0.000000
7292 -71.730560 64.589508 26.183853 0.000000
7293 -68.990158 67.549942 26.063837 0.000000
8288 -74.670990 66.469780 2.940433 0.000000
8289 -72.000595 69.350212 2.940433 0.000000
8290 -71.610542 69.260193 8.841302 0.000000
8291 -70.440369 70.750420 5.890867 0.000000
8292 -69.200188 72.150620 2.940433 0.000000
8293 -66.309753 74.811012 2.940433 0.000000
8615 -66.199738 56.238281 49.567295 0.000000
8616 -63.649368 58.428604 50.377419 0.000000
8618 -62.159153 57.378448 53.347855 0.000000
8619 -60.988976 60.568916 51.137527 0.000000
9186 -69.750267 57.258427 43.106342 0.000000
9187 -69.410217 59.528763 40.505962 0.000000
9188 -68.990158 61.729088 37.865574 0.000000
9189 -64.299469 63.979420 42.136204 0.000000
9190 -66.439781 63.979420 38.675694 0.000000
9191 -68.460075 63.879406 35.155178 0.000000
9192 -67.869987 65.919701 32.424774 0.000000
9193 -67.179886 67.899994 29.654366 0.000000
9194 -66.419777 69.790276 26.853952 0.000000
