#!ascii label, from subject  
82
154 -44.726585 -52.577736 -72.370651 0.000000
339 -47.927055 -62.029129 -62.109142 0.000000
553 -59.228718 -70.240341 -39.515816 0.000000
618 -30.864544 -51.937645 -79.701729 0.000000
621 -26.543907 -38.625687 -88.353012 0.000000
622 -22.543320 -26.413887 -93.793808 0.000000
1376 -46.446835 -57.458458 -67.409927 0.000000
1377 -41.156059 -62.239166 -66.599800 0.000000
1378 -39.525818 -57.458458 -71.690552 0.000000
1379 -32.574795 -57.118408 -75.361092 0.000000
1380 -37.915581 -52.417717 -76.271233 0.000000
1387 -33.874985 -39.415802 -85.442581 0.000000
1388 -31.464630 -32.554794 -89.183136 0.000000
1389 -24.603622 -32.594799 -91.293434 0.000000
1390 -29.444334 -26.423889 -91.863518 0.000000
1760 -55.238129 -65.609657 -51.447575 0.000000
1761 -49.157234 -66.289757 -56.488319 0.000000
2485 -42.556263 -66.759827 -61.118996 0.000000
2497 -36.045307 -46.096786 -81.111938 0.000000
2498 -28.804239 -45.436687 -84.312416 0.000000
2502 -15.532287 -26.273867 -95.244026 0.000000
3296 -45.616714 -55.048103 -69.940292 0.000000
3297 -43.026333 -57.498463 -69.610245 0.000000
3298 -42.156208 -55.048103 -72.080612 0.000000
3299 -38.745705 -54.968090 -74.030891 0.000000
3300 -41.356091 -52.537735 -74.380951 0.000000
3309 -30.474485 -29.504341 -90.573334 0.000000
5099 -57.058403 -70.370361 -42.366238 0.000000
5100 -57.358440 -68.080025 -45.576710 0.000000
5101 -59.578773 -68.010010 -42.766293 0.000000
5566 -48.577148 -64.209457 -59.338734 0.000000
5567 -45.896755 -66.579803 -58.848663 0.000000
5568 -45.266666 -64.439484 -61.649075 0.000000
5569 -37.675549 -62.189156 -68.680107 0.000000
5570 -38.425659 -64.539497 -66.039719 0.000000
5576 -31.744675 -54.558029 -77.581421 0.000000
5578 -28.134142 -54.227985 -79.181656 0.000000
5580 -27.274015 -51.567593 -81.241959 0.000000
5599 -30.234451 -39.055748 -86.972801 0.000000
5600 -31.364618 -42.456245 -84.952499 0.000000
5601 -27.694075 -42.066193 -86.412720 0.000000
5602 -25.153704 -44.976624 -85.712616 0.000000
5603 -24.023537 -41.566120 -87.732918 0.000000
5605 -23.063395 -38.635689 -89.323151 0.000000
5606 -23.593473 -29.524345 -92.603630 0.000000
5607 -21.093105 -32.564796 -92.183571 0.000000
5608 -20.072954 -29.474339 -93.443756 0.000000
5610 -19.052805 -26.353880 -94.573921 0.000000
6804 -61.739082 -67.839989 -39.865868 0.000000
7084 -47.216949 -59.778801 -64.799538 0.000000
7085 -44.576561 -62.189156 -64.409485 0.000000
7086 -43.826450 -59.888817 -67.049873 0.000000
7087 -40.365944 -59.888817 -69.190186 0.000000
7088 -36.845425 -59.778801 -71.210487 0.000000
7090 -36.075310 -57.328438 -73.580833 0.000000
7091 -35.265194 -54.808067 -75.861168 0.000000
7092 -34.415066 -52.217686 -78.051491 0.000000
7105 -32.694817 -36.015301 -87.382866 0.000000
7106 -29.024273 -35.615242 -88.833076 0.000000
7107 -25.593767 -35.635246 -89.883232 0.000000
7108 -28.054129 -32.594799 -90.293289 0.000000
7109 -27.043980 -29.534348 -91.653488 0.000000
7110 -26.013830 -26.433889 -92.883667 0.000000
7946 -52.717762 -67.950005 -51.047516 0.000000
7947 -49.687313 -68.300056 -53.567886 0.000000
7948 -52.237690 -65.999710 -54.017948 0.000000
7949 -51.697609 -63.959415 -56.918381 0.000000
7950 -51.087521 -61.839104 -59.738792 0.000000
7953 -50.407421 -59.618774 -62.509201 0.000000
7954 -49.677311 -57.328438 -65.179596 0.000000
9450 -55.078106 -68.060013 -48.347118 0.000000
10009 -46.456841 -68.650108 -55.968239 0.000000
10012 -41.886166 -64.539497 -63.899406 0.000000
10013 -39.125759 -66.819832 -63.309322 0.000000
10045 -40.495964 -49.467281 -76.921326 0.000000
10046 -37.015446 -49.297256 -78.761597 0.000000
10047 -33.484928 -49.057220 -80.471848 0.000000
10048 -34.995152 -42.796295 -83.352272 0.000000
10049 -32.454777 -45.796738 -82.782188 0.000000
10050 -29.864395 -48.727169 -82.082085 0.000000
10051 -26.233864 -48.317112 -83.542305 0.000000
10057 -22.093252 -35.625248 -90.803368 0.000000
