#!ascii label, from subject  
134
70 30.904547 -95.124001 0.000000 0.000000
139 44.726585 -85.082527 -27.644068 0.000000
300 57.038395 -78.031494 -25.713783 0.000000
301 52.407711 -84.032372 -13.992060 0.000000
303 22.663336 -96.404190 -14.012063 0.000000
414 45.406685 -89.113113 0.000000 0.000000
571 60.518906 -70.300346 -37.395504 0.000000
574 38.325642 -91.313438 -14.012063 0.000000
575 29.664368 -91.313438 -28.014122 0.000000
691 69.700264 -50.637451 -50.807484 0.000000
1262 51.007507 -81.762039 -26.743937 0.000000
1263 52.947792 -78.291527 -32.724819 0.000000
1264 46.736877 -81.762039 -33.664955 0.000000
1266 40.465958 -84.812477 -34.235039 0.000000
1267 38.275635 -92.403603 0.000000 0.000000
1268 41.996185 -90.493324 -7.021034 0.000000
1269 34.735111 -93.523766 -7.031035 0.000000
1271 26.253862 -94.173866 -21.083103 0.000000
1272 21.813210 -93.523766 -27.924109 0.000000
1694 54.848072 -81.231956 -19.902929 0.000000
1695 48.717171 -84.812477 -20.883076 0.000000
1697 26.873957 -96.084145 -7.031035 0.000000
1698 19.212830 -97.904411 -7.021034 0.000000
1929 34.695107 -93.613777 5.890867 0.000000
2347 66.909851 -61.779091 -41.356091 0.000000
2350 58.928677 -74.360947 -31.634657 0.000000
2356 49.067219 -86.862785 -7.021034 0.000000
2357 45.506699 -87.942947 -14.042068 0.000000
2358 41.666134 -88.493027 -20.893076 0.000000
2359 30.604504 -94.173866 -14.052068 0.000000
2360 34.115021 -91.623489 -21.083103 0.000000
2361 37.325493 -88.493027 -27.924109 0.000000
2362 32.914845 -87.942947 -34.425064 0.000000
2610 72.550674 -48.647160 -48.707169 0.000000
2611 71.080460 -51.637604 -47.797035 0.000000
3182 47.897049 -83.472290 -27.214006 0.000000
3183 48.917202 -81.832047 -30.234451 0.000000
3184 45.756737 -83.472290 -30.674513 0.000000
3185 43.626419 -83.342270 -33.975002 0.000000
3186 42.626274 -85.012512 -30.964558 0.000000
3187 34.615097 -93.833809 0.000000 0.000000
3188 36.535378 -93.033691 -3.520518 0.000000
3189 32.844833 -94.403893 -3.520518 0.000000
3782 55.438160 -82.152092 -13.451980 0.000000
3783 56.668346 -80.761887 -16.412416 0.000000
3784 53.657898 -82.682167 -16.952494 0.000000
3785 51.817631 -83.072235 -20.403004 0.000000
3786 50.597450 -84.492432 -17.452570 0.000000
3791 13.131933 -98.584511 -10.541552 0.000000
4235 38.355648 -92.183571 5.890867 0.000000
4236 36.525375 -92.683640 8.821300 0.000000
5222 63.239311 -68.240044 -36.695400 0.000000
5223 63.809395 -66.149734 -39.435806 0.000000
5227 59.938828 -76.011192 -25.143700 0.000000
5228 60.898964 -74.190918 -28.114140 0.000000
5229 58.018539 -76.241226 -28.694225 0.000000
5231 53.827927 -76.371246 -35.665249 0.000000
5244 47.276958 -88.062965 -3.510517 0.000000
5245 40.195915 -90.973389 -10.521549 0.000000
5246 43.786446 -89.303146 -10.541552 0.000000
5247 41.946178 -89.703209 -14.042068 0.000000
5248 43.616421 -88.282997 -17.482573 0.000000
5249 40.025894 -89.973251 -17.462572 0.000000
5250 24.793648 -96.324181 -10.521549 0.000000
5251 28.764235 -95.204018 -10.551554 0.000000
5252 26.653923 -95.364037 -14.042068 0.000000
5253 27.984119 -92.823662 -24.573616 0.000000
5254 30.214449 -92.973686 -21.103107 0.000000
5255 31.914698 -91.543472 -24.573616 0.000000
5256 35.745262 -90.133270 -24.523609 0.000000
5257 33.524937 -89.973251 -27.994122 0.000000
5258 35.145172 -88.282997 -31.194590 0.000000
5259 31.314611 -89.703209 -31.244600 0.000000
5850 71.140480 -47.617008 -51.707611 0.000000
6879 62.589214 -70.240341 -33.934994 0.000000
6880 54.057957 -79.951767 -26.243862 0.000000
6881 55.038101 -78.221512 -29.234303 0.000000
6882 52.007656 -80.081787 -29.754381 0.000000
6883 49.867340 -80.081787 -33.214890 0.000000
6889 41.876167 -90.823364 0.000000 0.000000
6890 43.736439 -89.873230 -3.520518 0.000000
6891 40.165913 -91.523468 -3.520518 0.000000
6892 38.395653 -92.083557 -7.031035 0.000000
6893 36.555382 -92.493614 -10.521549 0.000000
6894 20.503017 -96.324181 -17.462572 0.000000
6895 24.483604 -95.364037 -17.562586 0.000000
6896 22.303284 -95.204018 -21.003092 0.000000
6897 24.053541 -93.933823 -24.523609 0.000000
6898 25.763792 -92.493614 -27.994122 0.000000
6899 27.394032 -90.973389 -31.244600 0.000000
6900 23.463453 -92.083557 -31.194590 0.000000
7791 58.938671 -77.671440 -22.263277 0.000000
7793 57.838516 -79.261665 -19.352850 0.000000
7794 55.978241 -79.681725 -22.823359 0.000000
7795 52.977795 -81.562012 -23.343437 0.000000
7796 49.897343 -83.342270 -23.833508 0.000000
7797 46.756882 -85.012512 -24.283573 0.000000
7799 28.914255 -95.684090 -3.520518 0.000000
7800 25.133701 -96.744247 -3.520518 0.000000
7801 23.063395 -97.064293 -7.031035 0.000000
7802 20.953085 -97.224312 -10.521549 0.000000
7803 15.302252 -98.584511 -7.031035 0.000000
7804 17.062511 -97.984428 -10.541552 0.000000
7805 18.782766 -97.224312 -14.042068 0.000000
8388 43.706436 -89.913239 2.940433 0.000000
8389 40.145908 -91.553474 2.940433 0.000000
8390 36.505375 -93.063698 2.950434 0.000000
8391 32.824833 -94.433899 2.950434 0.000000
9594 70.010307 -54.928085 -45.656719 0.000000
9598 66.439781 -63.979420 -38.675694 0.000000
9605 61.779091 -72.260635 -31.054571 0.000000
9606 59.758801 -72.380653 -34.545086 0.000000
9607 55.968239 -76.371246 -32.204742 0.000000
9608 56.838367 -74.420952 -35.125172 0.000000
9624 50.777477 -85.522583 -10.511547 0.000000
9625 45.566704 -88.753059 -7.031035 0.000000
9626 47.326965 -87.472878 -10.541552 0.000000
9627 48.997211 -86.052666 -14.032066 0.000000
9628 47.146938 -86.452728 -17.482573 0.000000
9629 45.226658 -86.722763 -20.903078 0.000000
9630 43.236362 -86.852783 -24.293575 0.000000
9631 30.834538 -94.883972 -7.031035 0.000000
9632 32.694817 -93.933823 -10.551554 0.000000
9633 34.495079 -92.823662 -14.042068 0.000000
9634 28.454189 -94.253876 -17.582588 0.000000
9635 32.384769 -92.973686 -17.582588 0.000000
9636 36.255337 -91.543472 -17.562586 0.000000
9637 37.925583 -90.133270 -21.003092 0.000000
9638 39.525818 -88.563042 -24.433596 0.000000
9639 41.056042 -86.852783 -27.804092 0.000000
9640 38.925732 -86.722763 -31.104578 0.000000
9641 36.715405 -86.452728 -34.355057 0.000000
9643 29.014271 -89.303146 -34.455074 0.000000
10081 68.680107 -53.967949 -48.707169 0.000000
