#!ascii label, from subject  
150
116 -14.372116 96.204163 -23.253424 0.000000
120 -44.726585 85.082527 27.644068 0.000000
121 -30.904547 95.124001 0.000000 0.000000
255 -7.251067 99.054581 -11.731727 0.000000
268 -22.873365 96.654228 -11.741728 0.000000
513 -14.312106 86.502731 -48.117085 0.000000
514 -7.631124 92.443611 -37.395504 0.000000
526 -38.325642 91.313438 14.012063 0.000000
597 -11.911754 79.271660 -59.798801 0.000000
1125 -17.832624 94.083847 -28.854248 0.000000
1126 -14.452127 92.203568 -35.945290 0.000000
1127 -11.041625 94.633934 -30.424479 0.000000
1150 -46.736877 81.762039 33.664955 0.000000
1152 -51.007507 81.762039 26.743937 0.000000
1153 -54.848072 81.231956 19.902929 0.000000
1154 -48.717171 84.812477 20.883076 0.000000
1158 -26.873957 96.084145 7.031035 0.000000
1160 -34.735111 93.523766 7.031035 0.000000
1161 -41.996185 90.493324 7.021034 0.000000
1162 -38.275635 92.403603 0.000000 0.000000
1164 -34.695107 93.613777 -5.890867 0.000000
1165 -18.672749 96.674232 -17.542583 0.000000
1166 -26.523903 94.793953 -17.692604 0.000000
1167 -22.273279 94.633934 -23.473455 0.000000
1327 -7.521107 86.602745 -49.467281 0.000000
1328 -13.141934 83.092232 -54.087959 0.000000
1611 -10.841596 97.864403 -17.532581 0.000000
1612 -7.341080 96.674232 -24.543612 0.000000
1633 -23.343437 97.254311 0.000000 0.000000
1634 -26.953966 96.134155 -5.890867 0.000000
1635 -19.302843 97.954414 -5.890867 0.000000
1636 -15.112225 98.164452 -11.781734 0.000000
2182 -17.822622 89.303146 -41.356091 0.000000
2183 -11.001619 89.693207 -42.856308 0.000000
2185 -3.970585 94.793953 -31.634657 0.000000
2222 -41.666134 88.493027 20.893076 0.000000
2223 -45.506699 87.942947 14.042068 0.000000
2229 -30.694517 94.453903 -11.781734 0.000000
3045 -16.112371 95.204018 -26.063837 0.000000
3046 -14.442126 94.413902 -29.654366 0.000000
3047 -12.711872 95.494057 -26.853952 0.000000
3070 -45.756737 83.472290 30.674513 0.000000
3071 -48.917202 81.832047 30.234451 0.000000
3072 -47.897049 83.472290 27.214006 0.000000
3073 -49.897343 83.342270 23.833508 0.000000
3074 -46.756882 85.012512 24.283573 0.000000
3078 -28.914255 95.684090 3.520518 0.000000
3079 -30.834538 94.883972 7.031035 0.000000
3080 -32.844833 94.403893 3.520518 0.000000
3081 -36.535378 93.033691 3.520518 0.000000
3082 -34.615097 93.833809 0.000000 0.000000
3083 -36.505375 93.063698 -2.950434 0.000000
3084 -32.824833 94.433899 -2.950434 0.000000
3085 -16.532433 96.504211 -20.413004 0.000000
3086 -20.483015 95.714096 -20.523022 0.000000
3087 -18.332699 95.494057 -23.383442 0.000000
3088 -20.062952 94.413902 -26.183853 0.000000
3248 -6.931021 84.872498 -52.447720 0.000000
3645 -9.051332 98.524498 -14.642156 0.000000
3646 -7.311076 98.074432 -18.172674 0.000000
3647 -5.520813 98.684525 -15.272248 0.000000
3683 -21.343142 97.664368 -2.940433 0.000000
3684 -17.482573 98.434486 -2.940433 0.000000
3686 -13.301958 98.734535 -8.831300 0.000000
3687 -11.191648 98.684525 -11.761731 0.000000
3688 -12.981912 98.074432 -14.662157 0.000000
4818 -11.051627 92.383591 -36.695400 0.000000
4819 -12.741876 91.023392 -39.435806 0.000000
4820 -9.321372 91.123413 -40.155910 0.000000
4821 -7.591117 89.723206 -43.526409 0.000000
4824 -5.660833 95.814110 -28.114140 0.000000
4916 -34.495079 92.823662 14.042068 0.000000
4918 -36.255337 91.543472 17.562586 0.000000
4919 -37.925583 90.133270 21.003092 0.000000
4920 -40.025894 89.973251 17.462572 0.000000
4921 -43.616421 88.282997 17.482573 0.000000
4922 -41.946178 89.703209 14.042068 0.000000
4924 -45.566704 88.753059 7.031035 0.000000
4935 -24.933670 96.454201 -8.821300 0.000000
4936 -28.844246 95.354042 -8.841302 0.000000
4937 -26.803947 95.634079 -11.771733 0.000000
4938 -28.294167 93.683792 -20.643040 0.000000
5422 -17.682604 86.302704 -47.346970 0.000000
5424 -17.152525 84.682465 -50.377419 0.000000
5425 -12.531845 81.231956 -56.978390 0.000000
5426 -15.952349 81.131943 -56.268284 0.000000
5427 -15.332257 79.201653 -59.118698 0.000000
6633 -19.532875 92.853668 -31.604654 0.000000
6634 -17.842627 91.913528 -35.155178 0.000000
6635 -16.162378 93.223724 -32.424774 0.000000
6636 -12.751877 93.473755 -33.204884 0.000000
6637 -9.341375 93.613777 -33.934994 0.000000
6684 -52.977795 81.562012 23.343437 0.000000
6685 -51.817631 83.072235 20.403004 0.000000
6686 -50.597450 84.492432 17.452570 0.000000
6695 -32.694817 93.933823 10.551554 0.000000
6696 -36.555382 92.493614 10.521549 0.000000
6697 -40.195915 90.973389 10.521549 0.000000
6698 -38.395653 92.083557 7.031035 0.000000
6699 -40.165913 91.523468 3.520518 0.000000
6705 -20.783060 96.724236 -14.652158 0.000000
6706 -24.713636 95.784103 -14.732169 0.000000
6707 -22.613329 95.814110 -17.632597 0.000000
6708 -24.413593 94.773956 -20.603033 0.000000
6709 -26.173853 93.613777 -23.533464 0.000000
6711 -23.993532 93.473755 -26.253862 0.000000
6712 -21.773205 93.223724 -28.954264 0.000000
6997 -10.921608 86.602745 -48.817184 0.000000
6998 -13.732021 84.852486 -51.137527 0.000000
6999 -10.341522 84.912491 -51.817631 0.000000
7000 -9.741434 83.122238 -54.758060 0.000000
7001 -9.131344 81.231956 -57.628487 0.000000
7599 -12.611857 97.094292 -20.403004 0.000000
7600 -10.861599 96.504211 -23.913521 0.000000
7601 -9.091337 97.354324 -21.053099 0.000000
7602 -5.560819 97.474350 -21.673191 0.000000
7639 -43.626419 83.342270 33.975002 0.000000
7640 -42.626274 85.012512 30.964558 0.000000
7650 -25.133701 96.744247 3.520518 0.000000
7651 -27.143997 96.264168 0.000000 0.000000
7652 -28.954264 95.684090 -2.950434 0.000000
7653 -25.163704 96.754242 -2.950434 0.000000
7654 -23.153408 97.124298 -5.890867 0.000000
7655 -21.103107 97.364334 -8.821300 0.000000
7656 -15.402267 98.644516 -5.890867 0.000000
7657 -17.222534 98.124443 -8.841302 0.000000
7658 -19.002798 97.484352 -11.771733 0.000000
7659 -16.902487 97.474350 -14.672159 0.000000
7660 -14.762173 97.354324 -17.552586 0.000000
9108 -16.082367 87.982956 -44.766590 0.000000
9109 -16.152380 90.813370 -38.675694 0.000000
9110 -14.422123 89.553185 -42.136204 0.000000
9111 -12.661863 88.152977 -45.516697 0.000000
9112 -9.271364 88.222984 -46.196800 0.000000
9115 -9.191353 95.714096 -27.504049 0.000000
9116 -7.511106 94.773956 -31.054571 0.000000
9117 -5.800854 93.683792 -34.545086 0.000000
9221 -41.056042 86.852783 27.804092 0.000000
9229 -39.525818 88.563042 24.433596 0.000000
9230 -43.236362 86.852783 24.293575 0.000000
9231 -45.226658 86.722763 20.903078 0.000000
9232 -47.146938 86.452728 17.482573 0.000000
9233 -48.997211 86.052666 14.032066 0.000000
9234 -43.786446 89.303146 10.541552 0.000000
9235 -47.326965 87.472878 10.541552 0.000000
9249 -30.854540 94.953979 -5.890867 0.000000
9250 -32.714813 94.093849 -8.841302 0.000000
9252 -28.624212 94.683937 -14.752171 0.000000
9840 -16.562437 82.962219 -53.347855 0.000000
9848 -8.371232 79.201653 -60.498909 0.000000
