#!ascii label, from subject  
71
30 -58.788658 -80.911911 0.000000 0.000000
286 -63.719379 -75.801163 -13.992060 0.000000
295 -52.397709 -84.032372 13.992060 0.000000
296 -38.325642 -91.313438 14.012063 0.000000
404 -64.089439 -75.881172 11.731727 0.000000
764 -55.708199 -82.852203 -5.880866 0.000000
766 -61.449047 -78.601570 -7.021034 0.000000
775 -55.768211 -82.722176 7.021034 0.000000
776 -49.067219 -86.862785 7.021034 0.000000
777 -52.257690 -85.272545 0.000000 0.000000
928 -60.758945 -77.191360 18.782766 0.000000
1683 -48.717171 -84.812477 20.883076 0.000000
1685 -45.506699 -87.942947 14.042068 0.000000
1686 -41.996185 -90.493324 7.021034 0.000000
1904 -61.589069 -78.581566 5.880866 0.000000
1905 -64.949562 -76.051193 0.000000 0.000000
1923 -54.848072 -81.231956 19.902929 0.000000
1924 -58.398594 -80.161804 12.901898 0.000000
2684 -57.278435 -81.932060 -2.940433 0.000000
2685 -58.608631 -80.781891 -6.450949 0.000000
2686 -60.158852 -79.821747 -3.510517 0.000000
2695 -57.318436 -81.882057 3.510517 0.000000
2696 -54.057957 -84.072372 3.510517 0.000000
2697 -55.568176 -83.162247 0.000000 0.000000
2698 -54.017948 -84.122383 -2.940433 0.000000
2848 -64.579506 -73.410805 21.053099 0.000000
3737 -60.998978 -78.111496 -13.451980 0.000000
3765 -50.597450 -84.492432 17.452570 0.000000
3766 -47.146938 -86.452728 17.482573 0.000000
3767 -48.997211 -86.052666 14.032066 0.000000
3768 -47.276958 -88.062965 3.510517 0.000000
3769 -45.566704 -88.753059 7.031035 0.000000
4184 -62.879257 -77.271378 8.811297 0.000000
4185 -64.639519 -76.091202 5.890867 0.000000
4186 -65.879692 -74.731003 8.811297 0.000000
4224 -55.978241 -79.681725 22.823359 0.000000
4225 -62.469196 -76.591278 15.272248 0.000000
4226 -59.608776 -78.731590 15.852334 0.000000
4227 -61.289021 -78.071487 12.321814 0.000000
4228 -60.038841 -79.431694 9.401383 0.000000
5183 -40.025894 -89.973251 17.462572 0.000000
5986 -56.988392 -81.652016 -9.401383 0.000000
5987 -59.858814 -79.501701 -9.961467 0.000000
5988 -62.629223 -77.261375 -10.511547 0.000000
6003 -54.127968 -83.442284 10.511547 0.000000
6004 -50.777477 -85.522583 10.511547 0.000000
6005 -52.457722 -84.862488 7.021034 0.000000
6006 -50.707470 -86.142677 3.510517 0.000000
6007 -48.867191 -87.262848 0.000000 0.000000
6254 -65.229607 -74.390945 14.642156 0.000000
6278 -58.938671 -77.671440 22.263277 0.000000
6279 -61.799099 -75.591125 21.673191 0.000000
6280 -63.559361 -75.051048 18.172674 0.000000
7769 -45.226658 -86.722763 20.903078 0.000000
7770 -43.616421 -88.282997 17.482573 0.000000
7771 -41.946178 -89.703209 14.042068 0.000000
7772 -47.326965 -87.472878 10.541552 0.000000
7773 -43.786446 -89.303146 10.541552 0.000000
7774 -40.195915 -90.973389 10.521549 0.000000
8324 -60.218868 -79.791748 2.940433 0.000000
8325 -61.919109 -78.541557 0.000000 0.000000
8326 -63.309322 -77.371391 2.940433 0.000000
8374 -51.817631 -83.072235 20.403004 0.000000
8375 -53.657898 -82.682167 16.952494 0.000000
8376 -57.838516 -79.261665 19.352850 0.000000
8377 -56.668346 -80.761887 16.412416 0.000000
8378 -55.438160 -82.152092 13.451980 0.000000
8379 -57.118408 -81.491997 9.961467 0.000000
8380 -58.718647 -80.711876 6.450949 0.000000
9459 -63.249310 -77.391396 -3.510517 0.000000
9460 -64.499496 -76.111198 -7.021034 0.000000
