#!ascii label, from subject  
83
33 58.788658 -80.911911 0.000000 0.000000
69 44.926617 -86.282700 23.253424 0.000000
193 48.157089 -79.271660 37.395504 0.000000
299 64.089439 -75.881172 -11.731727 0.000000
413 52.357708 -84.402420 11.731727 0.000000
420 59.228718 -70.240341 39.515816 0.000000
421 56.588333 -78.361534 25.713783 0.000000
779 61.589069 -78.581566 -5.880866 0.000000
929 48.757175 -85.542587 17.532581 0.000000
930 45.476696 -88.292999 11.781734 0.000000
940 46.696873 -83.052223 30.424479 0.000000
941 52.507725 -79.021629 31.634657 0.000000
942 50.887497 -82.532150 24.543612 0.000000
943 54.648045 -81.632019 18.782766 0.000000
1925 55.708199 -82.852203 5.880866 0.000000
1939 64.169449 -65.359619 40.165913 0.000000
1940 63.319317 -69.710266 33.664955 0.000000
1941 53.837925 -74.951035 38.555679 0.000000
1942 58.098553 -74.540970 32.724819 0.000000
2699 60.218868 -79.791748 -2.940433 0.000000
2701 57.318436 -81.882057 -3.510517 0.000000
2710 60.158852 -79.821747 3.510517 0.000000
2712 61.919109 -78.541557 0.000000 0.000000
2713 63.309322 -77.371391 -2.940433 0.000000
2849 46.866901 -85.962654 20.403004 0.000000
2850 45.276665 -87.432869 17.552586 0.000000
2851 43.356380 -87.792923 20.413004 0.000000
2860 45.846748 -84.732475 26.853952 0.000000
2861 48.827187 -82.842194 27.504049 0.000000
2862 47.937057 -84.462433 23.913521 0.000000
2863 49.857338 -84.102386 21.053099 0.000000
3779 65.229607 -74.390945 -14.642156 0.000000
3820 65.879692 -74.731003 -8.811297 0.000000
3822 67.059868 -73.260780 -11.761731 0.000000
3823 68.150032 -71.720558 -14.662157 0.000000
4229 54.067959 -83.682327 8.811297 0.000000
4230 52.397709 -84.982513 5.890867 0.000000
4231 50.717464 -85.752625 8.811297 0.000000
4255 59.578773 -68.010010 42.766293 0.000000
4256 62.039131 -65.559654 43.076340 0.000000
4257 61.739082 -67.839989 39.865868 0.000000
4258 63.799393 -67.589951 36.945438 0.000000
4259 61.309025 -70.020309 36.615391 0.000000
4262 51.027515 -77.161362 38.005596 0.000000
4263 54.588032 -78.741585 28.694225 0.000000
4264 55.338146 -76.831306 32.204742 0.000000
4265 57.388451 -76.511261 29.234303 0.000000
4266 60.088844 -74.210922 29.754381 0.000000
4270 53.537884 -83.082230 15.272248 0.000000
4272 55.308136 -82.412132 12.321814 0.000000
4273 56.988392 -81.652016 9.401383 0.000000
6011 62.879257 -77.271378 -8.811297 0.000000
6037 64.639519 -76.091202 -5.890867 0.000000
6281 50.587448 -85.022507 14.642156 0.000000
6282 48.957203 -86.412720 11.761731 0.000000
6283 47.146938 -86.972801 14.662157 0.000000
6299 57.058403 -70.370361 42.366238 0.000000
6300 47.466988 -81.231956 33.934994 0.000000
6301 50.367416 -79.201653 34.545086 0.000000
6302 49.637306 -81.091942 31.054571 0.000000
6303 51.737614 -80.841904 28.114140 0.000000
6304 53.767914 -80.491844 25.143700 0.000000
6305 55.658195 -80.061783 22.263277 0.000000
6306 52.797768 -82.132095 21.673191 0.000000
6307 51.737614 -83.642319 18.172674 0.000000
6930 68.540085 -62.479198 37.455513 0.000000
6931 71.200485 -59.368736 37.545528 0.000000
7325 42.926315 -86.492729 26.063837 0.000000
7344 44.626572 -83.122238 33.204884 0.000000
7345 43.816452 -84.872498 29.654366 0.000000
8381 57.278435 -81.932060 2.940433 0.000000
8382 55.568176 -83.162247 0.000000 0.000000
8383 54.017948 -84.122383 2.940433 0.000000
8418 66.209740 -65.069580 37.225479 0.000000
8422 54.378002 -72.740700 41.896168 0.000000
8423 56.568325 -72.640694 39.065750 0.000000
8424 53.217838 -77.051346 35.125172 0.000000
8425 55.998241 -74.801010 35.665249 0.000000
8426 58.708641 -72.450661 36.145321 0.000000
8427 60.748943 -72.180626 33.214890 0.000000
8428 62.709229 -71.810577 30.234451 0.000000
8437 58.608631 -80.781891 6.450949 0.000000
9705 73.740852 -56.128265 37.615540 0.000000
