#!ascii label, from subject  
85
16 -85.082527 0.000000 52.577736 0.000000
127 -94.733948 -16.252392 27.644068 0.000000
279 -91.023392 -8.221210 40.615978 0.000000
401 -91.023392 8.221210 40.615978 0.000000
544 -96.014130 0.000000 28.014122 0.000000
758 -87.872932 -11.041625 46.466839 0.000000
759 -88.322998 -4.120606 46.736877 0.000000
1195 -92.203568 -19.182823 33.664955 0.000000
1199 -95.714096 -20.122961 20.883076 0.000000
1201 -93.813812 4.130608 34.425064 0.000000
1653 -87.002808 -17.962643 45.936764 0.000000
1654 -90.333298 -15.152231 40.165913 0.000000
1655 -93.163719 -12.271806 34.235039 0.000000
1894 -84.872498 6.911017 52.457722 0.000000
1895 -88.322998 4.120606 46.736877 0.000000
1896 -87.872932 11.041625 46.466839 0.000000
1897 -90.333298 15.152231 40.165913 0.000000
2272 -91.333443 0.000000 40.745998 0.000000
2273 -93.813812 -4.130608 34.425064 0.000000
2274 -95.694084 -8.151200 27.924109 0.000000
2276 -97.684380 -4.130608 21.083103 0.000000
2277 -97.034279 -12.281808 20.893076 0.000000
2278 -97.704376 -16.102371 14.042068 0.000000
2678 -86.652756 -5.520813 49.627304 0.000000
2679 -86.772774 -2.060303 49.697315 0.000000
3115 -93.533768 -17.722610 30.674513 0.000000
3117 -94.193863 -19.762909 27.214006 0.000000
3119 -95.304031 -18.202679 24.283573 0.000000
3715 -89.513176 -9.641419 43.566414 0.000000
3716 -89.173134 -13.111930 43.346382 0.000000
3717 -90.733360 -11.701722 40.415951 0.000000
3718 -91.813507 -13.722019 37.225479 0.000000
3719 -92.173561 -10.261511 37.455513 0.000000
4162 -84.622459 10.361526 52.297695 0.000000
4163 -86.442726 8.981321 49.497284 0.000000
4164 -86.122681 12.421828 49.307259 0.000000
4166 -88.723061 16.572439 43.076340 0.000000
5040 -89.743217 6.180910 43.706436 0.000000
5041 -89.903236 2.060303 43.776443 0.000000
5042 -91.263435 4.120606 40.715992 0.000000
5043 -94.983986 2.060303 31.244600 0.000000
5044 -93.893822 0.000000 34.455074 0.000000
5045 -94.983986 -2.060303 31.244600 0.000000
5046 -94.823959 -6.140904 31.194590 0.000000
5047 -95.934128 -4.080601 27.994122 0.000000
5054 -97.434341 -8.211208 21.003092 0.000000
5055 -97.944420 -10.261511 17.462572 0.000000
5056 -97.444344 -14.202091 17.482573 0.000000
5057 -98.274460 -12.181792 14.042068 0.000000
5974 -88.152977 -7.591117 46.626862 0.000000
5975 -89.743217 -6.180910 43.706436 0.000000
6759 -90.763359 -20.613035 36.615391 0.000000
6768 -92.173561 10.261511 37.455513 0.000000
6769 -92.493614 6.180910 37.545528 0.000000
7696 -86.422714 -21.363144 45.576710 0.000000
7697 -88.172981 -20.002945 42.766293 0.000000
7698 -87.492882 -14.512136 46.226803 0.000000
7699 -88.723061 -16.572439 43.076340 0.000000
7700 -89.823227 -18.592737 39.865868 0.000000
7701 -91.343437 -17.182529 36.945438 0.000000
7702 -92.743645 -15.742317 33.975002 0.000000
7703 -94.023842 -14.272101 30.964558 0.000000
8296 -85.022507 3.460510 52.547733 0.000000
8297 -86.772774 2.060303 49.697315 0.000000
8298 -86.652756 5.520813 49.627304 0.000000
8299 -88.152977 7.591117 46.626862 0.000000
8300 -89.513176 9.641419 43.566414 0.000000
8301 -87.492882 14.512136 46.226803 0.000000
8302 -89.173134 13.111930 43.346382 0.000000
8303 -90.733360 11.701722 40.415951 0.000000
9376 -88.403015 0.000000 46.776886 0.000000
9377 -89.903236 -2.060303 43.776443 0.000000
9378 -91.263435 -4.120606 40.715992 0.000000
9379 -92.643631 2.060303 37.615540 0.000000
9380 -92.643631 -2.060303 37.615540 0.000000
9381 -92.493614 -6.180910 37.545528 0.000000
9382 -93.573769 -8.211208 34.355057 0.000000
9383 -94.503906 -10.221505 31.104578 0.000000
9384 -95.294029 -12.211798 27.804092 0.000000
9390 -96.924271 -2.070305 24.573616 0.000000
9391 -96.764244 -6.150906 24.523609 0.000000
9392 -96.444199 -10.221505 24.433596 0.000000
9393 -95.964134 -14.272101 24.293575 0.000000
9394 -96.454201 -16.212387 20.903078 0.000000
9395 -96.794250 -18.122667 17.482573 0.000000
