#!ascii label, from subject  
223
72 50.147381 -70.210342 50.577446 0.000000
97 -59.728790 -43.396389 67.469933 0.000000
101 22.813358 -70.210342 67.469933 0.000000
104 -36.185326 -58.788658 72.370651 0.000000
221 -64.069435 -30.134436 70.640404 0.000000
233 -48.457134 -51.617599 70.640404 0.000000
466 -75.231079 -22.013241 62.109142 0.000000
467 -77.031342 -8.221210 63.259312 0.000000
479 -21.013094 -64.669525 73.340790 0.000000
491 47.927055 -62.029129 62.109142 0.000000
492 36.955441 -71.140480 59.798801 0.000000
937 55.238129 -65.609657 51.447575 0.000000
1017 -65.939705 -39.745850 63.839397 0.000000
1018 -65.749680 -23.253424 71.690552 0.000000
1019 -69.880287 -26.163849 66.599800 0.000000
1020 -71.350510 -19.182823 67.409927 0.000000
1021 -76.321243 -15.152231 62.839252 0.000000
1022 -72.280640 -12.271806 68.020012 0.000000
1037 24.203564 -74.480965 62.209156 0.000000
1039 17.422565 -74.991043 63.839397 0.000000
1041 3.280483 -74.540970 66.599800 0.000000
1042 -3.800559 -73.780861 67.409927 0.000000
1044 -10.661570 -72.540680 68.020012 0.000000
1048 -30.864544 -55.248131 77.441399 0.000000
1050 -28.694225 -61.929115 73.100754 0.000000
1051 -26.403887 -67.909996 68.520088 0.000000
1052 -34.015007 -64.949562 68.020012 0.000000
1054 -40.285931 -61.929115 67.409927 0.000000
1055 -54.227985 -47.627014 69.230194 0.000000
1056 -52.477722 -54.518024 65.389633 0.000000
1077 28.544203 -66.289757 69.230194 0.000000
1078 35.635246 -66.759827 65.389633 0.000000
1079 29.984415 -70.910439 63.839397 0.000000
1080 31.294607 -74.951035 58.358593 0.000000
1498 44.816597 -74.480965 49.467281 0.000000
1546 -55.808220 -40.545971 72.410652 0.000000
1547 -62.059139 -36.855423 69.230194 0.000000
1548 -58.028542 -33.924992 74.060898 0.000000
1560 15.872337 -70.410370 69.230194 0.000000
1568 -38.135616 -52.257690 76.271233 0.000000
1569 -42.426243 -55.348145 71.690552 0.000000
1570 -44.256516 -48.627155 75.361092 0.000000
1571 -50.197392 -44.706581 74.060898 0.000000
2046 -68.070015 -33.064865 65.389633 0.000000
2047 -73.670837 -28.994268 61.118996 0.000000
2048 -78.741585 -24.733641 56.488319 0.000000
2049 -80.001778 -17.962643 57.278435 0.000000
2050 -80.861900 -11.041625 57.818512 0.000000
2074 10.411532 -74.951035 65.389633 0.000000
2086 -18.552731 -70.460373 68.520088 0.000000
2092 -46.476841 -58.378593 66.599800 0.000000
2119 49.157234 -66.289757 56.488319 0.000000
2120 41.156059 -62.239166 66.599800 0.000000
2121 42.556263 -66.759827 61.118996 0.000000
2122 43.696430 -70.910439 55.368153 0.000000
2123 38.205624 -74.951035 54.087959 0.000000
2857 52.717762 -67.950005 51.047516 0.000000
2935 -61.579063 -44.736584 64.879555 0.000000
2937 -62.879257 -41.606129 65.709671 0.000000
2938 -66.459778 -19.762909 72.080612 0.000000
2939 -68.600098 -21.233126 69.610245 0.000000
2940 -69.260193 -17.722610 69.940292 0.000000
2941 -71.860573 -15.742317 67.759972 0.000000
2942 -69.740273 -14.272101 70.250343 0.000000
2957 23.523462 -72.390656 64.879555 0.000000
2958 20.823065 -74.781006 63.059284 0.000000
2959 20.132963 -72.660690 65.709671 0.000000
2961 -1.010149 -71.810577 69.610245 0.000000
2962 -4.540668 -71.350510 69.940292 0.000000
2963 -7.241066 -73.210777 67.759972 0.000000
2964 -7.981175 -70.740417 70.250343 0.000000
2968 -33.554939 -57.068398 74.971031 0.000000
2969 -29.804388 -58.638634 75.341095 0.000000
2970 -32.464783 -60.408890 72.800720 0.000000
2971 -31.374617 -63.489349 70.620399 0.000000
2972 -35.125172 -61.919109 70.250343 0.000000
2973 -37.175472 -63.479347 67.759972 0.000000
2974 -38.265636 -60.398895 69.940292 0.000000
2975 -57.018394 -45.536701 68.400070 0.000000
2976 -56.238281 -49.057220 66.579803 0.000000
2977 -58.998688 -46.946911 65.709671 0.000000
2997 25.693783 -68.300056 68.400070 0.000000
2998 29.284311 -68.650108 66.579803 0.000000
2999 26.423889 -70.620399 65.709671 0.000000
3000 27.113993 -72.740700 63.059284 0.000000
3457 42.066193 -76.481262 48.817184 0.000000
3535 -53.747913 -39.055748 74.761002 0.000000
3536 -56.958389 -37.265484 73.280785 0.000000
3537 -54.868076 -35.745262 75.591125 0.000000
3572 -39.025745 -48.867191 78.051491 0.000000
3573 -41.226070 -50.477432 75.861168 0.000000
3574 -42.086197 -47.046925 77.581421 0.000000
3576 -48.057076 -43.166355 76.361237 0.000000
3577 -50.947502 -41.136055 75.591125 0.000000
3578 -53.037811 -42.656277 73.280785 0.000000
4488 -63.099293 -33.514931 69.980301 0.000000
4489 -65.119583 -34.985149 67.369919 0.000000
4490 -66.109734 -31.614655 68.060013 0.000000
4491 -72.620689 -24.103548 64.409485 0.000000
4492 -71.820572 -27.594063 63.899406 0.000000
4493 -74.500961 -25.523758 61.649075 0.000000
4494 -76.261223 -26.883957 58.848663 0.000000
4495 -77.041336 -23.393442 59.338734 0.000000
4496 -79.421684 -21.363144 56.918381 0.000000
4497 -77.681435 -20.002945 59.738792 0.000000
4498 -76.721291 -11.701722 63.079285 0.000000
4499 -78.651581 -13.111930 60.378887 0.000000
4500 -79.001625 -9.641419 60.578918 0.000000
4501 -81.131943 -7.591117 57.988537 0.000000
4502 -79.231667 -6.180910 60.718937 0.000000
4524 -79.361679 2.060303 60.828953 0.000000
4555 12.371821 -70.370361 69.980301 0.000000
4556 13.151937 -72.740700 67.369919 0.000000
4557 9.641419 -72.640694 68.060013 0.000000
4586 -15.882339 -68.770126 70.860435 0.000000
4587 -19.802914 -67.619957 70.990456 0.000000
4600 -45.466690 -53.517876 71.210487 0.000000
4601 -44.476547 -56.898376 69.190186 0.000000
4602 -47.506992 -55.048103 68.680107 0.000000
4664 51.087521 -61.839104 59.738792 0.000000
4665 51.697609 -63.959415 56.918381 0.000000
4666 48.577148 -64.209457 59.338734 0.000000
4670 36.315342 -68.990158 62.639217 0.000000
4671 39.125759 -66.819832 63.309322 0.000000
4672 39.785854 -68.990158 60.498909 0.000000
4673 43.156349 -68.880142 58.278580 0.000000
4674 40.355938 -71.080460 57.628487 0.000000
4675 40.976032 -72.970741 54.758060 0.000000
4676 37.605534 -73.090752 56.978390 0.000000
4677 28.404182 -76.721291 57.538467 0.000000
4678 31.904697 -76.851318 55.488163 0.000000
6438 -64.949562 -26.703930 71.210487 0.000000
6439 -67.029861 -28.164146 68.680107 0.000000
6440 -67.859985 -24.723639 69.190186 0.000000
6441 -70.660400 -22.683340 67.049873 0.000000
6442 -73.340790 -20.613035 64.799538 0.000000
6443 -75.821159 -18.592737 62.509201 0.000000
6444 -73.890877 -17.182529 65.179596 0.000000
6445 -74.350945 -13.722019 65.469635 0.000000
6446 -74.721001 -10.261511 65.689667 0.000000
6479 6.080895 -72.450661 68.680107 0.000000
6480 2.540374 -72.180626 69.190186 0.000000
6481 -0.260038 -74.210922 67.049873 0.000000
6495 -25.993826 -60.118855 75.581123 0.000000
6496 -24.873661 -63.349331 73.280785 0.000000
6497 -23.723494 -66.339760 70.990456 0.000000
6498 -27.574059 -64.969574 70.860435 0.000000
6499 -30.234451 -66.489784 68.330055 0.000000
6505 -51.377567 -49.657307 69.980301 0.000000
6506 -50.497433 -53.107819 68.060013 0.000000
6507 -53.397865 -51.117527 67.369919 0.000000
6546 34.895138 -64.439484 68.060013 0.000000
6547 32.114727 -66.579803 67.369919 0.000000
6548 32.824833 -68.880142 64.659523 0.000000
6549 33.494930 -71.080460 61.869106 0.000000
6550 34.145027 -73.090752 59.118698 0.000000
6551 30.654512 -72.970741 61.138996 0.000000
6552 27.774088 -74.781006 60.328884 0.000000
7336 47.506992 -72.390656 50.047367 0.000000
7338 47.096931 -74.781006 46.826893 0.000000
7444 -57.808510 -41.996185 69.980301 0.000000
7445 -60.928967 -40.155910 68.400070 0.000000
7446 -58.978680 -38.735706 70.880440 0.000000
7447 -60.078846 -35.415215 71.690552 0.000000
7448 -61.098995 -32.054718 72.410652 0.000000
7451 -62.039131 -28.614212 73.050751 0.000000
7452 -62.889256 -25.173708 73.580833 0.000000
7475 22.083250 -67.950005 69.980301 0.000000
7476 19.362850 -70.360359 68.400070 0.000000
7477 18.612740 -68.060013 70.880440 0.000000
7495 -34.525082 -53.797916 76.921326 0.000000
7496 -37.185474 -55.568176 74.380951 0.000000
7497 -39.335789 -57.098408 72.080612 0.000000
7498 -40.305931 -53.837925 74.030891 0.000000
7499 -43.376385 -52.027660 73.580833 0.000000
7500 -46.386829 -50.157383 73.050751 0.000000
7501 -45.096638 -45.136646 77.021339 0.000000
7502 -47.256958 -46.696873 74.761002 0.000000
7503 -49.367268 -48.197098 72.410652 0.000000
7504 -52.247692 -46.196800 71.690552 0.000000
7505 -55.068104 -44.126495 70.880440 0.000000
8706 -64.039429 -38.325642 66.579803 0.000000
8707 -67.049873 -36.425362 64.659523 0.000000
8708 -69.940292 -34.465073 62.639217 0.000000
8709 -69.020164 -29.634361 66.039719 0.000000
8710 -70.930450 -31.054571 63.309322 0.000000
8711 -72.740700 -32.434776 60.498909 0.000000
8712 -75.401100 -30.354469 58.278580 0.000000
8713 -77.931473 -28.224155 55.968239 0.000000
8714 -80.341827 -26.053837 53.567886 0.000000
8715 -81.061935 -22.693340 54.017948 0.000000
8716 -81.682022 -19.302843 54.398006 0.000000
8717 -82.192101 -15.892339 54.718052 0.000000
8718 -78.211510 -16.572439 60.098846 0.000000
8719 -80.481850 -14.512136 57.578476 0.000000
8720 -82.612160 -12.421828 54.988094 0.000000
8743 -72.570679 -8.211208 68.330055 0.000000
8744 -74.951035 -6.180910 65.939705 0.000000
8747 -77.231369 -4.120606 63.419338 0.000000
8748 -79.361679 -2.060303 60.828953 0.000000
8788 16.662453 -72.750710 66.579803 0.000000
8789 13.922050 -75.021042 64.659523 0.000000
8791 6.851008 -74.801010 66.039719 0.000000
8824 -11.931757 -69.810280 70.620399 0.000000
8825 -14.622152 -71.560539 68.330055 0.000000
8827 -22.493313 -69.240196 68.570091 0.000000
8842 -41.396091 -58.688637 69.610245 0.000000
8843 -43.406387 -60.188866 67.049873 0.000000
8845 -49.507286 -56.488319 66.039719 0.000000
8922 52.237690 -65.999710 54.017948 0.000000
8923 49.687313 -68.300056 53.567886 0.000000
8926 44.576561 -62.189156 64.409485 0.000000
8927 38.425659 -64.539497 66.039719 0.000000
8928 41.886166 -64.539497 63.899406 0.000000
8929 45.266666 -64.439484 61.649075 0.000000
8930 45.896755 -66.579803 58.848663 0.000000
8931 46.456841 -68.650108 55.968239 0.000000
8932 46.956913 -70.620399 53.017803 0.000000
8933 44.276520 -72.740700 52.447720 0.000000
8934 41.546116 -74.781006 51.817631 0.000000
8935 38.765709 -76.721291 51.137527 0.000000
8936 34.775120 -75.011040 56.268284 0.000000
8937 35.365208 -76.851318 53.347855 0.000000
