#!ascii label, from subject  
97
91 59.728790 -43.396389 -67.469933 0.000000
138 51.287548 -69.390213 -50.577446 0.000000
346 39.165764 -75.881172 -52.077667 0.000000
347 44.186504 -64.749535 -62.109142 0.000000
625 56.238281 -57.138416 -59.798801 0.000000
826 32.804829 -78.581566 -52.457722 0.000000
827 35.485222 -73.490814 -57.818512 0.000000
1396 56.988392 -65.639656 -49.467281 0.000000
1397 59.478752 -59.498760 -54.087959 0.000000
1398 53.937943 -63.469341 -55.368153 0.000000
1400 46.476841 -58.378593 -66.599800 0.000000
1774 45.326672 -72.810715 -51.447575 0.000000
1775 47.857048 -67.239891 -56.488319 0.000000
1776 41.806156 -70.530388 -57.278435 0.000000
1777 37.995594 -67.899994 -62.839252 0.000000
2352 50.017365 -73.900879 -45.166649 0.000000
2353 43.966473 -77.191360 -45.936764 0.000000
2354 37.655544 -80.161804 -46.466839 0.000000
2355 31.214594 -82.722176 -46.736877 0.000000
2510 61.609066 -52.917789 -58.358593 0.000000
2511 58.168564 -50.427422 -63.839397 0.000000
2512 50.347416 -61.098995 -61.118996 0.000000
2513 52.477722 -54.518024 -65.389633 0.000000
2514 54.227985 -47.627014 -69.230194 0.000000
2911 57.808510 -41.996185 -69.980301 0.000000
3316 54.167973 -67.549942 -50.047367 0.000000
3317 55.498169 -64.589508 -52.447720 0.000000
3318 52.647755 -66.479782 -53.017803 0.000000
3916 42.266220 -74.390945 -51.797626 0.000000
3917 43.596416 -71.720558 -54.398006 0.000000
3918 40.515961 -73.260780 -54.718052 0.000000
3920 36.775414 -70.750420 -60.378887 0.000000
5235 47.026924 -75.591125 -45.576710 0.000000
5236 46.266808 -77.671440 -42.766293 0.000000
5238 40.025894 -80.761887 -43.346382 0.000000
5239 36.825420 -82.152092 -43.566414 0.000000
5240 34.455074 -81.491997 -46.626862 0.000000
5241 33.614948 -83.442284 -43.706436 0.000000
5629 57.888523 -58.348591 -56.978390 0.000000
5630 60.588917 -56.258282 -56.268284 0.000000
5631 58.958679 -55.058105 -59.118698 0.000000
5632 59.928825 -51.707611 -61.138996 0.000000
5633 57.248425 -53.827927 -61.869106 0.000000
5634 46.046776 -66.039719 -59.338734 0.000000
5635 49.137230 -64.219452 -58.848663 0.000000
5636 47.296963 -62.969269 -61.649075 0.000000
5638 49.507286 -56.488319 -66.039719 0.000000
5640 53.397865 -51.117527 -67.369919 0.000000
6094 36.005299 -77.271378 -52.297695 0.000000
6095 37.345497 -74.731003 -54.988094 0.000000
6096 34.175030 -76.091202 -55.178120 0.000000
7120 59.738792 -63.639370 -48.817184 0.000000
7121 60.988976 -60.568916 -51.137527 0.000000
7122 58.278580 -62.619217 -51.817631 0.000000
7123 56.738354 -61.519058 -54.758060 0.000000
7124 55.128113 -60.348885 -57.628487 0.000000
7125 42.266220 -63.379333 -64.799538 0.000000
7126 45.366680 -61.619072 -64.409485 0.000000
7127 43.406387 -60.188866 -67.049873 0.000000
7411 61.579063 -44.736584 -64.879555 0.000000
7978 48.337116 -71.140480 -51.047516 0.000000
7979 49.597301 -68.360062 -53.567886 0.000000
7980 46.626862 -70.080315 -54.017948 0.000000
7981 44.856606 -68.930145 -56.918381 0.000000
7982 43.026333 -67.699966 -59.738792 0.000000
7983 38.665691 -72.060608 -57.578476 0.000000
7984 39.925877 -69.260193 -60.098846 0.000000
7985 41.116055 -66.369774 -62.509201 0.000000
7986 39.175766 -64.969574 -65.179596 0.000000
9602 56.568325 -67.899994 -46.826893 0.000000
9603 53.727905 -69.790276 -47.396976 0.000000
9611 53.087814 -72.030602 -44.676579 0.000000
9612 50.687462 -71.690552 -47.907055 0.000000
9613 47.717026 -73.410805 -48.347118 0.000000
9614 44.676579 -75.051048 -48.727169 0.000000
9615 41.596123 -76.591278 -49.047218 0.000000
9616 43.176353 -79.261665 -43.076340 0.000000
9617 40.836014 -78.731590 -46.226803 0.000000
9618 38.435658 -78.071487 -49.307259 0.000000
9619 35.255188 -79.431694 -49.497284 0.000000
9620 32.034718 -80.711876 -49.627304 0.000000
9646 29.744379 -84.862488 -43.776443 0.000000
10084 62.159153 -57.378448 -53.347855 0.000000
10085 63.229309 -54.087959 -55.488163 0.000000
10086 64.189445 -50.717464 -57.538467 0.000000
10087 62.539204 -49.517288 -60.328884 0.000000
10088 60.798950 -48.257103 -63.059284 0.000000
10089 58.998688 -46.946911 -65.709671 0.000000
10090 50.927494 -65.399628 -55.968239 0.000000
10091 52.167679 -62.329174 -58.278580 0.000000
10092 53.327854 -59.158707 -60.498909 0.000000
10093 48.437130 -59.778801 -63.899406 0.000000
10094 51.457577 -57.858517 -63.309322 0.000000
10095 54.398006 -55.858219 -62.639217 0.000000
10096 55.358147 -52.507725 -64.659523 0.000000
10097 56.238281 -49.057220 -66.579803 0.000000
10098 57.018394 -45.536701 -68.400070 0.000000
