#!ascii label, from subject  
82
96 22.813358 70.210342 67.469933 0.000000
109 44.726585 52.577736 72.370651 0.000000
219 19.722902 60.688934 77.011337 0.000000
241 34.125023 62.029129 70.640404 0.000000
493 36.955441 71.140480 59.798801 0.000000
698 12.671865 60.578918 78.561562 0.000000
721 25.363733 56.458309 78.561562 0.000000
1010 15.872337 70.410370 69.230194 0.000000
1081 31.294607 74.951035 58.358593 0.000000
1082 29.984415 70.910439 63.839397 0.000000
1083 39.525818 57.458458 71.690552 0.000000
1084 41.156059 62.239166 66.599800 0.000000
1085 46.446835 57.458458 67.409927 0.000000
1544 14.332109 65.669670 74.060898 0.000000
1545 21.313137 65.609657 72.410652 0.000000
1585 28.544203 66.289757 69.230194 0.000000
1586 27.003977 61.559055 74.060898 0.000000
1587 32.574795 57.118408 75.361092 0.000000
1588 37.915581 52.417717 76.271233 0.000000
2128 35.635246 66.759827 65.389633 0.000000
2129 42.556263 66.759827 61.118996 0.000000
2930 19.362850 70.360359 68.400070 0.000000
2932 20.132963 72.660690 65.709671 0.000000
2934 23.523462 72.390656 64.879555 0.000000
3001 27.113993 72.740700 63.059284 0.000000
3002 26.423889 70.620399 65.709671 0.000000
3003 42.156208 55.048103 72.080612 0.000000
3004 43.026333 57.498463 69.610245 0.000000
3005 45.616714 55.048103 69.940292 0.000000
3530 16.202385 60.678932 77.841461 0.000000
3531 13.511990 63.169304 76.361237 0.000000
3532 17.042507 63.229309 75.591125 0.000000
3533 17.832624 65.679665 73.280785 0.000000
3534 20.533024 63.189301 74.761002 0.000000
3601 24.173559 63.619366 73.280785 0.000000
3602 23.383442 61.169003 75.591125 0.000000
3604 28.994268 56.838367 77.021339 0.000000
3605 31.744675 54.558029 77.581421 0.000000
3606 35.265194 54.808067 75.861168 0.000000
3607 34.415066 52.217686 78.051491 0.000000
4683 34.145027 73.090752 59.118698 0.000000
4684 34.775120 75.011040 56.268284 0.000000
4685 37.605534 73.090752 56.978390 0.000000
4687 40.355938 71.080460 57.628487 0.000000
4688 31.354614 64.209457 69.980301 0.000000
4689 32.114727 66.579803 67.369919 0.000000
4690 34.895138 64.439484 68.060013 0.000000
4691 44.576561 62.189156 64.409485 0.000000
4692 41.886166 64.539497 63.899406 0.000000
4693 45.266666 64.439484 61.649075 0.000000
5865 18.882780 58.118557 79.171654 0.000000
5905 22.553322 58.618626 77.841461 0.000000
6554 27.774088 74.781006 60.328884 0.000000
6555 30.654512 72.970741 61.138996 0.000000
6556 33.494930 71.080460 61.869106 0.000000
6557 36.845425 59.778801 71.210487 0.000000
6558 37.675549 62.189156 68.680107 0.000000
6559 40.365944 59.888817 69.190186 0.000000
6560 43.826450 59.888817 67.049873 0.000000
6561 47.216949 59.778801 64.799538 0.000000
7441 15.112225 68.080025 71.690552 0.000000
7442 18.612740 68.060013 70.880440 0.000000
7443 22.083250 67.950005 69.980301 0.000000
7537 25.693783 68.300056 68.400070 0.000000
7538 24.953674 65.999710 70.880440 0.000000
7539 27.794092 63.959415 71.690552 0.000000
7540 30.584501 61.839104 72.410652 0.000000
7541 26.193857 59.038692 76.361237 0.000000
7542 29.804388 59.378738 74.761002 0.000000
7543 33.364910 59.618774 73.050751 0.000000
7544 36.075310 57.328438 73.580833 0.000000
7545 38.745705 54.968090 74.030891 0.000000
7546 41.356091 52.537735 74.380951 0.000000
8944 31.904697 76.851318 55.488163 0.000000
8945 35.365208 76.851318 53.347855 0.000000
8950 29.284311 68.650108 66.579803 0.000000
8951 32.824833 68.880142 64.659523 0.000000
8952 36.315342 68.990158 62.639217 0.000000
8953 38.425659 64.539497 66.039719 0.000000
8954 39.125759 66.819832 63.309322 0.000000
8955 39.785854 68.990158 60.498909 0.000000
8956 43.156349 68.880142 58.278580 0.000000
