#!ascii label, from subject  
173
21 68.830132 50.007362 52.577736 0.000000
53 67.089867 68.830132 27.644068 0.000000
54 50.147381 70.210342 50.577446 0.000000
172 36.635391 86.502731 34.315052 0.000000
173 48.157089 79.271660 37.395504 0.000000
250 68.810135 60.158852 40.615978 0.000000
385 59.228718 70.240341 39.515816 0.000000
386 60.058842 60.688934 52.077667 0.000000
495 57.488464 51.937645 63.259312 0.000000
498 67.159889 38.625687 63.259312 0.000000
653 38.075603 82.722176 41.356091 0.000000
730 69.030159 55.258133 46.736877 0.000000
880 49.317257 74.991043 44.136497 0.000000
881 53.837925 74.951035 38.555679 0.000000
882 54.828072 70.410370 45.166649 0.000000
883 59.828812 65.669670 45.936764 0.000000
884 55.238129 65.609657 51.447575 0.000000
1093 59.618774 33.234890 73.100754 0.000000
1094 61.279018 39.415802 68.520088 0.000000
1095 65.699677 32.554794 68.020012 0.000000
1096 70.650398 32.594799 62.839252 0.000000
1097 68.990158 26.423889 67.409927 0.000000
1110 65.609657 72.540680 20.883076 0.000000
1112 71.280495 66.969856 20.893076 0.000000
1464 42.496254 83.092232 35.945290 0.000000
1465 43.826450 79.031631 42.856308 0.000000
1466 44.816597 74.480965 49.467281 0.000000
1602 68.160034 64.689522 34.235039 0.000000
1603 72.620689 62.839252 27.924109 0.000000
1604 73.470818 58.478607 34.425064 0.000000
1856 61.999123 73.780861 26.743937 0.000000
1857 52.507725 79.021629 31.634657 0.000000
1858 58.098553 74.540970 32.724819 0.000000
1859 63.319317 69.710266 33.664955 0.000000
1860 64.169449 65.359619 40.165913 0.000000
1861 64.599510 60.578918 46.466839 0.000000
1862 64.599510 55.478168 52.457722 0.000000
2131 54.167973 61.559055 57.278435 0.000000
2132 58.928677 56.458309 57.818512 0.000000
2133 63.349331 51.127529 58.098553 0.000000
2140 56.428303 46.096786 68.520088 0.000000
2141 62.529202 45.436687 63.469341 0.000000
2142 68.200043 44.456543 58.098553 0.000000
2143 71.910583 38.595680 57.818512 0.000000
2650 68.980156 52.667751 49.697315 0.000000
2800 49.767323 72.660690 47.396976 0.000000
2801 52.107674 72.750710 44.676579 0.000000
2802 52.517731 70.360359 47.907055 0.000000
2803 55.078106 68.060013 48.347118 0.000000
2804 52.717762 67.950005 51.047516 0.000000
3014 62.709229 32.924847 70.620399 0.000000
3015 64.809540 29.444334 70.250343 0.000000
3016 67.389915 29.504341 67.759972 0.000000
3017 66.449776 26.373882 69.940292 0.000000
3030 66.399773 70.740417 24.283573 0.000000
3031 68.500084 69.810280 20.903078 0.000000
3032 69.240196 67.959999 24.293575 0.000000
3399 39.595829 84.852486 35.155178 0.000000
3400 38.705700 80.621872 44.766590 0.000000
3401 40.976032 80.921906 42.136204 0.000000
3402 41.566120 78.761597 45.516697 0.000000
3403 44.356533 76.821312 46.196800 0.000000
3408 32.854836 87.982956 34.405067 0.000000
3630 68.540085 62.479198 37.455513 0.000000
3631 70.870430 61.639072 34.355057 0.000000
3632 71.200485 59.368736 37.545528 0.000000
4078 61.199009 75.581123 23.343437 0.000000
4079 59.328735 76.121208 26.243862 0.000000
4080 47.466988 81.231956 33.934994 0.000000
4081 49.637306 81.091942 31.054571 0.000000
4082 50.367416 79.201653 34.545086 0.000000
4083 56.568325 72.640694 39.065750 0.000000
4084 55.998241 74.801010 35.665249 0.000000
4085 58.708641 72.450661 36.145321 0.000000
4086 60.748943 72.180626 33.214890 0.000000
4087 61.309025 70.020309 36.615391 0.000000
4088 63.799393 67.589951 36.945438 0.000000
4089 61.739082 67.839989 39.865868 0.000000
4090 59.988831 63.229309 49.047218 0.000000
4091 62.259163 63.169304 46.226803 0.000000
4092 62.369183 60.678932 49.307259 0.000000
4093 64.649513 58.078548 49.497284 0.000000
4094 62.369183 58.118557 52.297695 0.000000
4698 55.198128 54.558029 63.079285 0.000000
4699 55.928230 56.838367 60.378887 0.000000
4700 58.248577 54.227985 60.578918 0.000000
4701 61.179005 53.827927 57.988537 0.000000
4702 60.468903 51.567593 60.718937 0.000000
4720 55.758209 43.066338 70.990456 0.000000
4721 64.269463 39.055748 65.939705 0.000000
4722 61.949120 42.456245 66.049721 0.000000
4723 64.899551 42.066193 63.419338 0.000000
4724 65.419632 44.976624 60.828953 0.000000
4725 67.729973 41.566120 60.718937 0.000000
4726 70.100327 41.546116 57.988537 0.000000
4727 69.580238 38.635689 60.578918 0.000000
4728 72.270630 29.524345 62.509201 0.000000
4729 73.010750 32.564796 60.098846 0.000000
4730 74.600975 29.474339 59.738792 0.000000
5782 34.445068 86.302704 36.985443 0.000000
5783 37.385506 84.682465 37.865574 0.000000
5784 35.165176 84.412430 40.505962 0.000000
5785 35.825272 82.382126 43.966473 0.000000
5922 68.970154 57.748501 43.706436 0.000000
5923 71.410515 56.968384 40.715992 0.000000
6192 48.777176 77.191360 40.796005 0.000000
6193 51.027515 77.161362 38.005596 0.000000
6194 51.607594 75.021042 41.376095 0.000000
6195 54.378002 72.740700 41.896168 0.000000
6196 57.058403 70.370361 42.366238 0.000000
6197 59.578773 68.010010 42.766293 0.000000
6198 57.358440 68.080025 45.576710 0.000000
6199 57.568474 65.679665 48.727169 0.000000
6200 57.678490 63.189301 51.797626 0.000000
6565 54.418011 52.217686 65.689667 0.000000
6575 57.358440 36.635391 73.280785 0.000000
6576 58.188564 39.725845 70.990456 0.000000
6577 60.488903 36.355350 70.860435 0.000000
6578 63.539352 36.015301 68.330055 0.000000
6579 66.479782 35.615242 65.689667 0.000000
6580 68.950150 35.635246 63.079285 0.000000
6581 68.220039 32.594799 65.469635 0.000000
6582 69.880287 29.534348 65.179596 0.000000
6608 67.649956 71.560539 17.482573 0.000000
6609 70.490379 68.770126 17.482573 0.000000
7255 44.626572 83.122238 33.204884 0.000000
7256 45.356674 81.231956 36.695400 0.000000
7257 40.315937 82.962219 38.675694 0.000000
7258 43.196358 81.131943 39.435806 0.000000
7259 46.016773 79.201653 40.155910 0.000000
7260 46.596859 77.051346 43.526409 0.000000
7261 47.096931 74.781006 46.826893 0.000000
7262 47.506992 72.390656 50.047367 0.000000
7578 67.679962 66.809830 30.964558 0.000000
7579 69.920296 65.889694 27.804092 0.000000
7580 70.450371 63.819397 31.104578 0.000000
7581 73.100754 60.708939 31.194590 0.000000
8191 63.839397 73.210777 23.833508 0.000000
8192 64.589508 71.350510 27.214006 0.000000
8195 54.588032 78.741585 28.694225 0.000000
8196 53.217838 77.051346 35.125172 0.000000
8197 55.338146 76.831306 32.204742 0.000000
8198 57.388451 76.511261 29.234303 0.000000
8199 60.088844 74.210922 29.754381 0.000000
8200 62.709229 71.810577 30.234451 0.000000
8201 65.249611 69.320198 30.674513 0.000000
8202 65.779678 67.239891 33.975002 0.000000
8203 66.209740 65.069580 37.225479 0.000000
8204 66.529793 62.799244 40.415951 0.000000
8205 62.039131 65.559654 43.076340 0.000000
8206 64.439484 63.019279 43.346382 0.000000
8207 66.749825 60.408890 43.566414 0.000000
8208 66.859840 57.948528 46.626862 0.000000
8209 66.859840 55.408157 49.627304 0.000000
8210 66.749825 52.777771 52.547733 0.000000
8959 52.237690 65.999710 54.017948 0.000000
8960 54.738056 63.619366 54.398006 0.000000
8961 57.158417 61.169003 54.718052 0.000000
8963 56.578327 59.038692 57.578476 0.000000
8964 59.528763 58.618626 54.988094 0.000000
8965 61.809093 56.018250 55.178120 0.000000
8966 64.019424 53.337849 55.308136 0.000000
8967 66.139732 50.607449 55.378147 0.000000
8987 53.887932 49.297256 68.330055 0.000000
8988 56.998386 49.057220 65.939705 0.000000
8989 58.898674 42.796295 68.570091 0.000000
8990 59.528763 45.796738 66.049721 0.000000
8991 60.058842 48.727169 63.419338 0.000000
8992 62.989277 48.317112 60.828953 0.000000
8993 65.829689 47.827042 58.148560 0.000000
8994 68.570091 47.266960 55.378147 0.000000
8998 71.340500 35.625248 60.378887 0.000000
9060 72.010597 64.959564 24.433596 0.000000
