#!ascii label, from subject  
47
130 -44.926617 -86.282700 -23.253424 0.000000
285 -56.588333 -78.361534 -25.713783 0.000000
1216 -46.696873 -83.052223 -30.424479 0.000000
1217 -61.999123 -73.780861 -26.743937 0.000000
1251 -19.212830 -97.904411 7.021034 0.000000
1252 -23.343437 -97.254311 0.000000 0.000000
1254 -26.953966 -96.134155 -5.890867 0.000000
1255 -41.726143 -89.183136 -17.542583 0.000000
1256 -34.265041 -92.283585 -17.692604 0.000000
1665 -50.887497 -82.532150 -24.543612 0.000000
2295 -52.507725 -79.021629 -31.634657 0.000000
2339 -30.694517 -94.453903 -11.781734 0.000000
3134 -42.926315 -86.492729 -26.063837 0.000000
3135 -43.816452 -84.872498 -29.654366 0.000000
3136 -45.846748 -84.732475 -26.853952 0.000000
3137 -64.589508 -71.350510 -27.214006 0.000000
3138 -62.709229 -71.810577 -30.234451 0.000000
3172 -27.143997 -96.264168 0.000000 0.000000
3173 -25.163704 -96.754242 -2.950434 0.000000
3174 -28.954264 -95.684090 -2.950434 0.000000
3175 -43.356380 -87.792923 -20.413004 0.000000
3176 -39.685841 -89.483170 -20.523022 0.000000
3177 -41.296082 -88.042961 -23.383442 0.000000
5092 -53.767914 -80.491844 -25.143700 0.000000
5093 -51.737614 -80.841904 -28.114140 0.000000
5094 -54.588032 -78.741585 -28.694225 0.000000
5194 -15.302252 -98.584511 7.031035 0.000000
6798 -47.466988 -81.231956 -33.934994 0.000000
6799 -59.328735 -76.121208 -26.243862 0.000000
6800 -57.388451 -76.511261 -29.234303 0.000000
6801 -60.088844 -74.210922 -29.754381 0.000000
6861 -21.303135 -97.654373 3.520518 0.000000
6868 -36.305344 -92.023544 -14.732169 0.000000
6869 -38.025597 -90.813370 -17.632597 0.000000
6870 -35.955292 -91.023392 -20.603033 0.000000
7725 -47.937057 -84.462433 -23.913521 0.000000
9441 -48.827187 -82.842194 -27.504049 0.000000
9442 -49.637306 -81.091942 -31.054571 0.000000
9443 -50.367416 -79.201653 -34.545086 0.000000
9444 -55.338146 -76.831306 -32.204742 0.000000
9445 -53.217838 -77.051346 -35.125172 0.000000
9559 -10.941610 -98.414490 14.032066 0.000000
9560 -17.062511 -97.984428 10.541552 0.000000
9561 -13.131933 -98.584511 10.541552 0.000000
9575 -30.854540 -94.953979 -5.890867 0.000000
9576 -28.844246 -95.354042 -8.841302 0.000000
9578 -32.494785 -93.433754 -14.752171 0.000000
