#!ascii label, from subject  
297
11 0.000000 0.000000 -100.014725 0.000000
37 -16.252392 50.007362 -85.082527 0.000000
81 -44.726585 52.577736 -72.370651 0.000000
149 -8.441242 25.993826 -96.204163 0.000000
152 -36.185326 26.293869 -89.453171 0.000000
153 -27.334024 0.000000 -96.204163 0.000000
333 -30.864544 51.937645 -79.701729 0.000000
335 -26.543907 38.625687 -88.353012 0.000000
336 -22.543320 26.413887 -93.793808 0.000000
337 -12.461835 38.365646 -91.513474 0.000000
344 -32.084724 -13.281955 -93.793808 0.000000
345 -40.345940 0.000000 -91.513474 0.000000
436 -19.722902 60.688934 -77.011337 0.000000
603 2.720401 34.625095 -93.793808 0.000000
605 -4.260627 13.121931 -99.054581 0.000000
613 -32.084724 13.281955 -93.793808 0.000000
614 -18.122667 13.171938 -97.474350 0.000000
615 -13.802031 0.000000 -99.054581 0.000000
623 -18.122667 -13.171938 -97.474350 0.000000
813 -23.633480 51.127529 -82.642174 0.000000
814 -28.804239 45.436687 -84.312416 0.000000
815 -21.463158 44.456543 -86.982803 0.000000
816 -19.552877 38.595680 -90.173279 0.000000
817 -14.392118 44.296520 -88.513031 0.000000
966 -27.003977 61.559055 -74.060898 0.000000
1348 9.061334 14.742170 -98.504501 0.000000
1358 -51.267548 52.417717 -68.020012 0.000000
1361 -38.725700 33.234890 -86.012665 0.000000
1365 -40.685989 19.862923 -89.183136 0.000000
1366 -38.605686 13.331964 -91.293434 0.000000
1367 -34.225040 19.832920 -91.863518 0.000000
1368 -15.532287 26.273867 -95.244026 0.000000
1369 -20.393002 19.842920 -95.884117 0.000000
1370 -13.331964 19.642891 -97.154297 0.000000
1371 -11.221652 13.171938 -98.504501 0.000000
1372 -6.370938 19.602886 -97.864403 0.000000
1391 -29.784386 -6.660981 -95.244026 0.000000
1392 -25.173708 -13.261951 -95.884117 0.000000
1393 -22.803356 -6.600972 -97.154297 0.000000
1394 -16.002356 -6.600972 -98.504501 0.000000
1395 -20.613035 0.000000 -97.864403 0.000000
1751 -37.915581 52.417717 -76.271233 0.000000
1753 -36.045307 46.096786 -81.111938 0.000000
1754 -33.874985 39.415802 -85.442581 0.000000
1755 -31.464630 32.554794 -89.183136 0.000000
1756 -29.444334 26.423889 -91.863518 0.000000
1757 -24.603622 32.594799 -91.293434 0.000000
1758 -17.562586 32.494785 -92.943680 0.000000
1759 -10.481544 32.254749 -94.083847 0.000000
1771 -38.605686 -13.331964 -91.293434 0.000000
1772 -36.325348 -6.660981 -92.943680 0.000000
1773 -33.914993 0.000000 -94.083847 0.000000
1972 -46.446835 57.458458 -67.409927 0.000000
1975 -39.525818 57.458458 -71.690552 0.000000
1976 -32.574795 57.118408 -75.361092 0.000000
1977 -25.363733 56.458309 -78.561562 0.000000
1978 -18.022654 55.478168 -81.241959 0.000000
2444 -8.761290 48.577148 -86.982803 0.000000
2445 -6.861010 42.716286 -90.173279 0.000000
2446 -4.890720 36.605389 -92.943680 0.000000
2447 -2.870422 30.384472 -95.244026 0.000000
2450 -0.760112 23.723494 -97.154297 0.000000
2451 1.330196 17.252539 -98.504501 0.000000
2452 3.460510 10.651567 -99.384636 0.000000
2453 -2.140315 6.580969 -99.774689 0.000000
2474 -36.325348 6.660981 -92.943680 0.000000
2475 -29.784386 6.660981 -95.244026 0.000000
2476 -27.404034 19.912931 -94.103859 0.000000
2477 -25.173708 13.261951 -95.884117 0.000000
2478 -22.803356 6.600972 -97.154297 0.000000
2479 -16.002356 6.600972 -98.504501 0.000000
2480 -9.061334 6.580969 -99.384636 0.000000
2481 -6.911017 0.000000 -99.774689 0.000000
2506 -11.221652 -13.171938 -98.504501 0.000000
2507 -9.061334 -6.580969 -99.384636 0.000000
2733 -19.952936 50.607449 -83.922356 0.000000
2734 -22.563322 47.827042 -84.892494 0.000000
2735 -18.872780 47.266960 -86.092674 0.000000
2736 -17.942642 44.406540 -87.802925 0.000000
2737 -15.332257 47.176945 -86.842789 0.000000
3278 -48.037075 52.537735 -70.250343 0.000000
3281 -37.485516 29.794384 -87.812927 0.000000
3282 -41.186062 29.924404 -86.092674 0.000000
3283 -39.915874 26.443893 -87.812927 0.000000
3285 -38.465664 23.093399 -89.383163 0.000000
3286 -37.475517 19.862923 -90.573334 0.000000
3287 -35.225185 23.073397 -90.713348 0.000000
3288 -12.001766 26.143850 -95.784103 0.000000
3289 -14.442126 22.973381 -96.264168 0.000000
3290 -10.891603 22.833361 -96.764244 0.000000
3291 -9.851450 19.632889 -97.574364 0.000000
3292 -7.411091 22.813358 -97.094292 0.000000
3311 -28.574205 -3.330490 -95.784103 0.000000
3312 -26.313873 -6.630976 -96.264168 0.000000
3313 -25.083694 -3.300486 -96.764244 0.000000
3314 -21.723198 -3.300486 -97.574364 0.000000
3315 -23.983532 0.000000 -97.094292 0.000000
3878 -34.415066 52.217686 -78.051491 0.000000
3879 -37.015446 49.297256 -78.761597 0.000000
3880 -33.484928 49.057220 -80.471848 0.000000
3881 -27.694075 42.066193 -86.412720 0.000000
3882 -31.364618 42.456245 -84.952499 0.000000
3883 -30.234451 39.055748 -86.972801 0.000000
3884 -32.694817 36.015301 -87.382866 0.000000
3885 -29.024273 35.615242 -88.833076 0.000000
3886 -28.054129 32.594799 -90.293289 0.000000
3887 -25.593767 35.635246 -89.883232 0.000000
3888 -16.022360 38.505669 -90.903381 0.000000
3889 -18.572733 35.565235 -91.613487 0.000000
3890 -15.022211 35.455219 -92.303589 0.000000
3891 -14.032066 32.394772 -93.573769 0.000000
3892 -11.481689 35.335205 -92.853668 0.000000
3912 -39.565823 -6.670981 -91.613487 0.000000
3913 -38.365646 -3.330490 -92.303589 0.000000
3914 -35.145172 -3.330490 -93.573769 0.000000
3915 -37.155468 0.000000 -92.853668 0.000000
4334 -40.365944 59.888817 -69.190186 0.000000
4335 -36.845425 59.778801 -71.210487 0.000000
4336 -36.075310 57.328438 -73.580833 0.000000
4337 -33.364910 59.618774 -73.050751 0.000000
4338 -23.383442 61.169003 -75.591125 0.000000
4339 -26.193857 59.038692 -76.361237 0.000000
4340 -22.553322 58.618626 -77.841461 0.000000
4341 -21.713196 56.018250 -79.961769 0.000000
4342 -18.882780 58.118557 -79.171654 0.000000
5468 -7.821151 45.676723 -88.633049 0.000000
5471 -2.070305 38.745705 -92.183571 0.000000
5472 -1.090160 35.645245 -93.443756 0.000000
5473 -3.880571 33.514931 -94.153862 0.000000
5474 -0.080012 32.524788 -94.573921 0.000000
5481 2.030299 25.893810 -96.584213 0.000000
5482 3.080453 22.533318 -97.394333 0.000000
5483 0.280041 20.503017 -97.894409 0.000000
5484 4.130608 19.292841 -98.054436 0.000000
5486 6.270924 12.701871 -99.004570 0.000000
5488 4.530667 7.361084 -99.644669 0.000000
5538 -35.365208 13.311960 -92.603630 0.000000
5539 -37.495522 10.001472 -92.183571 0.000000
5540 -34.235039 9.981469 -93.443756 0.000000
5541 -33.074867 6.660981 -94.153862 0.000000
5542 -30.954557 9.971467 -94.573921 0.000000
5543 -26.013830 26.433889 -92.883667 0.000000
5544 -28.444185 23.183413 -93.043694 0.000000
5545 -24.993679 23.183413 -94.023842 0.000000
5546 -19.272837 16.512430 -96.744247 0.000000
5547 -22.803356 16.562437 -95.964134 0.000000
5548 -21.663189 13.221947 -96.744247 0.000000
5549 -24.003532 9.941463 -96.584213 0.000000
5550 -20.483015 9.891456 -97.394333 0.000000
5551 -19.412857 6.610973 -97.894409 0.000000
5552 -17.072514 9.891456 -98.054436 0.000000
5553 -7.751141 13.161939 -98.844551 0.000000
5554 -10.151494 9.881454 -99.004570 0.000000
5555 -6.670981 9.861451 -99.304619 0.000000
5556 -5.600825 6.580969 -99.644669 0.000000
5557 -3.200471 9.851450 -99.474640 0.000000
5611 -33.174881 -16.572439 -92.883667 0.000000
5613 -29.774382 -16.612444 -94.023842 0.000000
5614 -21.663189 -13.221947 -96.744247 0.000000
5615 -22.793354 -16.562437 -95.964134 0.000000
5616 -19.272837 -16.512430 -96.744247 0.000000
5620 -14.682160 -13.181940 -98.054436 0.000000
5621 -14.912196 -3.300486 -98.844551 0.000000
5622 -12.541847 -6.590970 -99.004570 0.000000
5623 -11.441684 -3.290485 -99.304619 0.000000
5624 -7.991176 -3.290485 -99.644669 0.000000
5625 -10.361526 0.000000 -99.474640 0.000000
6071 -27.274015 51.567593 -81.241959 0.000000
6072 -29.864395 48.727169 -82.082085 0.000000
6073 -26.233864 48.317112 -83.542305 0.000000
6074 -25.153704 44.976624 -85.712616 0.000000
6075 -24.023537 41.566120 -87.732918 0.000000
6076 -23.063395 38.635689 -89.323151 0.000000
6077 -20.523022 41.546116 -88.633049 0.000000
6078 -16.982500 41.476105 -89.413162 0.000000
6079 -13.441978 41.356091 -90.063263 0.000000
7034 8.001178 18.032654 -98.054436 0.000000
7052 -54.418011 52.217686 -65.689667 0.000000
7067 -39.675838 16.602442 -90.293289 0.000000
7068 -36.445362 16.592443 -91.653488 0.000000
7069 -33.174881 16.572439 -92.883667 0.000000
7070 -19.052805 26.353880 -94.573921 0.000000
7071 -21.483162 23.143406 -94.903969 0.000000
7072 -17.972645 23.073397 -95.644081 0.000000
7073 -16.872482 19.752907 -96.584213 0.000000
7074 -15.742317 16.422417 -97.394333 0.000000
7075 -14.682160 13.181940 -98.054436 0.000000
7076 -12.281808 16.422417 -97.894409 0.000000
7077 -8.801296 16.402414 -98.264465 0.000000
7078 -5.320783 16.372412 -98.524498 0.000000
7111 -30.954557 -9.971467 -94.573921 0.000000
7112 -28.644217 -13.281955 -94.903969 0.000000
7113 -27.504049 -9.961467 -95.644081 0.000000
7114 -24.003532 -9.941463 -96.584213 0.000000
7115 -20.483015 -9.891456 -97.394333 0.000000
7116 -17.072514 -9.891456 -98.054436 0.000000
7117 -19.412857 -6.610973 -97.894409 0.000000
7118 -18.322697 -3.300486 -98.264465 0.000000
7119 -17.212532 0.000000 -98.524498 0.000000
7925 -41.356091 52.537735 -74.380951 0.000000
7927 -40.495964 49.467281 -76.921326 0.000000
7928 -39.555820 46.296818 -79.341675 0.000000
7930 -32.454777 45.796738 -82.782188 0.000000
7931 -34.995152 42.796295 -83.352272 0.000000
7933 -36.325348 36.355350 -85.802628 0.000000
7934 -35.115170 32.924847 -87.662903 0.000000
7935 -33.844982 29.444334 -89.383163 0.000000
7936 -32.834835 26.373882 -90.713348 0.000000
7937 -30.474485 29.504341 -90.573334 0.000000
7938 -27.043980 29.534348 -91.653488 0.000000
7939 -23.593473 29.524345 -92.603630 0.000000
7940 -22.093252 35.625248 -90.803368 0.000000
7941 -21.093105 32.564796 -92.183571 0.000000
7942 -20.072954 29.474339 -93.443756 0.000000
7943 -16.562437 29.394329 -94.153862 0.000000
7944 -13.021916 29.284311 -94.743950 0.000000
7945 -9.471395 29.144289 -95.204018 0.000000
7970 -36.445362 -16.592443 -91.653488 0.000000
7971 -35.365208 -13.311960 -92.603630 0.000000
7972 -40.705994 -10.011474 -90.803368 0.000000
7973 -37.495522 -10.001472 -92.183571 0.000000
7974 -34.235039 -9.981469 -93.443756 0.000000
7975 -33.074867 -6.660981 -94.153862 0.000000
7976 -31.874691 -3.330490 -94.743950 0.000000
7977 -30.644510 0.000000 -95.204018 0.000000
8504 -52.087666 54.808067 -65.469635 0.000000
8505 -48.887192 54.968090 -67.759972 0.000000
8506 -45.616714 55.048103 -69.940292 0.000000
8514 -43.026333 57.498463 -69.610245 0.000000
8515 -42.156208 55.048103 -72.080612 0.000000
8516 -38.745705 54.968090 -74.030891 0.000000
8517 -35.265194 54.808067 -75.861168 0.000000
8518 -31.744675 54.558029 -77.581421 0.000000
8519 -29.804388 59.378738 -74.761002 0.000000
8520 -28.994268 56.838367 -77.021339 0.000000
8521 -28.134142 54.227985 -79.181656 0.000000
8522 -24.513609 53.827927 -80.651871 0.000000
8523 -20.843069 53.337849 -81.992073 0.000000
8524 -17.152525 52.777771 -83.212257 0.000000
9860 -16.202385 60.678932 -77.841461 0.000000
9861 -15.362262 58.078548 -79.961769 0.000000
9862 -14.492133 55.408157 -81.992073 0.000000
9863 -13.602003 52.667751 -83.922356 0.000000
9889 -9.861451 51.957649 -84.892494 0.000000
9890 -12.511842 49.327259 -86.092674 0.000000
9891 -11.581705 46.466839 -87.802925 0.000000
9892 -10.641566 43.536407 -89.413162 0.000000
9893 -9.671424 40.565971 -90.903381 0.000000
9895 -5.880866 39.685841 -91.613487 0.000000
9896 -8.681278 37.515522 -92.303589 0.000000
9897 -7.691132 34.455074 -93.573769 0.000000
9898 -6.680983 31.344614 -94.743950 0.000000
9899 -5.660833 28.204153 -95.784103 0.000000
9905 3.780556 31.344614 -94.903969 0.000000
9906 0.980144 29.234303 -95.644081 0.000000
9907 -1.820268 27.073986 -96.264168 0.000000
9908 -4.610679 24.883661 -96.764244 0.000000
9909 -3.570526 21.683191 -97.574364 0.000000
9910 -2.520371 18.442715 -98.264465 0.000000
9911 -1.470216 15.202237 -98.844551 0.000000
9912 5.200766 16.012358 -98.584511 0.000000
9913 2.400353 13.962054 -99.004570 0.000000
9914 -0.400059 11.891751 -99.304619 0.000000
9915 0.660097 8.621269 -99.644669 0.000000
9916 1.730255 5.320783 -99.854698 0.000000
9917 -1.070158 3.290485 -99.954720 0.000000
9976 -40.705994 10.011474 -90.803368 0.000000
9977 -39.565823 6.670981 -91.613487 0.000000
9978 -38.365646 3.330490 -92.303589 0.000000
9979 -35.145172 3.330490 -93.573769 0.000000
9980 -31.874691 3.330490 -94.743950 0.000000
9981 -28.574205 3.330490 -95.784103 0.000000
9982 -31.854689 23.143406 -91.933533 0.000000
9983 -30.834538 19.882925 -93.043694 0.000000
9984 -29.774382 16.612444 -94.023842 0.000000
9985 -23.913521 19.892927 -95.053993 0.000000
9986 -26.303873 16.592443 -95.053993 0.000000
9987 -28.644217 13.281955 -94.903969 0.000000
9988 -27.504049 9.961467 -95.644081 0.000000
9989 -26.313873 6.630976 -96.264168 0.000000
9990 -25.083694 3.300486 -96.764244 0.000000
9991 -21.723198 3.300486 -97.574364 0.000000
9992 -18.322697 3.300486 -98.264465 0.000000
9993 -14.912196 3.300486 -98.844551 0.000000
9994 -13.622005 9.901457 -98.584511 0.000000
9995 -12.541847 6.590970 -99.004570 0.000000
9996 -11.441684 3.290485 -99.304619 0.000000
9997 -7.991176 3.290485 -99.644669 0.000000
9998 -4.530667 3.290485 -99.854698 0.000000
9999 -3.460510 0.000000 -99.954720 0.000000
10066 -26.303873 -16.592443 -95.053993 0.000000
10075 -13.622005 -9.901457 -98.584511 0.000000
10076 -10.151494 -9.881454 -99.004570 0.000000
10077 -6.670981 -9.861451 -99.304619 0.000000
10078 -5.600825 -6.580969 -99.644669 0.000000
10079 -4.530667 -3.290485 -99.854698 0.000000
10080 -1.070158 -3.290485 -99.954720 0.000000
