#!ascii label, from subject  
12
541 -85.562592 -35.825272 37.395504 0.000000
542 -91.833519 -30.134436 25.713783 0.000000
2266 -87.612892 -28.994268 38.555679 0.000000
2267 -88.933090 -33.064865 31.634657 0.000000
5028 -91.403458 -28.164146 29.234303 0.000000
5029 -89.933243 -29.634361 32.204742 0.000000
5030 -90.443314 -31.614655 28.694225 0.000000
5031 -89.373154 -34.985149 28.114140 0.000000
6764 -93.073700 -28.614212 22.823359 0.000000
9360 -86.642754 -32.434776 38.005596 0.000000
9362 -88.343002 -31.054571 35.125172 0.000000
9363 -87.302849 -34.465073 34.545086 0.000000
