#!ascii label, from subject  
193
123 -95.944122 16.062366 -23.253424 0.000000
125 -86.192688 42.536259 -27.644068 0.000000
128 -100.014725 0.000000 0.000000 0.000000
269 -96.454201 23.713491 -11.731727 0.000000
270 -92.003540 29.604359 -25.713783 0.000000
282 -98.784538 15.642302 0.000000 0.000000
283 -98.994568 8.111195 -11.741728 0.000000
330 -76.281235 38.365646 -52.077667 0.000000
533 -90.283295 21.303135 -37.395504 0.000000
534 -85.102524 34.625095 -39.515816 0.000000
547 -98.994568 -8.111195 -11.741728 0.000000
548 -97.204308 0.000000 -23.553467 0.000000
749 -96.014130 27.374029 -5.880866 0.000000
750 -94.363892 30.524494 -12.901898 0.000000
762 -97.254311 23.343437 0.000000 0.000000
763 -97.874405 19.732904 -5.880866 0.000000
810 -72.730698 44.296520 -52.457722 0.000000
812 -68.200043 44.456543 -58.098553 0.000000
1169 -94.993988 12.111782 -28.854248 0.000000
1170 -92.163567 14.742170 -35.945290 0.000000
1171 -93.413750 18.742758 -30.424479 0.000000
1172 -89.333153 36.165325 -26.743937 0.000000
1173 -88.853081 32.214745 -32.724819 0.000000
1174 -85.872643 38.675694 -33.664955 0.000000
1175 -81.992073 40.836014 -40.165913 0.000000
1176 -82.592163 44.836601 -34.235039 0.000000
1207 -99.704681 -7.851156 0.000000 0.000000
1208 -99.124596 -11.911754 -5.890867 0.000000
1209 -99.754684 -4.070600 -5.890867 0.000000
1210 -97.714378 12.121784 -17.542583 0.000000
1211 -98.354477 4.070600 -17.692604 0.000000
1212 -96.884262 8.061187 -23.473455 0.000000
1637 -96.424194 19.932934 -17.532581 0.000000
1638 -94.213867 22.893370 -24.543612 0.000000
1639 -94.523918 26.743937 -18.782766 0.000000
1640 -92.123558 33.474926 -19.902929 0.000000
1641 -89.263138 39.985886 -20.883076 0.000000
1660 -99.704681 7.851156 0.000000 0.000000
1661 -99.754684 4.070600 -5.890867 0.000000
1662 -99.124596 11.911754 -5.890867 0.000000
1663 -98.024422 15.962350 -11.781734 0.000000
2239 -86.562737 23.723494 -44.136497 0.000000
2240 -91.383446 25.523758 -31.634657 0.000000
2241 -87.922943 28.034126 -38.555679 0.000000
2242 -83.902351 30.384472 -45.166649 0.000000
2243 -80.941917 36.605389 -45.936764 0.000000
2244 -77.581421 42.716286 -46.466839 0.000000
2284 -99.314613 0.000000 -11.781734 0.000000
2285 -98.354477 -4.070600 -17.692604 0.000000
2683 -96.694237 25.373734 -2.940433 0.000000
2730 -70.820427 47.176945 -52.547733 0.000000
2731 -70.510376 44.406540 -55.308136 0.000000
2732 -68.570091 47.266960 -55.378147 0.000000
3089 -95.524063 14.102077 -26.063837 0.000000
3090 -94.263878 15.442274 -29.654366 0.000000
3091 -94.753944 17.422565 -26.853952 0.000000
3092 -87.812927 39.375793 -27.214006 0.000000
3093 -87.672913 37.455513 -30.234451 0.000000
3094 -86.082672 40.635983 -30.674513 0.000000
3095 -84.282410 41.786152 -33.975002 0.000000
3096 -84.452431 43.716434 -30.964558 0.000000
3125 -99.934708 -2.070305 3.520518 0.000000
3126 -99.774689 -5.990882 3.520518 0.000000
3127 -99.934708 -3.930578 0.000000 0.000000
3128 -99.794685 -5.960877 -2.950434 0.000000
3129 -99.954720 -2.040300 -2.950434 0.000000
3130 -96.894257 14.102077 -20.413004 0.000000
3131 -97.364334 10.091486 -20.523022 0.000000
3132 -96.494209 12.071776 -23.383442 0.000000
3133 -95.994133 10.091486 -26.183853 0.000000
3689 -96.494209 21.833214 -14.642156 0.000000
3690 -95.534065 23.353437 -18.172674 0.000000
3691 -95.564072 25.243717 -15.272248 0.000000
3692 -93.133713 33.874985 -13.451980 0.000000
3693 -93.313736 32.024715 -16.412416 0.000000
3694 -92.013542 35.345203 -16.952494 0.000000
3695 -90.753357 36.755409 -20.403004 0.000000
3696 -90.593338 38.615685 -17.452570 0.000000
3727 -99.324615 11.751730 0.000000 0.000000
3728 -99.484642 9.881454 -2.940433 0.000000
3729 -99.014572 13.782028 -2.940433 0.000000
3730 -97.224312 21.733198 -8.811297 0.000000
3731 -98.014427 17.862631 -8.831300 0.000000
3732 -97.314323 19.852922 -11.761731 0.000000
3733 -97.294319 17.962643 -14.662157 0.000000
3870 -77.921471 35.335205 -51.797626 0.000000
4952 -91.273430 18.032654 -36.695400 0.000000
4954 -89.543182 19.292841 -40.155910 0.000000
4956 -88.493027 22.533318 -40.796005 0.000000
4957 -93.173714 26.263866 -25.143700 0.000000
4958 -92.873672 24.223564 -28.114140 0.000000
4959 -91.753502 27.584059 -28.694225 0.000000
4960 -87.052818 33.444923 -36.145321 0.000000
4961 -88.443016 30.144438 -35.665249 0.000000
4962 -86.572739 31.344614 -39.065750 0.000000
4963 -85.982658 29.234303 -41.896168 0.000000
4964 -84.562454 32.524788 -42.366238 0.000000
4965 -82.472137 33.514931 -45.576710 0.000000
4966 -83.092232 35.645245 -42.766293 0.000000
4967 -80.281815 43.866459 -40.415951 0.000000
4968 -79.851753 41.806156 -43.346382 0.000000
4969 -78.081497 44.816597 -43.566414 0.000000
4970 -75.781158 45.676723 -46.626862 0.000000
5065 -99.124596 -10.021475 -8.821300 0.000000
5066 -98.644516 -13.942053 -8.841302 0.000000
5067 -98.584511 -12.051774 -11.771733 0.000000
5069 -98.414490 -10.121490 -14.652158 0.000000
5070 -99.434631 6.090896 -8.821300 0.000000
5071 -99.604660 2.040300 -8.841302 0.000000
5072 -99.234612 4.060598 -11.771733 0.000000
5073 -97.844398 2.040300 -20.643040 0.000000
5074 -98.434486 0.000000 -17.712608 0.000000
5075 -97.844398 -2.040300 -20.643040 0.000000
5957 -96.294174 25.553761 -8.811297 0.000000
5958 -95.474052 27.133993 -12.321814 0.000000
5959 -95.264023 28.974264 -9.401383 0.000000
5960 -94.113853 32.354767 -9.961467 0.000000
5980 -98.094437 19.512873 0.000000 0.000000
5981 -98.394478 17.702606 -2.940433 0.000000
5982 -97.624374 21.553171 -2.940433 0.000000
5983 -97.014282 23.573469 -5.890867 0.000000
6066 -74.550972 41.356091 -52.297695 0.000000
6068 -72.370651 41.476105 -55.178120 0.000000
6713 -94.353889 10.121490 -31.604654 0.000000
6715 -93.653786 13.441978 -32.424774 0.000000
6716 -92.843666 16.752466 -33.204884 0.000000
6717 -91.923531 20.042950 -33.934994 0.000000
6718 -90.723351 32.904846 -26.243862 0.000000
6719 -90.503319 30.934553 -29.234303 0.000000
6720 -89.143127 34.215034 -29.754381 0.000000
6721 -87.412872 35.475224 -33.214890 0.000000
6722 -85.542587 36.675396 -36.615391 0.000000
6723 -83.602310 37.745560 -39.865868 0.000000
6724 -83.992371 39.785854 -36.945438 0.000000
6725 -82.342125 42.856308 -37.225479 0.000000
6726 -80.591866 45.876751 -37.455513 0.000000
6780 -99.454643 -9.921460 3.520518 0.000000
6781 -99.324615 -11.751730 0.000000 0.000000
6782 -99.014572 -13.782028 -2.940433 0.000000
6783 -99.484642 -9.881454 -2.940433 0.000000
6784 -99.524651 -7.991176 -5.890867 0.000000
6785 -99.434631 -6.090896 -8.821300 0.000000
6786 -98.414490 10.121490 -14.652158 0.000000
6787 -98.734535 6.090896 -14.732169 0.000000
6788 -98.114441 8.101192 -17.632597 0.000000
6789 -97.684380 6.070893 -20.603033 0.000000
6790 -97.124298 4.030593 -23.533464 0.000000
6792 -96.314178 6.060892 -26.253862 0.000000
6793 -95.394051 8.101192 -28.954264 0.000000
7661 -96.244171 18.012651 -20.403004 0.000000
7662 -95.134010 19.492868 -23.913521 0.000000
7663 -95.394051 21.433155 -21.053099 0.000000
7664 -94.423904 24.833656 -21.673191 0.000000
7665 -93.343742 28.194149 -22.263277 0.000000
7666 -94.503906 28.654219 -15.852334 0.000000
7667 -93.383751 30.124435 -19.352850 0.000000
7668 -92.123558 31.554644 -22.823359 0.000000
7669 -90.793365 34.845131 -23.343437 0.000000
7670 -89.353157 38.095608 -23.833508 0.000000
7671 -87.792923 41.296082 -24.283573 0.000000
7714 -99.934708 3.930578 0.000000 0.000000
7715 -99.954720 2.040300 -2.950434 0.000000
7716 -99.794685 5.960877 -2.950434 0.000000
7717 -99.524651 7.991176 -5.890867 0.000000
7718 -99.124596 10.021475 -8.821300 0.000000
7719 -98.574509 15.832331 -5.890867 0.000000
7720 -98.644516 13.942053 -8.841302 0.000000
7721 -98.584511 12.051774 -11.771733 0.000000
7722 -97.934418 14.052068 -14.672159 0.000000
7723 -97.144295 16.042362 -17.552586 0.000000
9278 -93.873817 20.833067 -27.504049 0.000000
9279 -92.453606 22.143259 -31.054571 0.000000
9280 -90.893379 23.433451 -34.545086 0.000000
9281 -90.173279 28.884253 -32.204742 0.000000
9282 -89.723206 26.803947 -35.125172 0.000000
9283 -89.163124 24.683634 -38.005596 0.000000
9284 -87.292847 25.893810 -41.376095 0.000000
9285 -85.282547 27.073986 -44.676579 0.000000
9287 -81.752029 31.344614 -48.347118 0.000000
9288 -80.261818 34.455074 -48.727169 0.000000
9289 -78.671577 37.515522 -49.047218 0.000000
9290 -81.522003 38.745705 -43.076340 0.000000
9291 -79.311668 39.685841 -46.226803 0.000000
9292 -76.981331 40.565971 -49.307259 0.000000
9293 -75.211067 43.536407 -49.497284 0.000000
9294 -73.350792 46.466839 -49.627304 0.000000
9412 -99.844696 0.000000 -5.890867 0.000000
9413 -99.604660 -2.040300 -8.841302 0.000000
9414 -99.234612 -4.060598 -11.771733 0.000000
9415 -98.904556 2.040300 -14.752171 0.000000
9416 -98.904556 -2.040300 -14.752171 0.000000
9417 -98.734535 -6.090896 -14.732169 0.000000
9946 -65.829689 47.827042 -58.148560 0.000000
