#!ascii label, from subject  
70
9 -27.644068 85.082527 -44.726585 0.000000
202 -25.473751 78.391533 -56.638336 0.000000
530 -36.635391 86.502731 -34.315052 0.000000
680 -33.534935 81.932060 -46.536850 0.000000
681 -32.474781 78.651581 -52.547733 0.000000
682 -26.623920 81.932060 -50.807484 0.000000
1189 -46.696873 83.052223 -30.424479 0.000000
1190 -42.496254 83.092232 -35.945290 0.000000
1191 -40.876015 86.602745 -28.854248 0.000000
2216 -55.768211 82.722176 7.021034 0.000000
2225 -52.257690 85.272545 0.000000 0.000000
2231 -37.605534 89.653198 -23.473455 0.000000
2232 -33.414917 89.693207 -29.004269 0.000000
2233 -29.014271 89.303146 -34.425064 0.000000
2234 -32.214745 85.992653 -39.615833 0.000000
2262 -38.075603 82.722176 -41.356091 0.000000
2600 -30.604504 83.552299 -45.656719 0.000000
2601 -30.104431 82.002068 -48.707169 0.000000
2602 -27.143997 83.552299 -47.797035 0.000000
3109 -45.846748 84.732475 -26.853952 0.000000
3110 -43.816452 84.872498 -29.654366 0.000000
3111 -42.926315 86.492729 -26.063837 0.000000
3483 -28.994268 78.591568 -54.638042 0.000000
3484 -31.904697 76.851318 -55.488163 0.000000
3485 -28.404182 76.721291 -57.538467 0.000000
4898 -61.799099 75.591125 21.673191 0.000000
4903 -57.118408 81.491997 9.961467 0.000000
4928 -50.667461 86.182686 -2.940433 0.000000
4929 -47.236954 88.102974 -2.940433 0.000000
4943 -35.535233 89.723206 -26.253862 0.000000
4948 -26.763941 88.963097 -37.045456 0.000000
5012 -39.595829 84.852486 -35.155178 0.000000
5013 -40.315937 82.962219 -38.675694 0.000000
5014 -37.385506 84.682465 -37.865574 0.000000
5015 -35.165176 84.412430 -40.505962 0.000000
5016 -34.445068 86.302704 -36.985443 0.000000
5832 -36.425362 80.211807 -47.346970 0.000000
5834 -33.024860 80.341827 -49.567295 0.000000
5835 -29.564352 80.341827 -51.707611 0.000000
5836 -26.063837 80.211807 -53.757915 0.000000
6751 -44.626572 83.122238 -33.204884 0.000000
6752 -41.726143 84.912491 -32.424774 0.000000
6753 -38.775707 86.602745 -31.604654 0.000000
9104 -26.083839 86.842789 -42.196209 0.000000
9206 -62.469196 76.591278 15.272248 0.000000
9209 -61.289021 78.071487 12.321814 0.000000
9210 -60.038841 79.431694 9.401383 0.000000
9211 -58.718647 80.711876 6.450949 0.000000
9212 -57.318436 81.882057 3.510517 0.000000
9238 -54.057957 84.072372 3.510517 0.000000
9239 -55.568176 83.162247 0.000000 0.000000
9240 -54.017948 84.122383 -2.940433 0.000000
9245 -48.957203 86.412720 -11.761731 0.000000
9246 -47.146938 86.972801 -14.662157 0.000000
9255 -38.025597 90.813370 -17.632597 0.000000
9256 -39.685841 89.483170 -20.523022 0.000000
9257 -41.296082 88.042961 -23.383442 0.000000
9258 -39.265778 88.182976 -26.183853 0.000000
9259 -37.175472 88.222984 -28.954264 0.000000
9260 -35.045158 88.152977 -31.684664 0.000000
9262 -31.234598 89.553185 -31.734671 0.000000
9263 -32.854836 87.982956 -34.405067 0.000000
9264 -30.634510 87.702911 -37.045456 0.000000
9265 -28.374176 87.322853 -39.645836 0.000000
9266 -29.944408 85.592590 -42.196209 0.000000
9344 -43.196358 81.131943 -39.435806 0.000000
9345 -40.976032 80.921906 -42.136204 0.000000
9346 -38.705700 80.621872 -44.766590 0.000000
9347 -35.825272 82.382126 -43.966473 0.000000
9348 -32.904846 84.032372 -43.106342 0.000000
