#!ascii label, from subject  
90
65 -80.911911 -58.788658 0.000000 0.000000
287 -89.113113 -45.406685 0.000000 0.000000
406 -75.311089 -64.749535 11.741728 0.000000
407 -84.852486 -51.617599 11.741728 0.000000
408 -91.973541 -37.505520 11.731727 0.000000
555 -75.001038 -64.669525 -14.012063 0.000000
916 -71.930588 -67.239891 17.542583 0.000000
918 -81.962067 -54.518024 17.692604 0.000000
919 -86.182686 -47.627014 17.542583 0.000000
920 -88.693054 -44.706581 11.781734 0.000000
921 -89.733208 -40.545971 17.532581 0.000000
1222 -76.051193 -64.949562 0.000000 0.000000
1223 -73.090752 -67.909996 -7.021034 0.000000
1224 -78.221512 -61.929115 -7.031035 0.000000
1669 -85.272545 -52.257690 0.000000 0.000000
1670 -83.072235 -55.248131 -7.031035 0.000000
1907 -73.200768 -67.899994 5.890867 0.000000
1908 -78.311531 -61.929115 5.890867 0.000000
1909 -77.181366 -61.098995 17.692604 0.000000
1910 -80.351822 -58.378593 11.781734 0.000000
1911 -83.102234 -55.348145 5.890867 0.000000
1912 -87.192833 -48.627155 5.890867 0.000000
1913 -90.773361 -41.566120 5.880866 0.000000
2838 -84.702469 -49.057220 20.523022 0.000000
2839 -86.672752 -45.536701 20.413004 0.000000
2840 -88.022957 -44.126495 17.552586 0.000000
2841 -88.443016 -41.996185 20.403004 0.000000
3142 -78.541557 -61.919109 0.000000 0.000000
3143 -77.191360 -63.489349 -3.520518 0.000000
3144 -79.631714 -60.408890 -3.520518 0.000000
3742 -87.262848 -48.867191 0.000000 0.000000
3743 -86.292702 -50.437424 -3.520518 0.000000
4187 -72.670692 -67.699966 11.771733 0.000000
4189 -74.300941 -66.369774 8.821300 0.000000
4190 -75.811165 -64.969574 5.890867 0.000000
4191 -76.861313 -63.379333 8.821300 0.000000
4193 -75.461105 -62.329174 20.603033 0.000000
4194 -77.961472 -59.158707 20.643040 0.000000
4195 -83.462288 -53.107819 14.732169 0.000000
4196 -81.211952 -56.488319 14.752171 0.000000
4197 -82.672173 -55.048103 11.771733 0.000000
4198 -81.772041 -56.898376 8.841302 0.000000
4199 -84.032372 -53.517876 8.821300 0.000000
4200 -85.212540 -52.027660 5.890867 0.000000
4201 -86.082672 -50.157383 8.821300 0.000000
4202 -90.403305 -41.136055 11.761731 0.000000
4203 -89.793221 -43.166355 8.831300 0.000000
4204 -91.433456 -39.565823 8.811297 0.000000
5110 -74.100906 -66.339760 -10.521549 0.000000
5111 -71.400513 -69.240196 -10.541552 0.000000
5112 -72.350647 -67.619957 -14.042068 0.000000
6258 -73.670837 -66.039719 14.652158 0.000000
6260 -80.351822 -55.858219 20.643040 0.000000
6261 -82.592163 -52.507725 20.603033 0.000000
6262 -84.142387 -51.117527 17.632597 0.000000
6263 -85.572594 -49.657307 14.652158 0.000000
6264 -86.842789 -48.197098 11.771733 0.000000
6265 -87.482880 -46.196800 14.672159 0.000000
6266 -89.263138 -42.656277 14.662157 0.000000
6267 -90.903381 -39.055748 14.642156 0.000000
6808 -73.440811 -67.889992 0.000000 0.000000
6809 -71.960587 -69.370209 -3.520518 0.000000
6810 -74.630989 -66.489784 -3.520518 0.000000
6811 -75.711151 -64.969574 -7.031035 0.000000
6812 -76.671288 -63.349331 -10.521549 0.000000
7735 -83.162247 -55.568176 0.000000 0.000000
7736 -82.062080 -57.068398 -3.520518 0.000000
7737 -84.242401 -53.797916 -3.520518 0.000000
8331 -72.000595 -69.350212 2.940433 0.000000
8332 -74.670990 -66.469780 2.940433 0.000000
8333 -77.231369 -63.479347 2.950434 0.000000
8334 -79.661728 -60.398895 2.950434 0.000000
8335 -72.830719 -65.399628 20.523022 0.000000
8336 -74.610985 -64.219452 17.632597 0.000000
8337 -76.291229 -62.969269 14.732169 0.000000
8338 -79.631714 -57.858517 17.712608 0.000000
8339 -78.811600 -59.778801 14.752171 0.000000
8340 -77.901466 -61.619072 11.771733 0.000000
8341 -79.381683 -60.188866 8.841302 0.000000
8342 -80.771889 -58.688637 5.890867 0.000000
8343 -82.062080 -57.098408 2.950434 0.000000
8344 -84.242401 -53.837925 2.950434 0.000000
8345 -86.292702 -50.477432 2.940433 0.000000
8346 -88.212990 -47.046925 2.940433 0.000000
8347 -88.002953 -46.696873 8.841302 0.000000
8348 -89.053108 -45.136646 5.890867 0.000000
8349 -90.003258 -43.516403 2.940433 0.000000
9368 -91.023392 -37.265484 18.172674 0.000000
9468 -80.711876 -58.638634 -7.031035 0.000000
9469 -79.231667 -60.118855 -10.551554 0.000000
