#!ascii label, from subject  
28
43 -13.822034 42.536259 89.453171 0.000000
216 -9.681425 56.438309 82.002068 0.000000
1002 -19.642891 47.096931 86.012665 0.000000
1538 -11.791736 49.647308 86.012665 0.000000
1539 -4.240624 51.807625 85.442581 0.000000
1540 -2.070305 58.478607 81.111938 0.000000
2920 -17.542583 41.296082 89.383163 0.000000
2922 -16.752466 44.856606 87.812927 0.000000
3521 -5.280777 48.357117 87.382866 0.000000
3524 0.670099 56.128265 82.782188 0.000000
3525 1.740256 59.368736 80.471848 0.000000
3526 -0.970143 61.639072 78.761597 0.000000
3527 2.850420 62.479198 78.051491 0.000000
4443 -10.741581 53.087814 84.082375 0.000000
4444 -14.692163 51.907639 84.222397 0.000000
4445 -13.632007 55.298141 82.212105 0.000000
6411 -8.601267 59.688789 79.791748 0.000000
6412 -12.551847 58.648628 80.041779 0.000000
7423 -10.081484 43.716434 89.383163 0.000000
7424 -12.811886 46.136787 87.812927 0.000000
7425 -9.061334 47.276958 87.662903 0.000000
7426 -8.021181 50.767475 85.802628 0.000000
7427 -6.961025 54.157970 83.792336 0.000000
7428 -0.420062 52.787773 84.952499 0.000000
7429 -3.160465 55.188126 83.352272 0.000000
7430 -5.880866 57.498463 81.622017 0.000000
7431 -4.790705 60.708939 79.341675 0.000000
8650 -15.732315 48.417126 86.092674 0.000000
