#!ascii label, from subject  
18
84 -63.829395 -26.293869 -72.370651 0.000000
438 -67.159889 -38.625687 -63.259312 0.000000
1381 -65.699677 -32.554794 -68.020012 0.000000
1383 -59.618774 -33.234890 -73.100754 0.000000
1766 -57.448460 -26.553909 -77.441399 0.000000
1767 -54.978092 -20.042950 -81.111938 0.000000
1768 -47.957062 -20.042950 -85.442581 0.000000
3301 -64.809540 -29.444334 -70.250343 0.000000
3302 -62.709229 -32.924847 -70.620399 0.000000
3303 -61.779091 -29.794384 -72.800720 0.000000
7093 -66.479782 -35.615242 -65.689667 0.000000
7095 -63.539352 -36.015301 -68.330055 0.000000
7958 -60.688934 -26.443893 -74.971031 0.000000
7959 -59.558765 -23.223417 -76.921326 0.000000
7960 -56.258282 -23.313431 -79.341675 0.000000
7961 -52.867779 -23.363440 -81.622017 0.000000
7963 -51.517586 -20.052952 -83.352272 0.000000
10036 -58.578617 -29.924404 -75.341095 0.000000
