#!ascii label, from subject  
44
38 42.536259 30.904547 -85.082527 0.000000
639 44.176506 15.642302 -88.353012 0.000000
640 33.764969 8.111195 -93.793808 0.000000
805 41.326084 38.275635 -82.642174 0.000000
809 37.675549 27.374029 -88.513031 0.000000
1435 39.065750 11.911754 -91.293434 0.000000
1438 28.154146 -4.070600 -95.884117 0.000000
2552 50.007362 19.822918 -84.312416 0.000000
2553 43.496399 23.343437 -86.982803 0.000000
2554 38.505669 19.732904 -90.173279 0.000000
2555 33.304901 15.962350 -92.943680 0.000000
2557 33.874985 0.000000 -94.103859 0.000000
2725 41.966175 34.615097 -83.922356 0.000000
2729 40.135910 29.154291 -86.842789 0.000000
5736 50.337410 15.912342 -84.952499 0.000000
5737 47.136940 17.752613 -86.412720 0.000000
5738 46.786884 21.603180 -85.712616 0.000000
5739 43.866459 19.512873 -87.732918 0.000000
5740 41.026039 21.553171 -88.633049 0.000000
5741 41.366089 17.702606 -89.323151 0.000000
5742 36.435364 10.021475 -92.603630 0.000000
5743 36.205326 13.942053 -92.183571 0.000000
5744 33.564938 12.051774 -93.443756 0.000000
5746 30.904547 10.121490 -94.573921 0.000000
5751 28.184149 0.000000 -95.964134 0.000000
6059 37.845570 39.885868 -83.542305 0.000000
6064 34.195034 28.974264 -89.413162 0.000000
6065 35.175179 25.553761 -90.063263 0.000000
7189 41.646130 13.782028 -89.883232 0.000000
7191 39.235775 7.991176 -91.653488 0.000000
7192 36.575382 6.090896 -92.883667 0.000000
10210 53.467873 14.052068 -83.352272 0.000000
10214 46.366825 25.433744 -84.892494 0.000000
10215 43.046337 27.143997 -86.092674 0.000000
10216 40.615978 25.373734 -87.802925 0.000000
10217 38.125610 23.573469 -89.413162 0.000000
10218 35.595242 21.733198 -90.903381 0.000000
10219 38.815716 15.832331 -90.803368 0.000000
10220 35.925285 17.862631 -91.613487 0.000000
10221 32.994854 19.852922 -92.303589 0.000000
10227 33.844982 4.060598 -94.023842 0.000000
10228 31.034567 -2.040300 -95.053993 0.000000
10229 31.034567 2.040300 -95.053993 0.000000
10230 30.984560 6.090896 -94.903969 0.000000
