#!ascii label, from subject  
21
213 -48.457134 51.617599 70.640404 0.000000
454 -56.238281 57.138416 59.798801 0.000000
2016 -53.937943 63.469341 55.368153 0.000000
2017 -52.477722 54.518024 65.389633 0.000000
2018 -50.347416 61.098995 61.118996 0.000000
4417 -57.888523 58.348591 56.978390 0.000000
4418 -56.738354 61.519058 54.758060 0.000000
4419 -55.128113 60.348885 57.628487 0.000000
4420 -51.377567 49.657307 69.980301 0.000000
4421 -53.397865 51.117527 67.369919 0.000000
4422 -50.497433 53.107819 68.060013 0.000000
6396 -57.248425 53.827927 61.869106 0.000000
7416 -49.367268 48.197098 72.410652 0.000000
8620 -58.278580 62.619217 51.817631 0.000000
8621 -55.498169 64.589508 52.447720 0.000000
8624 -55.358147 52.507725 64.659523 0.000000
8625 -54.398006 55.858219 62.639217 0.000000
8626 -49.507286 56.488319 66.039719 0.000000
8627 -51.457577 57.858517 63.309322 0.000000
8628 -53.327854 59.158707 60.498909 0.000000
8629 -52.167679 62.329174 58.278580 0.000000
