#!ascii label, from subject  
13
589 85.562592 35.825272 -37.395504 0.000000
1305 83.222252 42.246216 -35.945290 0.000000
2402 81.902054 38.175621 -42.856308 0.000000
5356 80.021782 46.536850 -37.865574 0.000000
5357 84.442429 39.055748 -36.695400 0.000000
5358 82.632164 40.245922 -39.435806 0.000000
5359 83.782333 37.025452 -40.155910 0.000000
5361 84.832489 33.784973 -40.796005 0.000000
6959 84.962502 41.016041 -33.204884 0.000000
6960 86.142677 37.815567 -33.934994 0.000000
9760 81.371979 43.416389 -38.675694 0.000000
9768 87.302849 34.465073 -34.545086 0.000000
9771 86.642754 32.434776 -38.005596 0.000000
