#!ascii label, from subject  
122
43 -13.822034 42.536259 89.453171 0.000000
109 44.726585 52.577736 72.370651 0.000000
219 19.722902 60.688934 77.011337 0.000000
241 34.125023 62.029129 70.640404 0.000000
242 30.864544 51.937645 79.701729 0.000000
363 -28.534199 37.175472 88.353012 0.000000
379 26.543907 38.625687 88.353012 0.000000
493 36.955441 71.140480 59.798801 0.000000
494 47.927055 62.029129 62.109142 0.000000
496 41.006035 39.965881 82.002068 0.000000
721 25.363733 56.458309 78.561562 0.000000
722 23.633480 51.127529 82.642174 0.000000
1000 -21.243126 39.985886 89.183136 0.000000
1083 39.525818 57.458458 71.690552 0.000000
1084 41.156059 62.239166 66.599800 0.000000
1085 46.446835 57.458458 67.409927 0.000000
1089 33.874985 39.415802 85.442581 0.000000
1586 27.003977 61.559055 74.060898 0.000000
1587 32.574795 57.118408 75.361092 0.000000
1588 37.915581 52.417717 76.271233 0.000000
1812 14.392118 44.296520 88.513031 0.000000
1843 21.463158 44.456543 86.982803 0.000000
2126 38.205624 74.951035 54.087959 0.000000
2127 43.696430 70.910439 55.368153 0.000000
2128 35.635246 66.759827 65.389633 0.000000
2129 42.556263 66.759827 61.118996 0.000000
2134 28.804239 45.436687 84.312416 0.000000
2135 36.045307 46.096786 81.111938 0.000000
2136 43.006332 46.426834 77.441399 0.000000
2138 48.167091 40.105904 77.941475 0.000000
2139 50.037365 46.426834 73.100754 0.000000
2641 20.843069 53.337849 81.992073 0.000000
2642 19.952936 50.607449 83.922356 0.000000
2920 -17.542583 41.296082 89.383163 0.000000
2921 -20.463013 43.576416 87.662903 0.000000
3003 42.156208 55.048103 72.080612 0.000000
3004 43.026333 57.498463 69.610245 0.000000
3005 45.616714 55.048103 69.940292 0.000000
3006 48.887192 54.968090 67.759972 0.000000
3007 48.037075 52.537735 70.250343 0.000000
3532 17.042507 63.229309 75.591125 0.000000
3602 23.383442 61.169003 75.591125 0.000000
3603 28.134142 54.227985 79.181656 0.000000
3604 28.994268 56.838367 77.021339 0.000000
3605 31.744675 54.558029 77.581421 0.000000
3606 35.265194 54.808067 75.861168 0.000000
3607 34.415066 52.217686 78.051491 0.000000
4685 37.605534 73.090752 56.978390 0.000000
4686 40.976032 72.970741 54.758060 0.000000
4687 40.355938 71.080460 57.628487 0.000000
4688 31.354614 64.209457 69.980301 0.000000
4690 34.895138 64.439484 68.060013 0.000000
4691 44.576561 62.189156 64.409485 0.000000
4692 41.886166 64.539497 63.899406 0.000000
4693 45.266666 64.439484 61.649075 0.000000
4694 45.896755 66.579803 58.848663 0.000000
4695 48.577148 64.209457 59.338734 0.000000
4703 24.023537 41.566120 87.732918 0.000000
4704 25.153704 44.976624 85.712616 0.000000
4705 27.694075 42.066193 86.412720 0.000000
4706 37.465515 39.725845 83.792336 0.000000
4707 34.995152 42.796295 83.352272 0.000000
4708 38.555679 43.066338 81.622017 0.000000
4709 39.555820 46.296818 79.341675 0.000000
4710 42.036186 43.236362 79.791748 0.000000
4717 49.147232 43.306374 75.581123 0.000000
5865 18.882780 58.118557 79.171654 0.000000
5905 22.553322 58.618626 77.841461 0.000000
5906 21.713196 56.018250 79.961769 0.000000
5907 24.513609 53.827927 80.651871 0.000000
5908 27.274015 51.567593 81.241959 0.000000
6406 -24.903666 38.615685 88.833076 0.000000
6408 -24.153555 42.226215 87.382866 0.000000
6557 36.845425 59.778801 71.210487 0.000000
6558 37.675549 62.189156 68.680107 0.000000
6559 40.365944 59.888817 69.190186 0.000000
6560 43.826450 59.888817 67.049873 0.000000
6561 47.216949 59.778801 64.799538 0.000000
6562 50.407421 59.618774 62.509201 0.000000
6563 49.677311 57.328438 65.179596 0.000000
6567 30.234451 39.055748 86.972801 0.000000
6569 36.325348 36.355350 85.802628 0.000000
6570 39.895874 36.635391 84.082375 0.000000
7539 27.794092 63.959415 71.690552 0.000000
7540 30.584501 61.839104 72.410652 0.000000
7541 26.193857 59.038692 76.361237 0.000000
7542 29.804388 59.378738 74.761002 0.000000
7543 33.364910 59.618774 73.050751 0.000000
7544 36.075310 57.328438 73.580833 0.000000
7545 38.745705 54.968090 74.030891 0.000000
7546 41.356091 52.537735 74.380951 0.000000
8050 -22.333288 36.755409 90.293289 0.000000
8051 -18.642744 38.095608 90.573334 0.000000
8052 -14.932198 39.375793 90.713348 0.000000
8063 -3.530520 42.856308 90.293289 0.000000
8064 0.240035 43.866459 89.883232 0.000000
8069 11.581705 46.466839 87.802925 0.000000
8070 15.332257 47.176945 86.842789 0.000000
8155 18.872780 47.266960 86.092674 0.000000
8156 17.942642 44.406540 87.802925 0.000000
8157 20.523022 41.546116 88.633049 0.000000
8946 38.765709 76.721291 51.137527 0.000000
8952 36.315342 68.990158 62.639217 0.000000
8953 38.425659 64.539497 66.039719 0.000000
8954 39.125759 66.819832 63.309322 0.000000
8955 39.785854 68.990158 60.498909 0.000000
8956 43.156349 68.880142 58.278580 0.000000
8957 46.456841 68.650108 55.968239 0.000000
8968 22.563322 47.827042 84.892494 0.000000
8969 26.233864 48.317112 83.542305 0.000000
8970 29.864395 48.727169 82.082085 0.000000
8971 31.364618 42.456245 84.952499 0.000000
8972 32.454777 45.796738 82.782188 0.000000
8973 33.484928 49.057220 80.471848 0.000000
8974 37.015446 49.297256 78.761597 0.000000
8975 40.495964 49.467281 76.921326 0.000000
8976 43.906464 49.547295 74.971031 0.000000
8979 43.536407 36.725403 82.212105 0.000000
8982 44.626572 40.065895 80.041779 0.000000
8983 45.626717 43.306374 77.761444 0.000000
8984 46.556854 46.466839 75.341095 0.000000
8985 47.416981 49.547295 72.800720 0.000000
