#!ascii label, from subject  
29
91 59.728790 -43.396389 -67.469933 0.000000
357 55.498169 -23.873514 -79.701729 0.000000
990 58.028542 -33.924992 -74.060898 0.000000
991 55.808220 -40.545971 -72.410652 0.000000
1795 56.258282 -16.102371 -81.111938 0.000000
2009 59.928825 -27.063984 -75.361092 0.000000
2010 53.697903 -30.774530 -78.561562 0.000000
2514 54.227985 -47.627014 -69.230194 0.000000
2909 60.928967 -40.155910 -68.400070 0.000000
2910 58.978680 -38.735706 -70.880440 0.000000
2911 57.808510 -41.996185 -69.980301 0.000000
3947 58.538620 -22.013241 -78.051491 0.000000
3948 58.918674 -18.122667 -78.761597 0.000000
3949 55.918228 -20.002945 -80.471848 0.000000
4407 54.868076 -35.745262 -75.591125 0.000000
4408 55.898228 -32.364765 -76.361237 0.000000
6114 52.797768 -21.863218 -82.082085 0.000000
6388 61.098995 -32.054718 -72.410652 0.000000
6389 60.078846 -35.415215 -71.690552 0.000000
6390 56.958389 -37.265484 -73.280785 0.000000
6391 53.747913 -39.055748 -74.761002 0.000000
8024 59.218719 -14.202091 -79.341675 0.000000
8605 57.748501 -25.483751 -77.581421 0.000000
8606 59.018684 -30.514492 -74.761002 0.000000
8607 56.858368 -28.944262 -77.021339 0.000000
8608 54.638042 -27.334024 -79.181656 0.000000
10097 56.238281 -49.057220 -66.579803 0.000000
10098 57.018394 -45.536701 -68.400070 0.000000
10099 55.068104 -44.126495 -70.880440 0.000000
