#!ascii label, from subject  
142
30 -58.788658 -80.911911 0.000000 0.000000
132 -67.089867 -68.830132 -27.644068 0.000000
284 -52.357708 -84.402420 -11.731727 0.000000
285 -56.588333 -78.361534 -25.713783 0.000000
286 -63.719379 -75.801163 -13.992060 0.000000
555 -75.001038 -64.669525 -14.012063 0.000000
556 -77.671440 -56.438309 -28.014122 0.000000
764 -55.708199 -82.852203 -5.880866 0.000000
765 -58.188564 -80.311821 -12.901898 0.000000
766 -61.449047 -78.601570 -7.021034 0.000000
775 -55.768211 -82.722176 7.021034 0.000000
777 -52.257690 -85.272545 0.000000 0.000000
778 -49.007214 -86.982803 -5.880866 0.000000
1217 -61.999123 -73.780861 -26.743937 0.000000
1218 -58.098553 -74.540970 -32.724819 0.000000
1219 -63.319317 -69.710266 -33.664955 0.000000
1223 -73.090752 -67.909996 -7.021034 0.000000
1226 -81.451996 -54.077965 -21.083103 0.000000
1227 -82.212105 -49.647308 -27.924109 0.000000
1231 -85.872643 -38.675694 -33.664955 0.000000
1255 -41.726143 -89.183136 -17.542583 0.000000
1664 -48.757175 -85.542587 -17.532581 0.000000
1665 -50.887497 -82.532150 -24.543612 0.000000
1666 -54.648045 -81.632019 -18.782766 0.000000
1667 -60.298878 -77.271378 -19.902929 0.000000
1668 -65.609657 -72.540680 -20.883076 0.000000
1690 -45.476696 -88.292999 -11.781734 0.000000
1904 -61.589069 -78.581566 5.880866 0.000000
1905 -64.949562 -76.051193 0.000000 0.000000
2295 -52.507725 -79.021629 -31.634657 0.000000
2301 -67.449921 -73.510818 -7.021034 0.000000
2302 -69.580238 -70.460373 -14.042068 0.000000
2303 -71.280495 -66.969856 -20.893076 0.000000
2305 -76.601280 -60.758945 -21.083103 0.000000
2306 -72.620689 -62.839252 -27.924109 0.000000
2684 -57.278435 -81.932060 -2.940433 0.000000
2685 -58.608631 -80.781891 -6.450949 0.000000
2686 -60.158852 -79.821747 -3.510517 0.000000
2695 -57.318436 -81.882057 3.510517 0.000000
2696 -54.057957 -84.072372 3.510517 0.000000
2697 -55.568176 -83.162247 0.000000 0.000000
2698 -54.017948 -84.122383 -2.940433 0.000000
3137 -64.589508 -71.350510 -27.214006 0.000000
3138 -62.709229 -71.810577 -30.234451 0.000000
3139 -65.249611 -69.320198 -30.674513 0.000000
3141 -67.679962 -66.809830 -30.964558 0.000000
3146 -84.032372 -48.417126 -24.433596 0.000000
3147 -84.272408 -46.136787 -27.804092 0.000000
3148 -82.462143 -47.276958 -31.104578 0.000000
3149 -84.452431 -43.716434 -30.964558 0.000000
3151 -86.082672 -40.635983 -30.674513 0.000000
3734 -50.587448 -85.022507 -14.642156 0.000000
3735 -51.737614 -83.642319 -18.172674 0.000000
3736 -53.537884 -83.082230 -15.272248 0.000000
3737 -60.998978 -78.111496 -13.451980 0.000000
3738 -59.298725 -78.851601 -16.412416 0.000000
3739 -62.049133 -76.581276 -16.952494 0.000000
3740 -62.999271 -74.951035 -20.403004 0.000000
3741 -64.719528 -74.230927 -17.452570 0.000000
3775 -50.717464 -85.752625 -8.811297 0.000000
3776 -47.266960 -87.692909 -8.831300 0.000000
3777 -48.957203 -86.412720 -11.761731 0.000000
3778 -47.146938 -86.972801 -14.662157 0.000000
4228 -60.038841 -79.431694 9.401383 0.000000
5092 -53.767914 -80.491844 -25.143700 0.000000
5093 -51.737614 -80.841904 -28.114140 0.000000
5094 -54.588032 -78.741585 -28.694225 0.000000
5095 -58.708641 -72.450661 -36.145321 0.000000
5096 -55.998241 -74.801010 -35.665249 0.000000
5107 -67.889992 -73.440811 0.000000 0.000000
5108 -66.249748 -74.841019 -3.510517 0.000000
5109 -69.140175 -72.180626 -3.510517 0.000000
5110 -74.100906 -66.339760 -10.521549 0.000000
5111 -71.400513 -69.240196 -10.541552 0.000000
5112 -72.350647 -67.619957 -14.042068 0.000000
5113 -70.490379 -68.770126 -17.482573 0.000000
5114 -73.200768 -65.869698 -17.462572 0.000000
5118 -79.631714 -55.298141 -24.573616 0.000000
5119 -79.091637 -57.468460 -21.103107 0.000000
5120 -77.201370 -58.648628 -24.573616 0.000000
5121 -74.670990 -61.849102 -24.523609 0.000000
5122 -75.211067 -59.688789 -27.994122 0.000000
5123 -73.100754 -60.708939 -31.194590 0.000000
5124 -75.631134 -57.498463 -31.244600 0.000000
5984 -54.067959 -83.682327 -8.811297 0.000000
5985 -55.308136 -82.412132 -12.321814 0.000000
5986 -56.988392 -81.652016 -9.401383 0.000000
5987 -59.858814 -79.501701 -9.961467 0.000000
5988 -62.629223 -77.261375 -10.511547 0.000000
6008 -47.236954 -88.102974 -2.940433 0.000000
6009 -50.667461 -86.182686 -2.940433 0.000000
6010 -52.397709 -84.982513 -5.890867 0.000000
6799 -59.328735 -76.121208 -26.243862 0.000000
6800 -57.388451 -76.511261 -29.234303 0.000000
6801 -60.088844 -74.210922 -29.754381 0.000000
6802 -60.748943 -72.180626 -33.214890 0.000000
6816 -81.902054 -51.907639 -24.523609 0.000000
6817 -80.011780 -53.087814 -27.994122 0.000000
6818 -78.061493 -54.157970 -31.244600 0.000000
6819 -80.331825 -50.767475 -31.194590 0.000000
7724 -46.866901 -85.962654 -20.403004 0.000000
7725 -47.937057 -84.462433 -23.913521 0.000000
7726 -49.857338 -84.102386 -21.053099 0.000000
7727 -52.797768 -82.132095 -21.673191 0.000000
7728 -55.658195 -80.061783 -22.263277 0.000000
7729 -56.448311 -81.021927 -15.852334 0.000000
7730 -57.508465 -79.501701 -19.352850 0.000000
7731 -58.478607 -77.861458 -22.823359 0.000000
7732 -61.199009 -75.581123 -23.343437 0.000000
7733 -63.839397 -73.210777 -23.833508 0.000000
7734 -66.399773 -70.740417 -24.283573 0.000000
7782 -45.516697 -88.863083 -5.890867 0.000000
7783 -43.746441 -89.503181 -8.841302 0.000000
7784 -41.926174 -90.033257 -11.771733 0.000000
7785 -43.626419 -88.793068 -14.672159 0.000000
7786 -45.276665 -87.432869 -17.552586 0.000000
8324 -60.218868 -79.791748 2.940433 0.000000
8325 -61.919109 -78.541557 0.000000 0.000000
8326 -63.309322 -77.371391 2.940433 0.000000
8327 -66.309753 -74.811012 2.940433 0.000000
8379 -57.118408 -81.491997 9.961467 0.000000
8380 -58.718647 -80.711876 6.450949 0.000000
9444 -55.338146 -76.831306 -32.204742 0.000000
9445 -53.217838 -77.051346 -35.125172 0.000000
9459 -63.249310 -77.391396 -3.510517 0.000000
9460 -64.499496 -76.111198 -7.021034 0.000000
9461 -65.639656 -74.721001 -10.511547 0.000000
9462 -70.330353 -70.770416 -7.031035 0.000000
9463 -68.570091 -72.040604 -10.541552 0.000000
9464 -66.699814 -73.190773 -14.032066 0.000000
9465 -67.649956 -71.560539 -17.482573 0.000000
9466 -68.500084 -69.810280 -20.903078 0.000000
9467 -69.240196 -67.959999 -24.293575 0.000000
9470 -77.621429 -61.489048 -14.042068 0.000000
9472 -78.421539 -59.528763 -17.582588 0.000000
9473 -75.861168 -62.769241 -17.562586 0.000000
9474 -74.000893 -63.919411 -21.003092 0.000000
9475 -72.010597 -64.959564 -24.433596 0.000000
9476 -69.920296 -65.889694 -27.804092 0.000000
9477 -70.450371 -63.819397 -31.104578 0.000000
9496 -87.412872 -35.475224 -33.214890 0.000000
9499 -88.443016 -30.144438 -35.665249 0.000000
