#!ascii label, from subject  
65
32 0.000000 -100.014725 0.000000 0.000000
140 13.822034 -95.124001 -27.644068 0.000000
304 7.001030 -98.784538 -13.992060 0.000000
573 35.955292 -84.032372 -40.615978 0.000000
576 20.302988 -89.113113 -40.615978 0.000000
784 3.510517 -99.704681 -7.021034 0.000000
785 -0.130019 -99.174591 -12.901898 0.000000
786 -3.630534 -99.774689 -5.880866 0.000000
1265 42.326229 -81.231956 -40.165913 0.000000
1274 17.112520 -92.403603 -34.235039 0.000000
1700 10.441538 -97.254311 -20.883076 0.000000
1701 6.790999 -96.134155 -26.743937 0.000000
1702 3.370496 -97.954414 -19.902929 0.000000
2354 37.655544 -80.161804 -46.466839 0.000000
2355 31.214594 -82.722176 -46.736877 0.000000
2363 28.224155 -86.862785 -40.745998 0.000000
2364 23.373442 -85.272545 -46.736877 0.000000
2704 1.760259 -99.934708 -3.510517 0.000000
2705 -0.060009 -99.804695 -6.450949 0.000000
2706 -1.820268 -99.954720 -2.940433 0.000000
3194 15.482279 -93.833809 -30.964558 0.000000
3195 13.692015 -93.063698 -33.975002 0.000000
3196 12.041773 -94.433899 -30.674513 0.000000
3794 8.721284 -98.094437 -17.452570 0.000000
3795 6.911017 -97.664368 -20.403004 0.000000
3796 5.190764 -98.434486 -16.952494 0.000000
5237 39.165764 -82.682167 -40.415951 0.000000
5238 40.025894 -80.761887 -43.346382 0.000000
5239 36.825420 -82.152092 -43.566414 0.000000
5240 34.455074 -81.491997 -46.626862 0.000000
5241 33.614948 -83.442284 -43.706436 0.000000
5260 22.703342 -89.873230 -37.545528 0.000000
5261 26.663927 -88.753059 -37.615540 0.000000
5262 24.283573 -88.062965 -40.715992 0.000000
5263 25.813799 -86.142677 -43.776443 0.000000
5264 21.853218 -87.262848 -43.706436 0.000000
5265 20.022947 -86.182686 -46.626862 0.000000
5266 18.492722 -88.102974 -43.566414 0.000000
6020 5.260775 -99.324615 -10.511547 0.000000
6021 3.440506 -99.044579 -13.451980 0.000000
6022 1.690249 -99.504646 -9.961467 0.000000
6023 -1.880277 -99.554657 -9.401383 0.000000
6885 45.446690 -79.681725 -39.865868 0.000000
6902 18.722755 -90.823364 -37.455513 0.000000
6903 16.912489 -89.913239 -40.415951 0.000000
6904 15.322255 -91.553474 -37.225479 0.000000
7808 12.141787 -96.264168 -24.283573 0.000000
7809 10.311519 -95.684090 -27.214006 0.000000
7810 8.621269 -96.754242 -23.833508 0.000000
7811 5.080748 -97.124298 -23.343437 0.000000
7813 1.620239 -98.644516 -16.412416 0.000000
9538 -1.760259 -99.934708 3.510517 0.000000
9564 -5.680836 -99.794685 3.510517 0.000000
9565 -3.930578 -99.934708 0.000000 0.000000
9566 -5.740845 -99.804695 -2.940433 0.000000
9616 43.176353 -79.261665 -43.076340 0.000000
9617 40.836014 -78.731590 -46.226803 0.000000
9618 38.435658 -78.071487 -49.307259 0.000000
9619 35.255188 -79.431694 -49.497284 0.000000
9620 32.034718 -80.711876 -49.627304 0.000000
9621 28.774237 -81.882057 -49.697315 0.000000
9645 32.114727 -85.522583 -40.715992 0.000000
9646 29.744379 -84.862488 -43.776443 0.000000
9647 27.314020 -84.072372 -46.776886 0.000000
9648 24.853659 -83.162247 -49.697315 0.000000
