#!ascii label, from subject  
255
9 -27.644068 85.082527 -44.726585 0.000000
116 -14.372116 96.204163 -23.253424 0.000000
117 -0.700103 86.282700 -50.577446 0.000000
122 -44.926617 86.282700 -23.253424 0.000000
202 -25.473751 78.391533 -56.638336 0.000000
255 -7.251067 99.054581 -11.731727 0.000000
266 -22.663336 96.404190 14.012063 0.000000
267 -15.642302 98.784538 0.000000 0.000000
268 -22.873365 96.654228 -11.741728 0.000000
275 -56.588333 78.361534 -25.713783 0.000000
512 -21.213121 91.513474 -34.315052 0.000000
513 -14.312106 86.502731 -48.117085 0.000000
514 -7.631124 92.443611 -37.395504 0.000000
529 -30.034422 92.443611 -23.553467 0.000000
530 -36.635391 86.502731 -34.315052 0.000000
540 -48.157089 79.271660 -37.395504 0.000000
680 -33.534935 81.932060 -46.536850 0.000000
682 -26.623920 81.932060 -50.807484 0.000000
735 -3.640536 99.774689 -5.880866 0.000000
747 -7.851156 99.704681 0.000000 0.000000
748 -11.481689 99.174591 -5.880866 0.000000
1125 -17.832624 94.083847 -28.854248 0.000000
1126 -14.452127 92.203568 -35.945290 0.000000
1127 -11.041625 94.633934 -30.424479 0.000000
1165 -18.672749 96.674232 -17.542583 0.000000
1166 -26.523903 94.793953 -17.692604 0.000000
1167 -22.273279 94.633934 -23.473455 0.000000
1168 -25.683781 92.203568 -29.004269 0.000000
1187 -50.887497 82.532150 -24.543612 0.000000
1188 -52.507725 79.021629 -31.634657 0.000000
1189 -46.696873 83.052223 -30.424479 0.000000
1190 -42.496254 83.092232 -35.945290 0.000000
1191 -40.876015 86.602745 -28.854248 0.000000
1327 -7.521107 86.602745 -49.467281 0.000000
1328 -13.141934 83.092232 -54.087959 0.000000
1329 -6.330932 83.052223 -55.368153 0.000000
1611 -10.841596 97.864403 -17.532581 0.000000
1612 -7.341080 96.674232 -24.543612 0.000000
1632 -19.212830 97.904411 7.021034 0.000000
1633 -23.343437 97.254311 0.000000 0.000000
1634 -26.953966 96.134155 -5.890867 0.000000
1635 -19.302843 97.954414 -5.890867 0.000000
1636 -15.112225 98.164452 -11.781734 0.000000
1648 -60.298878 77.271378 -19.902929 0.000000
1649 -54.648045 81.632019 -18.782766 0.000000
1732 6.120901 85.542587 -51.447575 0.000000
1733 0.810119 82.532150 -56.488319 0.000000
2180 -24.483604 88.513031 -39.615833 0.000000
2181 -21.023094 85.992653 -46.536850 0.000000
2182 -17.822622 89.303146 -41.356091 0.000000
2183 -11.001619 89.693207 -42.856308 0.000000
2184 -4.180615 89.653198 -44.136497 0.000000
2187 2.970437 89.183136 -45.166649 0.000000
2188 9.801443 88.292999 -45.936764 0.000000
2228 -41.726143 89.183136 -17.542583 0.000000
2229 -30.694517 94.453903 -11.781734 0.000000
2230 -34.265041 92.283585 -17.692604 0.000000
2231 -37.605534 89.653198 -23.473455 0.000000
2232 -33.414917 89.693207 -29.004269 0.000000
2233 -29.014271 89.303146 -34.425064 0.000000
2234 -32.214745 85.992653 -39.615833 0.000000
2261 -43.826450 79.031631 -42.856308 0.000000
2262 -38.075603 82.722176 -41.356091 0.000000
2427 -19.952936 82.722176 -52.547733 0.000000
2600 -30.604504 83.552299 -45.656719 0.000000
2601 -30.104431 82.002068 -48.707169 0.000000
2602 -27.143997 83.552299 -47.797035 0.000000
2668 -5.740845 99.804695 -2.940433 0.000000
3045 -16.112371 95.204018 -26.063837 0.000000
3046 -14.442126 94.413902 -29.654366 0.000000
3047 -12.711872 95.494057 -26.853952 0.000000
3085 -16.532433 96.504211 -20.413004 0.000000
3086 -20.483015 95.714096 -20.523022 0.000000
3087 -18.332699 95.494057 -23.383442 0.000000
3088 -20.062952 94.413902 -26.183853 0.000000
3107 -47.937057 84.462433 -23.913521 0.000000
3108 -48.827187 82.842194 -27.504049 0.000000
3109 -45.846748 84.732475 -26.853952 0.000000
3110 -43.816452 84.872498 -29.654366 0.000000
3111 -42.926315 86.492729 -26.063837 0.000000
3247 -4.120606 86.492729 -50.047367 0.000000
3248 -6.931021 84.872498 -52.447720 0.000000
3249 -3.520518 84.732475 -53.017803 0.000000
3483 -28.994268 78.591568 -54.638042 0.000000
3645 -9.051332 98.524498 -14.642156 0.000000
3678 -13.511990 99.034576 3.510517 0.000000
3679 -15.302252 98.584511 7.031035 0.000000
3680 -17.442568 98.414490 3.520518 0.000000
3681 -21.303135 97.654373 3.520518 0.000000
3682 -19.512873 98.094437 0.000000 0.000000
3683 -21.343142 97.664368 -2.940433 0.000000
3684 -17.482573 98.434486 -2.940433 0.000000
3685 -9.371379 99.184601 -8.811297 0.000000
3686 -13.301958 98.734535 -8.831300 0.000000
3687 -11.191648 98.684525 -11.761731 0.000000
3688 -12.981912 98.074432 -14.662157 0.000000
4815 -22.863365 90.063263 -36.985443 0.000000
4816 -21.163115 88.963097 -40.505962 0.000000
4817 -19.532875 90.483322 -37.865574 0.000000
4818 -11.051627 92.383591 -36.695400 0.000000
4819 -12.741876 91.023392 -39.435806 0.000000
4820 -9.321372 91.123413 -40.155910 0.000000
4821 -7.591117 89.723206 -43.526409 0.000000
4822 -5.910870 91.123413 -40.796005 0.000000
4829 1.230181 90.813370 -41.896168 0.000000
4830 4.800707 90.473320 -42.366238 0.000000
4831 6.390941 88.793068 -45.576710 0.000000
4832 8.221210 90.033257 -42.766293 0.000000
4913 -20.503017 96.324181 17.462572 0.000000
4935 -24.933670 96.454201 -8.821300 0.000000
4936 -28.844246 95.354042 -8.841302 0.000000
4937 -26.803947 95.634079 -11.771733 0.000000
4938 -28.294167 93.683792 -20.643040 0.000000
4939 -30.414476 93.613777 -17.712608 0.000000
4940 -32.174740 92.423599 -20.643040 0.000000
4941 -35.955292 91.023392 -20.603033 0.000000
4942 -33.844982 91.123413 -23.533464 0.000000
4943 -35.535233 89.723206 -26.253862 0.000000
4944 -31.744675 91.123413 -26.293869 0.000000
4945 -23.463453 91.913528 -31.684664 0.000000
4946 -27.364029 90.813370 -31.734671 0.000000
4947 -25.133701 90.483322 -34.405067 0.000000
4948 -26.763941 88.963097 -37.045456 0.000000
5002 -59.328735 76.121208 -26.243862 0.000000
5004 -57.388451 76.511261 -29.234303 0.000000
5005 -50.367416 79.201653 -34.545086 0.000000
5006 -53.217838 77.051346 -35.125172 0.000000
5007 -51.027515 77.161362 -38.005596 0.000000
5009 -48.777176 77.191360 -40.796005 0.000000
5011 -46.016773 79.201653 -40.155910 0.000000
5012 -39.595829 84.852486 -35.155178 0.000000
5013 -40.315937 82.962219 -38.675694 0.000000
5014 -37.385506 84.682465 -37.865574 0.000000
5015 -35.165176 84.412430 -40.505962 0.000000
5016 -34.445068 86.302704 -36.985443 0.000000
5422 -17.682604 86.302704 -47.346970 0.000000
5423 -20.503017 84.412430 -49.567295 0.000000
5424 -17.152525 84.682465 -50.377419 0.000000
5425 -12.531845 81.231956 -56.978390 0.000000
5426 -15.952349 81.131943 -56.268284 0.000000
5430 1.560230 80.491844 -59.338734 0.000000
5431 -2.000294 80.841904 -58.848663 0.000000
5832 -36.425362 80.211807 -47.346970 0.000000
5834 -33.024860 80.341827 -49.567295 0.000000
5835 -29.564352 80.341827 -51.707611 0.000000
5836 -26.063837 80.211807 -53.757915 0.000000
5931 -5.450802 99.474640 -8.811297 0.000000
5953 -11.751730 99.324615 0.000000 0.000000
5954 -13.571999 99.044579 -2.940433 0.000000
5955 -9.671424 99.504646 -2.940433 0.000000
5956 -7.561113 99.554657 -5.890867 0.000000
6633 -19.532875 92.853668 -31.604654 0.000000
6634 -17.842627 91.913528 -35.155178 0.000000
6635 -16.162378 93.223724 -32.424774 0.000000
6636 -12.751877 93.473755 -33.204884 0.000000
6637 -9.341375 93.613777 -33.934994 0.000000
6643 10.071483 91.173416 -39.865868 0.000000
6705 -20.783060 96.724236 -14.652158 0.000000
6706 -24.713636 95.784103 -14.732169 0.000000
6707 -22.613329 95.814110 -17.632597 0.000000
6708 -24.413593 94.773956 -20.603033 0.000000
6709 -26.173853 93.613777 -23.533464 0.000000
6710 -27.874102 92.383591 -26.293869 0.000000
6711 -23.993532 93.473755 -26.253862 0.000000
6712 -21.773205 93.223724 -28.954264 0.000000
6745 -53.767914 80.491844 -25.143700 0.000000
6746 -54.588032 78.741585 -28.694225 0.000000
6747 -51.737614 80.841904 -28.114140 0.000000
6748 -49.637306 81.091942 -31.054571 0.000000
6749 -47.466988 81.231956 -33.934994 0.000000
6750 -45.356674 81.231956 -36.695400 0.000000
6751 -44.626572 83.122238 -33.204884 0.000000
6752 -41.726143 84.912491 -32.424774 0.000000
6753 -38.775707 86.602745 -31.604654 0.000000
6997 -10.921608 86.602745 -48.817184 0.000000
6998 -13.732021 84.852486 -51.137527 0.000000
6999 -10.341522 84.912491 -51.817631 0.000000
7000 -9.741434 83.122238 -54.758060 0.000000
7001 -9.131344 81.231956 -57.628487 0.000000
7599 -12.611857 97.094292 -20.403004 0.000000
7600 -10.861599 96.504211 -23.913521 0.000000
7601 -9.091337 97.354324 -21.053099 0.000000
7645 -18.782766 97.224312 14.042068 0.000000
7647 -17.062511 97.984428 10.541552 0.000000
7648 -20.953085 97.224312 10.521549 0.000000
7653 -25.163704 96.754242 -2.950434 0.000000
7654 -23.153408 97.124298 -5.890867 0.000000
7655 -21.103107 97.364334 -8.821300 0.000000
7656 -15.402267 98.644516 -5.890867 0.000000
7657 -17.222534 98.124443 -8.841302 0.000000
7658 -19.002798 97.484352 -11.771733 0.000000
7659 -16.902487 97.474350 -14.672159 0.000000
7660 -14.762173 97.354324 -17.552586 0.000000
7686 -58.478607 77.861458 -22.823359 0.000000
7688 -57.508465 79.501701 -19.352850 0.000000
7689 -55.658195 80.061783 -22.263277 0.000000
7690 -52.797768 82.132095 -21.673191 0.000000
7691 -49.857338 84.102386 -21.053099 0.000000
7692 -46.866901 85.962654 -20.403004 0.000000
7882 2.710399 85.962654 -51.047516 0.000000
7883 0.050007 84.462433 -53.567886 0.000000
7884 3.470511 84.102386 -54.017948 0.000000
7885 4.220621 82.132095 -56.918381 0.000000
7886 4.980733 80.061783 -59.738792 0.000000
9104 -26.083839 86.842789 -42.196209 0.000000
9105 -24.353584 85.592590 -45.656719 0.000000
9106 -22.773354 87.322853 -43.106342 0.000000
9107 -19.432861 87.702911 -43.966473 0.000000
9108 -16.082367 87.982956 -44.766590 0.000000
9109 -16.152380 90.813370 -38.675694 0.000000
9110 -14.422123 89.553185 -42.136204 0.000000
9111 -12.661863 88.152977 -45.516697 0.000000
9112 -9.271364 88.222984 -46.196800 0.000000
9113 -5.860863 88.182976 -46.826893 0.000000
9114 -2.440359 88.042961 -47.396976 0.000000
9115 -9.191353 95.714096 -27.504049 0.000000
9116 -7.511106 94.773956 -31.054571 0.000000
9117 -5.800854 93.683792 -34.545086 0.000000
9120 -4.070600 92.423599 -38.005596 0.000000
9121 -2.350346 91.023392 -41.376095 0.000000
9122 -0.610090 89.483170 -44.676579 0.000000
9123 1.130166 87.792923 -47.907055 0.000000
9124 4.550670 87.432869 -48.347118 0.000000
9125 7.971174 86.972801 -48.727169 0.000000
9248 -43.356380 87.792923 -20.413004 0.000000
9252 -28.624212 94.683937 -14.752171 0.000000
9253 -32.494785 93.433754 -14.752171 0.000000
9254 -36.305344 92.023544 -14.732169 0.000000
9255 -38.025597 90.813370 -17.632597 0.000000
9256 -39.685841 89.483170 -20.523022 0.000000
9257 -41.296082 88.042961 -23.383442 0.000000
9258 -39.265778 88.182976 -26.183853 0.000000
9259 -37.175472 88.222984 -28.954264 0.000000
9260 -35.045158 88.152977 -31.684664 0.000000
9261 -29.574354 91.023392 -29.034275 0.000000
9262 -31.234598 89.553185 -31.734671 0.000000
9263 -32.854836 87.982956 -34.405067 0.000000
9264 -30.634510 87.702911 -37.045456 0.000000
9265 -28.374176 87.322853 -39.645836 0.000000
9266 -29.944408 85.592590 -42.196209 0.000000
9335 -55.338146 76.831306 -32.204742 0.000000
9343 -41.566120 78.761597 -45.516697 0.000000
9344 -43.196358 81.131943 -39.435806 0.000000
9345 -40.976032 80.921906 -42.136204 0.000000
9346 -38.705700 80.621872 -44.766590 0.000000
9347 -35.825272 82.382126 -43.966473 0.000000
9348 -32.904846 84.032372 -43.106342 0.000000
9837 -23.843510 84.032372 -48.707169 0.000000
9838 -23.303429 82.382126 -51.707611 0.000000
9839 -22.733345 80.621872 -54.638042 0.000000
9840 -16.562437 82.962219 -53.347855 0.000000
9841 -19.362850 80.921906 -55.488163 0.000000
9842 -22.123257 78.761597 -57.538467 0.000000
9846 -2.760406 82.842194 -55.968239 0.000000
9847 -5.570820 81.091942 -58.278580 0.000000
