#!ascii label, from subject  
80
44 8.441242 25.993826 96.204163 0.000000
162 -11.161643 8.111195 99.054581 0.000000
163 -6.921019 21.303135 97.474350 0.000000
164 4.260627 13.121931 99.054581 0.000000
171 18.122667 13.171938 97.474350 0.000000
643 -3.460510 10.651567 99.384636 0.000000
644 2.140315 6.580969 99.774689 0.000000
845 0.760112 23.723494 97.154297 0.000000
872 15.532287 26.273867 95.244026 0.000000
873 22.803356 6.600972 97.154297 0.000000
874 25.173708 13.261951 95.884117 0.000000
875 29.784386 6.660981 95.244026 0.000000
1442 -16.672455 12.111782 97.864403 0.000000
1443 -14.562144 18.742758 97.154297 0.000000
1444 -9.061334 14.742170 98.504501 0.000000
1445 -1.330196 17.252539 98.504501 0.000000
1446 6.370938 19.602886 97.864403 0.000000
1459 13.331964 19.642891 97.154297 0.000000
1460 11.221652 13.171938 98.504501 0.000000
1461 16.002356 6.600972 98.504501 0.000000
1847 20.393002 19.842920 95.884117 0.000000
2765 4.610679 24.883661 96.764244 0.000000
2766 1.820268 27.073986 96.264168 0.000000
2792 12.001766 26.143850 95.784103 0.000000
2794 26.313873 6.630976 96.264168 0.000000
3362 -13.932051 10.121490 98.524498 0.000000
3363 -12.881896 13.441978 98.264465 0.000000
3364 -10.121490 11.431683 98.844551 0.000000
3365 0.400059 11.891751 99.304619 0.000000
3366 -2.400353 13.962054 99.004570 0.000000
3367 1.470216 15.202237 98.844551 0.000000
3368 2.520371 18.442715 98.264465 0.000000
3369 5.320783 16.372412 98.524498 0.000000
3376 -16.762468 8.101192 98.264465 0.000000
3391 8.801296 16.402414 98.264465 0.000000
3392 7.751141 13.161939 98.844551 0.000000
3970 -10.751583 20.042950 97.394333 0.000000
3971 -13.571999 22.143259 96.584213 0.000000
3972 -9.751435 23.433451 96.744247 0.000000
4058 15.742317 16.422417 97.394333 0.000000
4059 16.872482 19.752907 96.584213 0.000000
4060 19.272837 16.512430 96.744247 0.000000
5763 -7.321078 9.391383 99.304619 0.000000
5764 -4.530667 7.361084 99.644669 0.000000
5765 -0.660097 8.621269 99.644669 0.000000
5766 3.200471 9.851450 99.474640 0.000000
5779 6.670981 9.861451 99.304619 0.000000
6127 -3.080453 22.533318 97.394333 0.000000
6128 -5.880866 24.683634 96.744247 0.000000
6129 -2.030299 25.893810 96.584213 0.000000
6179 20.483015 9.891456 97.394333 0.000000
6180 21.663189 13.221947 96.744247 0.000000
6181 24.003532 9.941463 96.584213 0.000000
6182 27.504049 9.961467 95.644081 0.000000
6183 30.954557 9.971467 94.573921 0.000000
6184 34.235039 9.981469 93.443756 0.000000
7202 -19.402857 14.102077 97.094292 0.000000
7203 -18.352701 17.422565 96.764244 0.000000
7204 -15.632300 15.442274 97.574364 0.000000
7205 -11.821740 16.752466 97.894409 0.000000
7206 -8.001178 18.032654 98.054436 0.000000
7207 -6.270924 12.701871 99.004570 0.000000
7208 -5.200766 16.012358 98.584511 0.000000
7209 -4.130608 19.292841 98.054436 0.000000
7210 -0.280041 20.503017 97.894409 0.000000
7211 3.570526 21.683191 97.574364 0.000000
7212 7.411091 22.813358 97.094292 0.000000
7222 -19.512873 10.091486 97.574364 0.000000
7243 10.891603 22.833361 96.764244 0.000000
7244 9.851450 19.632889 97.574364 0.000000
7245 12.281808 16.422417 97.894409 0.000000
7246 14.682160 13.181940 98.054436 0.000000
7247 10.151494 9.881454 99.004570 0.000000
7248 13.622005 9.901457 98.584511 0.000000
7249 17.072514 9.891456 98.054436 0.000000
7250 19.412857 6.610973 97.894409 0.000000
8165 14.442126 22.973381 96.264168 0.000000
8166 17.972645 23.073397 95.644081 0.000000
8168 22.793354 16.562437 95.964134 0.000000
8177 37.495522 10.001472 92.183571 0.000000
