#!ascii label, from subject  
108
119 44.726585 85.082527 -27.644068 0.000000
247 64.089439 75.881172 -11.731727 0.000000
249 70.720406 70.720406 0.000000 0.000000
260 52.397709 84.032372 -13.992060 0.000000
261 57.038395 78.031494 -25.713783 0.000000
427 39.165764 75.881172 -52.077667 0.000000
507 75.001038 64.669525 14.012063 0.000000
519 35.955292 84.032372 -40.615978 0.000000
520 48.497135 78.031494 -39.515816 0.000000
727 61.589069 78.581566 -5.880866 0.000000
728 67.579948 73.490814 -5.880866 0.000000
729 64.949562 76.051193 0.000000 0.000000
741 58.398594 80.161804 -12.901898 0.000000
1140 40.465958 84.812477 -34.235039 0.000000
1141 42.326229 81.231956 -40.165913 0.000000
1142 46.736877 81.762039 -33.664955 0.000000
1620 48.717171 84.812477 -20.883076 0.000000
1621 51.007507 81.762039 -26.743937 0.000000
1622 54.848072 81.231956 -19.902929 0.000000
1623 60.758945 77.191360 -18.782766 0.000000
1957 32.804829 78.581566 -52.457722 0.000000
1958 29.044275 76.051193 -58.098553 0.000000
2164 73.090752 67.909996 7.021034 0.000000
2166 76.601280 60.758945 21.083103 0.000000
2199 31.214594 82.722176 -46.736877 0.000000
2200 37.655544 80.161804 -46.466839 0.000000
2201 43.966473 77.191360 -45.936764 0.000000
2203 52.947792 78.291527 -32.724819 0.000000
2647 60.218868 79.791748 -2.940433 0.000000
2648 63.309322 77.371391 -2.940433 0.000000
2661 58.718647 80.711876 -6.450949 0.000000
3059 38.925732 86.722763 -31.104578 0.000000
3060 42.626274 85.012512 -30.964558 0.000000
3061 43.626419 83.342270 -33.975002 0.000000
3062 45.756737 83.472290 -30.674513 0.000000
3622 65.229607 74.390945 -14.642156 0.000000
3625 69.200188 72.150620 -2.940433 0.000000
3627 72.000595 69.350212 -2.940433 0.000000
3629 73.440811 67.889992 0.000000 0.000000
3660 50.597450 84.492432 -17.452570 0.000000
3661 51.817631 83.072235 -20.403004 0.000000
3662 53.657898 82.682167 -16.952494 0.000000
3663 61.289021 78.071487 -12.321814 0.000000
3664 59.608776 78.731590 -15.852334 0.000000
3665 62.469196 76.591278 -15.272248 0.000000
4297 36.005299 77.271378 -52.297695 0.000000
4298 34.175030 76.091202 -55.178120 0.000000
4775 74.100906 66.339760 10.521549 0.000000
4776 75.711151 64.969574 7.031035 0.000000
4777 76.671288 63.349331 10.521549 0.000000
4856 34.455074 86.052666 -37.545528 0.000000
4858 32.114727 85.522583 -40.715992 0.000000
4860 33.614948 83.442284 -43.706436 0.000000
4861 34.455074 81.491997 -46.626862 0.000000
4862 36.825420 82.152092 -43.566414 0.000000
4863 45.446690 79.681725 -39.865868 0.000000
4864 43.176353 79.261665 -43.076340 0.000000
4865 46.266808 77.671440 -42.766293 0.000000
4866 47.026924 75.591125 -45.576710 0.000000
4867 49.297256 76.011192 -42.366238 0.000000
4868 54.057957 79.951767 -26.243862 0.000000
4869 52.007656 80.081787 -29.754381 0.000000
4870 55.038101 78.221512 -29.234303 0.000000
5917 62.879257 77.271378 -8.811297 0.000000
5918 65.879692 74.731003 -8.811297 0.000000
5919 64.639519 76.091202 -5.890867 0.000000
5920 66.309753 74.811012 -2.940433 0.000000
5921 67.889992 73.440811 0.000000 0.000000
5941 55.438160 82.152092 -13.451980 0.000000
5942 57.118408 81.491997 -9.961467 0.000000
5943 60.038841 79.431694 -9.401383 0.000000
6610 73.200768 65.869698 17.462572 0.000000
6659 36.715405 86.452728 -34.355057 0.000000
6660 38.235626 84.492432 -37.455513 0.000000
6661 39.165764 82.682167 -40.415951 0.000000
6662 41.426102 83.072235 -37.225479 0.000000
6663 44.566563 81.562012 -36.945438 0.000000
6664 47.647015 79.951767 -36.615391 0.000000
6666 58.018539 76.241226 -28.694225 0.000000
7620 46.756882 85.012512 -24.283573 0.000000
7621 47.897049 83.472290 -27.214006 0.000000
7622 49.897343 83.342270 -23.833508 0.000000
7623 52.977795 81.562012 -23.343437 0.000000
7624 55.978241 79.681725 -22.823359 0.000000
7625 56.668346 80.761887 -16.412416 0.000000
7626 57.838516 79.261665 -19.352850 0.000000
7627 58.938671 77.671440 -22.263277 0.000000
8467 29.564352 79.791748 -52.547733 0.000000
8468 27.694075 78.541557 -55.378147 0.000000
8469 30.944553 77.371391 -55.308136 0.000000
9053 69.140175 72.180626 3.510517 0.000000
9056 71.960587 69.370209 3.520518 0.000000
9057 74.630989 66.489784 3.520518 0.000000
9062 75.861168 62.769241 17.562586 0.000000
9159 28.774237 81.882057 -49.697315 0.000000
9160 32.034718 80.711876 -49.627304 0.000000
9161 35.255188 79.431694 -49.497284 0.000000
9162 38.435658 78.071487 -49.307259 0.000000
9163 40.025894 80.761887 -43.346382 0.000000
9164 40.836014 78.731590 -46.226803 0.000000
9165 41.596123 76.591278 -49.047218 0.000000
9166 44.676579 75.051048 -48.727169 0.000000
9169 48.917202 81.832047 -30.234451 0.000000
9170 49.867340 80.081787 -33.214890 0.000000
9171 50.767475 78.221512 -36.145321 0.000000
9172 55.968239 76.371246 -32.204742 0.000000
9173 53.827927 76.371246 -35.665249 0.000000
9174 51.607594 76.241226 -39.065750 0.000000
