#!ascii label, from subject  
121
77 51.287548 69.390213 -50.577446 0.000000
197 62.419193 61.569061 -48.117085 0.000000
198 56.238281 57.138416 -59.798801 0.000000
199 66.689819 48.447128 -56.638336 0.000000
429 44.186504 64.749535 -62.109142 0.000000
521 60.518906 70.300346 -37.395504 0.000000
678 64.769539 55.198128 -52.547733 0.000000
679 69.700264 50.637451 -50.807484 0.000000
954 47.857048 67.239891 -56.488319 0.000000
955 58.168564 50.427422 -63.839397 0.000000
956 52.477722 54.518024 -65.389633 0.000000
1102 69.730263 65.639656 -28.854248 0.000000
1104 73.640839 63.469341 -23.473455 0.000000
1145 64.549500 70.070320 -30.424479 0.000000
1146 65.889694 66.099724 -35.945290 0.000000
1335 34.015007 64.949562 -68.020012 0.000000
1336 26.403887 67.909996 -68.520088 0.000000
1507 56.988392 65.639656 -49.467281 0.000000
1508 53.937943 63.469341 -55.368153 0.000000
1509 59.478752 59.498760 -54.087959 0.000000
1510 61.609066 52.917789 -58.358593 0.000000
1511 63.359325 46.036774 -62.209156 0.000000
1960 37.995594 67.899994 -62.839252 0.000000
1961 40.285931 61.929115 -67.409927 0.000000
1962 50.347416 61.098995 -61.118996 0.000000
1963 46.476841 58.378593 -66.599800 0.000000
2205 56.078255 70.070320 -44.136497 0.000000
2206 61.619072 66.099724 -42.856308 0.000000
2400 75.291084 46.576855 -46.536850 0.000000
2536 72.510674 44.546558 -52.547733 0.000000
2598 68.680107 53.967949 -48.707169 0.000000
2599 71.080460 51.637604 -47.797035 0.000000
2874 49.597301 68.360062 -53.567886 0.000000
3022 68.990158 67.549942 -26.063837 0.000000
3023 71.730560 64.589508 -26.183853 0.000000
3063 65.509644 71.690552 -23.913521 0.000000
3065 66.419777 69.790276 -26.853952 0.000000
3066 67.179886 67.899994 -29.654366 0.000000
3472 59.738792 63.639370 -48.817184 0.000000
3473 58.278580 62.619217 -51.817631 0.000000
3474 60.988976 60.568916 -51.137527 0.000000
3475 65.779678 51.867634 -54.638042 0.000000
3476 63.229309 54.087959 -55.488163 0.000000
3477 64.189445 50.717464 -57.538467 0.000000
3478 62.539204 49.517288 -60.328884 0.000000
3479 65.059578 47.266960 -59.458752 0.000000
4300 43.026333 67.699966 -59.738792 0.000000
4301 39.925877 69.260193 -60.098846 0.000000
4302 41.116055 66.369774 -62.509201 0.000000
4303 39.175766 64.969574 -65.179596 0.000000
4304 42.266220 63.379333 -64.799538 0.000000
4305 55.128113 60.348885 -57.628487 0.000000
4306 52.167679 62.329174 -58.278580 0.000000
4307 53.327854 59.158707 -60.498909 0.000000
4308 50.497433 53.107819 -68.060013 0.000000
4309 49.507286 56.488319 -66.039719 0.000000
4310 47.506992 55.048103 -68.680107 0.000000
4311 44.476547 56.898376 -69.190186 0.000000
4875 58.348591 70.240341 -40.796005 0.000000
4876 58.888668 68.130035 -43.526409 0.000000
4877 61.098995 68.240044 -40.155910 0.000000
4878 68.460075 63.879406 -35.155178 0.000000
4879 66.439781 63.979420 -38.675694 0.000000
5694 76.611275 43.486401 -47.346970 0.000000
5695 73.940887 45.586708 -49.567295 0.000000
5696 75.241081 42.476250 -50.377419 0.000000
5828 63.649368 58.428604 -50.377419 0.000000
5829 66.199738 56.238281 -49.567295 0.000000
5830 67.269897 52.947792 -51.707611 0.000000
5831 68.230042 49.577297 -53.757915 0.000000
6325 44.856606 68.930145 -56.918381 0.000000
6326 46.046776 66.039719 -59.338734 0.000000
6327 57.248425 53.827927 -61.869106 0.000000
6328 54.398006 55.858219 -62.639217 0.000000
6329 55.358147 52.507725 -64.659523 0.000000
6592 70.380363 63.639370 -31.604654 0.000000
6594 72.410652 62.619217 -28.954264 0.000000
6595 74.350945 61.519058 -26.253862 0.000000
6596 76.201218 60.348885 -23.533464 0.000000
6669 62.589214 70.240341 -33.934994 0.000000
6670 63.239311 68.240044 -36.695400 0.000000
6671 65.259605 68.130035 -33.204884 0.000000
6672 67.869987 65.919701 -32.424774 0.000000
7011 32.844833 67.889992 -65.689667 0.000000
7012 29.034275 69.370209 -65.939705 0.000000
7013 30.234451 66.489784 -68.330055 0.000000
7357 54.167973 67.549942 -50.047367 0.000000
7358 52.647755 66.479782 -53.017803 0.000000
7359 55.498169 64.589508 -52.447720 0.000000
7360 56.738354 61.519058 -54.758060 0.000000
7361 57.888523 58.348591 -56.978390 0.000000
7362 62.159153 57.378448 -53.347855 0.000000
7363 60.588917 56.258282 -56.268284 0.000000
7364 58.958679 55.058105 -59.118698 0.000000
7365 59.928825 51.707611 -61.138996 0.000000
7366 60.798950 48.257103 -63.059284 0.000000
8474 34.835129 69.350212 -63.079285 0.000000
8475 36.025303 66.469780 -65.469635 0.000000
8476 37.175472 63.479347 -67.759972 0.000000
8477 38.265636 60.398895 -69.940292 0.000000
8478 50.927494 65.399628 -55.968239 0.000000
8479 49.137230 64.219452 -58.848663 0.000000
8480 47.296963 62.969269 -61.649075 0.000000
8481 51.457577 57.858517 -63.309322 0.000000
8482 48.437130 59.778801 -63.899406 0.000000
8483 45.366680 61.619072 -64.409485 0.000000
8484 43.406387 60.188866 -67.049873 0.000000
8485 41.396091 58.688637 -69.610245 0.000000
9035 77.961472 59.158707 -20.643040 0.000000
9177 53.727905 69.790276 -47.396976 0.000000
9178 56.568325 67.899994 -46.826893 0.000000
9179 59.348736 65.919701 -46.196800 0.000000
9180 62.059139 63.879406 -45.516697 0.000000
9181 63.809395 66.149734 -39.435806 0.000000
9182 64.299469 63.979420 -42.136204 0.000000
9756 73.870872 49.607300 -45.656719 0.000000
10162 72.550674 48.647160 -48.707169 0.000000
10163 71.140480 47.617008 -51.707611 0.000000
10164 69.650253 46.536850 -54.638042 0.000000
10166 70.980446 43.416389 -55.488163 0.000000
10167 68.070015 45.376678 -57.538467 0.000000
