#!ascii label, from subject  
61
114 80.911911 58.788658 0.000000 0.000000
115 86.192688 42.536259 27.644068 0.000000
248 75.311089 64.749535 -11.741728 0.000000
508 84.682465 51.347557 14.012063 0.000000
1105 78.311531 61.929115 -5.890867 0.000000
1106 80.351822 58.378593 -11.781734 0.000000
1107 83.102234 55.348145 -5.890867 0.000000
1109 85.272545 52.257690 0.000000 0.000000
1113 82.212105 49.647308 27.924109 0.000000
1115 85.722618 47.096931 20.893076 0.000000
1116 88.513031 44.406540 14.042068 0.000000
1117 89.263138 39.985886 20.883076 0.000000
1606 82.592163 44.836601 34.235039 0.000000
1607 85.872643 38.675694 33.664955 0.000000
2168 83.072235 55.248131 7.031035 0.000000
2169 87.172829 48.527145 7.021034 0.000000
3025 79.661728 60.398895 -2.950434 0.000000
3026 80.771889 58.688637 -5.890867 0.000000
3027 82.062080 57.098408 -2.950434 0.000000
3028 84.242401 53.837925 -2.950434 0.000000
3029 83.162247 55.568176 0.000000 0.000000
3033 84.272408 46.136787 27.804092 0.000000
3034 84.032372 48.417126 24.433596 0.000000
3035 86.032661 44.856606 24.293575 0.000000
3036 87.562889 43.576416 20.903078 0.000000
3037 87.792923 41.296082 24.283573 0.000000
3038 89.353157 38.095608 23.833508 0.000000
3039 87.812927 39.375793 27.214006 0.000000
4755 73.670837 66.039719 -14.652158 0.000000
4781 83.132240 52.757763 17.562586 0.000000
4783 82.462143 54.818066 14.042068 0.000000
4785 83.942360 53.337849 10.521549 0.000000
4786 85.182541 51.927647 7.031035 0.000000
4787 85.992653 49.977360 10.521549 0.000000
4800 85.542587 36.675396 36.615391 0.000000
6597 76.861313 63.379333 -8.821300 0.000000
6598 77.901466 61.619072 -11.771733 0.000000
6599 79.381683 60.188866 -8.841302 0.000000
6600 81.772041 56.898376 -8.841302 0.000000
6603 85.212540 52.027660 -5.890867 0.000000
6604 86.292702 50.477432 -2.940433 0.000000
6605 87.262848 48.867191 0.000000 0.000000
6613 81.902054 51.907639 24.523609 0.000000
6614 83.652313 50.627457 21.003092 0.000000
6615 85.272545 49.267250 17.462572 0.000000
6616 86.662758 47.907055 14.042068 0.000000
6617 87.182831 45.786739 17.482573 0.000000
6618 88.963097 42.226215 17.482573 0.000000
7571 72.670692 67.699966 -11.771733 0.000000
7587 82.462143 47.276958 31.104578 0.000000
7588 84.452431 43.716434 30.964558 0.000000
7589 86.082672 40.635983 30.674513 0.000000
7590 84.282410 41.786152 33.975002 0.000000
7591 83.992371 39.785854 36.945438 0.000000
7592 83.602310 37.745560 39.865868 0.000000
9068 82.062080 57.068398 3.520518 0.000000
9069 84.242401 53.797916 3.520518 0.000000
9070 86.292702 50.437424 3.520518 0.000000
9071 88.212990 47.006920 3.520518 0.000000
9072 87.912941 46.506847 10.541552 0.000000
9087 87.672913 37.455513 30.234451 0.000000
