#!ascii label, from subject  
91
71 14.372116 -96.204163 23.253424 0.000000
73 67.089867 -68.830132 27.644068 0.000000
189 36.635391 -86.502731 34.315052 0.000000
193 48.157089 -79.271660 37.395504 0.000000
417 7.251067 -99.054581 11.731727 0.000000
582 77.671440 -56.438309 28.014122 0.000000
669 32.214745 -85.992653 39.615833 0.000000
670 29.014271 -89.303146 34.425064 0.000000
936 10.841596 -97.864403 17.532581 0.000000
940 46.696873 -83.052223 30.424479 0.000000
941 52.507725 -79.021629 31.634657 0.000000
1290 68.160034 -64.689522 34.235039 0.000000
1291 73.470818 -58.478607 34.425064 0.000000
1292 72.620689 -62.839252 27.924109 0.000000
1497 17.832624 -94.083847 28.854248 0.000000
1501 42.496254 -83.092232 35.945290 0.000000
1940 63.319317 -69.710266 33.664955 0.000000
1941 53.837925 -74.951035 38.555679 0.000000
1942 58.098553 -74.540970 32.724819 0.000000
1943 61.999123 -73.780861 26.743937 0.000000
2323 7.341080 -96.674232 24.543612 0.000000
2324 3.780556 -98.164452 18.782766 0.000000
2325 0.130019 -99.174591 12.901898 0.000000
2856 12.611857 -97.094292 20.403004 0.000000
3210 67.679962 -66.809830 30.964558 0.000000
3211 70.450371 -63.819397 31.104578 0.000000
3212 69.920296 -65.889694 27.804092 0.000000
3449 38.775707 -86.602745 31.604654 0.000000
3451 35.045158 -88.152977 31.684664 0.000000
3452 25.133701 -90.483322 34.405067 0.000000
3453 27.364029 -90.813370 31.734671 0.000000
3454 23.463453 -91.913528 31.684664 0.000000
3455 21.773205 -93.223724 28.954264 0.000000
3460 37.385506 -84.682465 37.865574 0.000000
3461 40.315937 -82.962219 38.675694 0.000000
3462 39.595829 -84.852486 35.155178 0.000000
3463 41.726143 -84.912491 32.424774 0.000000
4251 5.450802 -99.474640 8.811297 0.000000
4258 63.799393 -67.589951 36.945438 0.000000
4259 61.309025 -70.020309 36.615391 0.000000
4262 51.027515 -77.161362 38.005596 0.000000
4263 54.588032 -78.741585 28.694225 0.000000
4264 55.338146 -76.831306 32.204742 0.000000
4265 57.388451 -76.511261 29.234303 0.000000
4266 60.088844 -74.210922 29.754381 0.000000
5168 5.560819 -97.474350 21.673191 0.000000
5169 2.030299 -97.484352 22.263277 0.000000
5313 75.631134 -57.498463 31.244600 0.000000
5315 78.061493 -54.157970 31.244600 0.000000
5317 80.011780 -53.087814 27.994122 0.000000
5813 34.445068 -86.302704 36.985443 0.000000
5814 32.854836 -87.982956 34.405067 0.000000
5815 30.634510 -87.702911 37.045456 0.000000
5816 26.763941 -88.963097 37.045456 0.000000
5821 35.165176 -84.412430 40.505962 0.000000
6294 9.051332 -98.524498 14.642156 0.000000
6300 47.466988 -81.231956 33.934994 0.000000
6301 50.367416 -79.201653 34.545086 0.000000
6302 49.637306 -81.091942 31.054571 0.000000
6932 70.870430 -61.639072 34.355057 0.000000
6933 73.100754 -60.708939 31.194590 0.000000
6934 75.211067 -59.688789 27.994122 0.000000
7330 31.234598 -89.553185 31.734671 0.000000
7334 20.062952 -94.413902 26.183853 0.000000
7335 16.112371 -95.204018 26.063837 0.000000
7342 43.196358 -81.131943 39.435806 0.000000
7343 45.356674 -81.231956 36.695400 0.000000
7344 44.626572 -83.122238 33.204884 0.000000
7345 43.816452 -84.872498 29.654366 0.000000
8418 66.209740 -65.069580 37.225479 0.000000
8419 65.779678 -67.239891 33.975002 0.000000
8420 65.249611 -69.320198 30.674513 0.000000
8423 56.568325 -72.640694 39.065750 0.000000
8424 53.217838 -77.051346 35.125172 0.000000
8425 55.998241 -74.801010 35.665249 0.000000
8426 58.708641 -72.450661 36.145321 0.000000
8427 60.748943 -72.180626 33.214890 0.000000
8428 62.709229 -71.810577 30.234451 0.000000
8429 64.589508 -71.350510 27.214006 0.000000
9520 12.711872 -95.494057 26.853952 0.000000
9529 10.861599 -96.504211 23.913521 0.000000
9530 9.091337 -97.354324 21.053099 0.000000
9531 7.311076 -98.074432 18.172674 0.000000
9532 5.520813 -98.684525 15.272248 0.000000
9533 0.200029 -98.124443 19.352850 0.000000
9534 1.950287 -98.734535 15.852334 0.000000
9535 3.690543 -99.184601 12.321814 0.000000
9711 72.010597 -64.959564 24.433596 0.000000
9712 74.670990 -61.849102 24.523609 0.000000
9713 77.201370 -58.648628 24.573616 0.000000
9716 79.631714 -55.298141 24.573616 0.000000
