#!ascii label, from subject  
239
20 68.830132 -50.007362 52.577736 0.000000
67 -51.287548 -69.390213 50.577446 0.000000
72 50.147381 -70.210342 50.577446 0.000000
141 86.192688 -42.536259 27.644068 0.000000
192 39.265778 -78.391533 48.117085 0.000000
308 85.102524 -34.625095 39.515816 0.000000
309 78.481552 -46.846897 40.615978 0.000000
418 60.058842 -60.688934 52.077667 0.000000
473 25.473751 -78.391533 56.638336 0.000000
475 11.911754 -79.271660 59.798801 0.000000
476 -2.310340 -78.361534 62.109142 0.000000
477 -15.982352 -75.801163 63.259312 0.000000
480 -31.624655 -70.720406 63.259312 0.000000
481 -44.186504 -64.749535 62.109142 0.000000
491 47.927055 -62.029129 62.109142 0.000000
492 36.955441 -71.140480 59.798801 0.000000
579 90.283295 -21.303135 37.395504 0.000000
787 72.730698 -44.296520 52.457722 0.000000
788 77.581421 -42.716286 46.466839 0.000000
789 73.880867 -48.577148 46.736877 0.000000
937 55.238129 -65.609657 51.447575 0.000000
938 59.828812 -65.669670 45.936764 0.000000
1038 18.742758 -79.031631 58.358593 0.000000
1043 -9.171350 -77.271378 62.839252 0.000000
1051 -26.403887 -67.909996 68.520088 0.000000
1052 -34.015007 -64.949562 68.020012 0.000000
1053 -37.995594 -67.899994 62.839252 0.000000
1054 -40.285931 -61.929115 67.409927 0.000000
1078 35.635246 -66.759827 65.389633 0.000000
1080 31.294607 -74.951035 58.358593 0.000000
1283 88.703056 -17.252539 42.856308 0.000000
1284 86.562737 -23.723494 44.136497 0.000000
1285 85.872643 -38.675694 33.664955 0.000000
1286 88.853081 -32.214745 32.724819 0.000000
1287 89.333153 -36.165325 26.743937 0.000000
1498 44.816597 -74.480965 49.467281 0.000000
1706 83.902351 -30.384472 45.166649 0.000000
1707 80.941917 -36.605389 45.936764 0.000000
1708 81.992073 -40.836014 40.165913 0.000000
1709 82.592163 -44.836601 34.235039 0.000000
1936 64.599510 -55.478168 52.457722 0.000000
1937 69.030159 -55.258133 46.736877 0.000000
1938 64.599510 -60.578918 46.466839 0.000000
2075 4.810708 -79.021629 61.118996 0.000000
2077 -7.641125 -81.632019 57.278435 0.000000
2078 -14.492133 -80.311821 57.818512 0.000000
2079 -21.203119 -78.601570 58.098553 0.000000
2087 -23.883516 -73.510818 63.469341 0.000000
2088 -29.044275 -76.051193 58.098553 0.000000
2089 -35.485222 -73.490814 57.818512 0.000000
2090 -41.806156 -70.530388 57.278435 0.000000
2091 -47.857048 -67.239891 56.488319 0.000000
2093 -50.347416 -61.098995 61.118996 0.000000
2094 -53.937943 -63.469341 55.368153 0.000000
2095 -59.478752 -59.498760 54.087959 0.000000
2117 58.928677 -56.458309 57.818512 0.000000
2118 54.167973 -61.559055 57.278435 0.000000
2119 49.157234 -66.289757 56.488319 0.000000
2121 42.556263 -66.759827 61.118996 0.000000
2122 43.696430 -70.910439 55.368153 0.000000
2123 38.205624 -74.951035 54.087959 0.000000
2124 32.474781 -78.651581 52.547733 0.000000
2376 87.922943 -28.034126 38.555679 0.000000
2707 70.820427 -47.176945 52.547733 0.000000
2708 73.350792 -46.466839 49.627304 0.000000
2709 71.410515 -49.327259 49.697315 0.000000
2857 52.717762 -67.950005 51.047516 0.000000
2858 55.078106 -68.060013 48.347118 0.000000
2859 52.517731 -70.360359 47.907055 0.000000
2973 -37.175472 -63.479347 67.759972 0.000000
3204 84.482437 -24.883661 47.396976 0.000000
3205 86.082672 -40.635983 30.674513 0.000000
3206 87.672913 -37.455513 30.234451 0.000000
3207 87.812927 -39.375793 27.214006 0.000000
3457 42.066193 -76.481262 48.817184 0.000000
3803 80.261818 -34.455074 48.727169 0.000000
3804 78.671577 -37.515522 49.047218 0.000000
3805 78.081497 -44.816597 43.566414 0.000000
3806 79.851753 -41.806156 43.346382 0.000000
3807 80.281815 -43.866459 40.415951 0.000000
3808 82.342125 -42.856308 37.225479 0.000000
3809 80.591866 -45.876751 37.455513 0.000000
4252 62.369183 -58.118557 52.297695 0.000000
4253 64.649513 -58.078548 49.497284 0.000000
4254 62.369183 -60.678932 49.307259 0.000000
4547 26.063837 -80.211807 53.757915 0.000000
4550 15.332257 -79.201653 59.118698 0.000000
4552 12.531845 -81.231956 56.978390 0.000000
4554 9.131344 -81.231956 57.628487 0.000000
4560 1.250184 -78.741585 61.649075 0.000000
4561 2.000294 -80.841904 58.848663 0.000000
4562 -1.560230 -80.491844 59.338734 0.000000
4564 -4.980733 -80.061783 59.738792 0.000000
4565 -12.581852 -76.581276 63.079285 0.000000
4566 -11.841743 -78.851601 60.378887 0.000000
4567 -15.242244 -78.111496 60.578918 0.000000
4568 -17.852629 -79.501701 57.988537 0.000000
4569 -18.602739 -77.261375 60.718937 0.000000
4588 -29.034275 -69.370209 65.939705 0.000000
4589 -25.163704 -70.770416 66.049721 0.000000
4590 -27.784088 -72.180626 63.419338 0.000000
4591 -26.483900 -74.841019 60.828953 0.000000
4592 -30.364470 -73.440811 60.718937 0.000000
4593 -32.284756 -74.811012 57.988537 0.000000
4594 -33.574944 -72.150620 60.578918 0.000000
4595 -41.116055 -66.369774 62.509201 0.000000
4596 -39.925877 -69.260193 60.098846 0.000000
4597 -43.026333 -67.699966 59.738792 0.000000
4598 -44.856606 -68.930145 56.918381 0.000000
4599 -46.046776 -66.039719 59.338734 0.000000
4604 -51.457577 -57.858517 63.309322 0.000000
4605 -53.327854 -59.158707 60.498909 0.000000
4606 -52.167679 -62.329174 58.278580 0.000000
4607 -55.128113 -60.348885 57.628487 0.000000
4608 -56.738354 -61.519058 54.758060 0.000000
4663 53.537884 -59.378738 60.098846 0.000000
4664 51.087521 -61.839104 59.738792 0.000000
4665 51.697609 -63.959415 56.918381 0.000000
4666 48.577148 -64.209457 59.338734 0.000000
4670 36.315342 -68.990158 62.639217 0.000000
4671 39.125759 -66.819832 63.309322 0.000000
4672 39.785854 -68.990158 60.498909 0.000000
4673 43.156349 -68.880142 58.278580 0.000000
4674 40.355938 -71.080460 57.628487 0.000000
4675 40.976032 -72.970741 54.758060 0.000000
4676 37.605534 -73.090752 56.978390 0.000000
4677 28.404182 -76.721291 57.538467 0.000000
4678 31.904697 -76.851318 55.488163 0.000000
4679 28.994268 -78.591568 54.638042 0.000000
5290 89.543182 -19.292841 40.155910 0.000000
5291 90.503319 -16.012358 39.435806 0.000000
5295 84.562454 -32.524788 42.366238 0.000000
5296 85.982658 -29.234303 41.896168 0.000000
5297 86.572739 -31.344614 39.065750 0.000000
5298 90.503319 -30.934553 29.234303 0.000000
5299 90.173279 -28.884253 32.204742 0.000000
5310 68.970154 -57.748501 43.706436 0.000000
5311 71.520531 -54.508022 43.776443 0.000000
6026 76.981331 -40.565971 49.307259 0.000000
6027 75.211067 -43.536407 49.497284 0.000000
6028 75.781158 -45.676723 46.626862 0.000000
6029 76.241226 -47.747028 43.706436 0.000000
6295 57.678490 -63.189301 51.797626 0.000000
6296 59.988831 -63.229309 49.047218 0.000000
6297 57.568474 -65.679665 48.727169 0.000000
6473 24.853659 -76.481262 59.458752 0.000000
6474 22.123257 -78.761597 57.538467 0.000000
6475 21.483162 -76.821312 60.328884 0.000000
6476 18.092663 -77.051346 61.138996 0.000000
6483 -5.740845 -77.861458 62.509201 0.000000
6484 -6.490956 -75.581123 65.179596 0.000000
6485 -9.921460 -74.951035 65.469635 0.000000
6486 -13.331964 -74.230927 65.689667 0.000000
6499 -30.234451 -66.489784 68.330055 0.000000
6500 -32.844833 -67.889992 65.689667 0.000000
6501 -34.835129 -69.350212 63.079285 0.000000
6502 -36.025303 -66.469780 65.469635 0.000000
6503 -39.175766 -64.969574 65.179596 0.000000
6504 -42.266220 -63.379333 64.799538 0.000000
6548 32.824833 -68.880142 64.659523 0.000000
6549 33.494930 -71.080460 61.869106 0.000000
6550 34.145027 -73.090752 59.118698 0.000000
6551 30.654512 -72.970741 61.138996 0.000000
6552 27.774088 -74.781006 60.328884 0.000000
6919 87.682907 -20.503017 43.526409 0.000000
6920 88.493027 -22.533318 40.796005 0.000000
6921 85.542587 -36.675396 36.615391 0.000000
6922 87.052818 -33.444923 36.145321 0.000000
6923 87.412872 -35.475224 33.214890 0.000000
6924 89.143127 -34.215034 29.754381 0.000000
7336 47.506992 -72.390656 50.047367 0.000000
7337 49.767323 -72.660690 47.396976 0.000000
7338 47.096931 -74.781006 46.826893 0.000000
7820 83.142242 -28.204153 47.907055 0.000000
7821 81.752029 -31.344614 48.347118 0.000000
7822 82.472137 -33.514931 45.576710 0.000000
7823 83.092232 -35.645245 42.766293 0.000000
7824 79.311668 -39.685841 46.226803 0.000000
7825 81.522003 -38.745705 43.076340 0.000000
7826 83.602310 -37.745560 39.865868 0.000000
7827 83.992371 -39.785854 36.945438 0.000000
7828 84.282410 -41.786152 33.975002 0.000000
7829 84.452431 -43.716434 30.964558 0.000000
8410 66.749825 -52.777771 52.547733 0.000000
8411 68.980156 -52.667751 49.697315 0.000000
8412 66.859840 -55.408157 49.627304 0.000000
8413 66.859840 -57.948528 46.626862 0.000000
8415 62.259163 -63.169304 46.226803 0.000000
8793 8.371232 -79.201653 60.498909 0.000000
8794 5.570820 -81.091942 58.278580 0.000000
8800 -8.411238 -79.501701 60.098846 0.000000
8801 -11.071630 -81.021927 57.578476 0.000000
8826 -17.282545 -73.190773 65.939705 0.000000
8828 -21.233126 -72.040604 66.049721 0.000000
8829 -19.952936 -74.721001 63.419338 0.000000
8830 -22.563322 -76.111198 60.828953 0.000000
8831 -25.143700 -77.391396 58.148560 0.000000
8836 -36.775414 -70.750420 60.378887 0.000000
8837 -38.665691 -72.060608 57.578476 0.000000
8839 -43.596416 -71.720558 54.398006 0.000000
8840 -46.626862 -70.080315 54.017948 0.000000
8841 -49.597301 -68.360062 53.567886 0.000000
8843 -43.406387 -60.188866 67.049873 0.000000
8844 -45.366680 -61.619072 64.409485 0.000000
8846 -48.437130 -59.778801 63.899406 0.000000
8847 -47.296963 -62.969269 61.649075 0.000000
8848 -49.137230 -64.219452 58.848663 0.000000
8849 -50.927494 -65.399628 55.968239 0.000000
8850 -52.647755 -66.479782 53.017803 0.000000
8851 -55.498169 -64.589508 52.447720 0.000000
8915 64.019424 -53.337849 55.308136 0.000000
8916 61.809093 -56.018250 55.178120 0.000000
8917 59.528763 -58.618626 54.988094 0.000000
8918 55.928230 -56.838367 60.378887 0.000000
8919 56.578327 -59.038692 57.578476 0.000000
8920 57.158417 -61.169003 54.718052 0.000000
8921 54.738056 -63.619366 54.398006 0.000000
8922 52.237690 -65.999710 54.017948 0.000000
8923 49.687313 -68.300056 53.567886 0.000000
8928 41.886166 -64.539497 63.899406 0.000000
8929 45.266666 -64.439484 61.649075 0.000000
8930 45.896755 -66.579803 58.848663 0.000000
8931 46.456841 -68.650108 55.968239 0.000000
8932 46.956913 -70.620399 53.017803 0.000000
8933 44.276520 -72.740700 52.447720 0.000000
8934 41.546116 -74.781006 51.817631 0.000000
8935 38.765709 -76.721291 51.137527 0.000000
8936 34.775120 -75.011040 56.268284 0.000000
8937 35.365208 -76.851318 53.347855 0.000000
8938 35.905289 -78.591568 50.377419 0.000000
9684 85.282547 -27.073986 44.676579 0.000000
9685 87.292847 -25.893810 41.376095 0.000000
9686 89.163124 -24.683634 38.005596 0.000000
9687 88.443016 -30.144438 35.665249 0.000000
9688 89.723206 -26.803947 35.125172 0.000000
9689 90.893379 -23.433451 34.545086 0.000000
9702 71.520531 -51.957649 46.776886 0.000000
9703 73.940887 -51.167534 43.776443 0.000000
9704 76.251221 -50.307407 40.715992 0.000000
