#!ascii label, from subject  
198
68 -44.726585 -85.082527 27.644068 0.000000
102 0.700103 -86.282700 50.577446 0.000000
134 -13.822034 -95.124001 27.644068 0.000000
293 -6.630976 -91.633484 39.515816 0.000000
294 -20.302988 -89.113113 40.615978 0.000000
296 -38.325642 -91.313438 14.012063 0.000000
410 -35.955292 -84.032372 40.615978 0.000000
474 14.312106 -86.502731 48.117085 0.000000
560 7.631124 -92.443611 37.395504 0.000000
563 -29.664368 -91.313438 28.014122 0.000000
564 -22.663336 -96.404190 14.012063 0.000000
565 -15.642302 -98.784538 0.000000 0.000000
773 -16.652451 -86.982803 46.466839 0.000000
774 -23.373442 -85.272545 46.736877 0.000000
923 -43.966473 -77.191360 45.936764 0.000000
1237 7.521107 -86.602745 49.467281 0.000000
1238 11.001619 -89.693207 42.856308 0.000000
1239 4.180615 -89.653198 44.136497 0.000000
1240 -10.251509 -93.613777 33.664955 0.000000
1241 -3.190470 -94.453903 32.724819 0.000000
1242 -6.790999 -96.134155 26.743937 0.000000
1244 -10.441538 -97.254311 20.883076 0.000000
1245 -40.465958 -84.812477 34.235039 0.000000
1246 -32.914845 -87.942947 34.425064 0.000000
1247 -37.325493 -88.493027 27.924109 0.000000
1249 -30.604504 -94.173866 14.052068 0.000000
1250 -26.873957 -96.084145 7.031035 0.000000
1251 -19.212830 -97.904411 7.021034 0.000000
1679 -2.970437 -89.183136 45.166649 0.000000
1680 -9.801443 -88.292999 45.936764 0.000000
1681 -13.501988 -90.593338 40.165913 0.000000
1682 -17.112520 -92.403603 34.235039 0.000000
1683 -48.717171 -84.812477 20.883076 0.000000
1684 -41.666134 -88.493027 20.893076 0.000000
1685 -45.506699 -87.942947 14.042068 0.000000
1916 -31.214594 -82.722176 46.736877 0.000000
1917 -37.655544 -80.161804 46.466839 0.000000
1918 -42.326229 -81.231956 40.165913 0.000000
2070 21.023094 -85.992653 46.536850 0.000000
2318 17.822622 -89.303146 41.356091 0.000000
2321 0.510075 -92.283585 38.555679 0.000000
2327 -28.224155 -86.862785 40.745998 0.000000
2328 -25.063690 -90.493324 34.425064 0.000000
2329 -21.813210 -93.523766 27.924109 0.000000
2330 -34.115021 -91.623489 21.083103 0.000000
2331 -26.253862 -94.173866 21.083103 0.000000
2332 -18.302694 -96.084145 20.893076 0.000000
2333 -14.882191 -97.904411 14.042068 0.000000
2693 -21.523169 -84.122383 49.627304 0.000000
2694 -24.853659 -83.162247 49.697315 0.000000
3157 4.120606 -86.492729 50.047367 0.000000
3158 5.860863 -88.182976 46.826893 0.000000
3159 2.440359 -88.042961 47.396976 0.000000
3160 -12.041773 -94.433899 30.674513 0.000000
3161 -8.531256 -94.953979 30.234451 0.000000
3162 -10.311519 -95.684090 27.214006 0.000000
3163 -8.621269 -96.754242 23.833508 0.000000
3164 -12.141787 -96.264168 24.283573 0.000000
3165 -42.626274 -85.012512 30.964558 0.000000
3166 -38.925732 -86.722763 31.104578 0.000000
3167 -41.056042 -86.852783 27.804092 0.000000
3169 -30.834538 -94.883972 7.031035 0.000000
3758 -7.971174 -86.972801 48.727169 0.000000
3759 -11.371674 -86.412720 49.047218 0.000000
3760 -18.492722 -88.102974 43.566414 0.000000
3761 -15.092222 -88.863083 43.346382 0.000000
3762 -16.912489 -89.913239 40.415951 0.000000
3763 -15.322255 -91.553474 37.225479 0.000000
3764 -18.722755 -90.823364 37.455513 0.000000
3765 -50.597450 -84.492432 17.452570 0.000000
3766 -47.146938 -86.452728 17.482573 0.000000
3767 -48.997211 -86.052666 14.032066 0.000000
4208 -35.255188 -79.431694 49.497284 0.000000
4209 -38.435658 -78.071487 49.307259 0.000000
4210 -46.266808 -77.671440 42.766293 0.000000
4211 -43.176353 -79.261665 43.076340 0.000000
4212 -45.446690 -79.681725 39.865868 0.000000
4213 -44.566563 -81.562012 36.945438 0.000000
5152 17.682604 -86.302704 47.346970 0.000000
5153 19.432861 -87.702911 43.966473 0.000000
5154 16.082367 -87.982956 44.766590 0.000000
5155 9.321372 -91.123413 40.155910 0.000000
5156 12.741876 -91.023392 39.435806 0.000000
5157 11.051627 -92.383591 36.695400 0.000000
5160 -4.800707 -90.473320 42.366238 0.000000
5161 -1.230181 -90.813370 41.896168 0.000000
5162 -3.060451 -92.023544 39.065750 0.000000
5164 0.390057 -94.683937 32.204742 0.000000
5175 -33.614948 -83.442284 43.706436 0.000000
5176 -29.744379 -84.862488 43.776443 0.000000
5177 -32.114727 -85.522583 40.715992 0.000000
5178 -31.314611 -89.703209 31.244600 0.000000
5179 -29.014271 -89.303146 34.455074 0.000000
5180 -27.394032 -90.973389 31.244600 0.000000
5181 -23.463453 -92.083557 31.194590 0.000000
5182 -25.763792 -92.493614 27.994122 0.000000
5183 -40.025894 -89.973251 17.462572 0.000000
5184 -37.925583 -90.133270 21.003092 0.000000
5185 -36.255337 -91.543472 17.562586 0.000000
5186 -26.653923 -95.364037 14.042068 0.000000
5187 -28.454189 -94.253876 17.582588 0.000000
5188 -24.483604 -95.364037 17.562586 0.000000
5189 -22.303284 -95.204018 21.003092 0.000000
5190 -20.503017 -96.324181 17.462572 0.000000
5191 -16.602442 -97.064293 17.482573 0.000000
5192 -18.782766 -97.224312 14.042068 0.000000
5193 -17.442568 -98.414490 3.520518 0.000000
5194 -15.302252 -98.584511 7.031035 0.000000
5999 -14.792177 -85.752625 49.307259 0.000000
6000 -18.162674 -84.982513 49.497284 0.000000
6001 -20.022947 -86.182686 46.626862 0.000000
6002 -21.853218 -87.262848 43.706436 0.000000
6271 -47.026924 -75.591125 45.576710 0.000000
6835 10.921608 -86.602745 48.817184 0.000000
6836 12.661863 -88.152977 45.516697 0.000000
6837 9.271364 -88.222984 46.196800 0.000000
6838 7.591117 -89.723206 43.526409 0.000000
6839 5.910870 -91.123413 40.796005 0.000000
6840 -8.441242 -92.683640 36.615391 0.000000
6841 -4.910723 -93.123711 36.145321 0.000000
6842 -6.720989 -94.093849 33.214890 0.000000
6843 -4.990735 -95.354042 29.754381 0.000000
6848 -8.721284 -98.094437 17.452570 0.000000
6849 -38.235626 -84.492432 37.455513 0.000000
6850 -34.455074 -86.052666 37.545528 0.000000
6851 -36.715405 -86.452728 34.355057 0.000000
6852 -35.145172 -88.282997 31.194590 0.000000
6853 -33.524937 -89.973251 27.994122 0.000000
6854 -36.555382 -92.493614 10.521549 0.000000
6855 -34.495079 -92.823662 14.042068 0.000000
6856 -32.694817 -93.933823 10.551554 0.000000
6857 -28.764235 -95.204018 10.551554 0.000000
6858 -24.793648 -96.324181 10.521549 0.000000
6859 -20.953085 -97.224312 10.521549 0.000000
6860 -23.063395 -97.064293 7.031035 0.000000
6861 -21.303135 -97.654373 3.520518 0.000000
6862 -19.512873 -98.094437 0.000000 0.000000
7756 -2.710399 -85.962654 51.047516 0.000000
7757 -1.130166 -87.792923 47.907055 0.000000
7758 -4.550670 -87.432869 48.347118 0.000000
7759 -6.390941 -88.793068 45.576710 0.000000
7760 -8.221210 -90.033257 42.766293 0.000000
7761 -13.231948 -87.692909 46.226803 0.000000
7762 -11.661716 -89.503181 43.076340 0.000000
7763 -10.071483 -91.173416 39.865868 0.000000
7764 -11.881749 -92.183571 36.945438 0.000000
7765 -13.692015 -93.063698 33.975002 0.000000
7766 -15.482279 -93.833809 30.964558 0.000000
7767 -46.756882 -85.012512 24.283573 0.000000
7768 -43.236362 -86.852783 24.293575 0.000000
7769 -45.226658 -86.722763 20.903078 0.000000
7770 -43.616421 -88.282997 17.482573 0.000000
7771 -41.946178 -89.703209 14.042068 0.000000
7772 -47.326965 -87.472878 10.541552 0.000000
7773 -43.786446 -89.303146 10.541552 0.000000
7774 -40.195915 -90.973389 10.521549 0.000000
8354 -28.774237 -81.882057 49.697315 0.000000
8355 -32.034718 -80.711876 49.627304 0.000000
8356 -34.455074 -81.491997 46.626862 0.000000
8357 -36.825420 -82.152092 43.566414 0.000000
8358 -40.836014 -78.731590 46.226803 0.000000
8359 -40.025894 -80.761887 43.346382 0.000000
8360 -39.165764 -82.682167 40.415951 0.000000
8361 -41.426102 -83.072235 37.225479 0.000000
8362 -43.626419 -83.342270 33.975002 0.000000
8778 24.353584 -85.592590 45.656719 0.000000
8781 17.152525 -84.682465 50.377419 0.000000
9515 14.422123 -89.553185 42.136204 0.000000
9516 16.152380 -90.813370 38.675694 0.000000
9521 0.610090 -89.483170 44.676579 0.000000
9522 2.350346 -91.023392 41.376095 0.000000
9523 4.070600 -92.423599 38.005596 0.000000
9524 -1.340197 -93.433754 35.665249 0.000000
9525 2.240330 -93.613777 35.125172 0.000000
9526 5.800854 -93.683792 34.545086 0.000000
9539 -27.314020 -84.072372 46.776886 0.000000
9540 -25.813799 -86.142677 43.776443 0.000000
9541 -24.283573 -88.062965 40.715992 0.000000
9542 -30.594503 -87.472878 37.615540 0.000000
9543 -26.663927 -88.753059 37.615540 0.000000
9544 -22.703342 -89.873230 37.545528 0.000000
9545 -21.113108 -91.523468 34.355057 0.000000
9546 -19.482868 -93.033691 31.104578 0.000000
9547 -17.832624 -94.403893 27.804092 0.000000
9548 -39.525818 -88.563042 24.433596 0.000000
9549 -35.745262 -90.133270 24.523609 0.000000
9550 -31.914698 -91.543472 24.573616 0.000000
9551 -32.384769 -92.973686 17.582588 0.000000
9552 -30.214449 -92.973686 21.103107 0.000000
9553 -27.984119 -92.823662 24.573616 0.000000
9554 -24.053541 -93.933823 24.523609 0.000000
9555 -20.082956 -94.883972 24.433596 0.000000
9556 -16.072365 -95.684090 24.293575 0.000000
9557 -14.382117 -96.744247 20.903078 0.000000
9558 -12.671865 -97.654373 17.482573 0.000000
9559 -10.941610 -98.414490 14.032066 0.000000
9560 -17.062511 -97.984428 10.541552 0.000000
9561 -13.131933 -98.584511 10.541552 0.000000
