#!ascii label, from subject  
61
4 -72.370651 52.577736 44.726585 0.000000
181 -70.950447 61.569061 34.315052 0.000000
452 -66.689819 48.447128 56.638336 0.000000
659 -76.611275 50.637451 39.615833 0.000000
660 -75.971184 55.198128 34.425064 0.000000
661 -71.830574 57.218422 39.615833 0.000000
662 -75.291084 46.576855 46.536850 0.000000
992 -63.359325 46.036774 62.209156 0.000000
1477 -79.751740 52.917789 29.004269 0.000000
1478 -74.981041 59.498760 29.004269 0.000000
1558 -58.028542 33.924992 74.060898 0.000000
2012 -69.700264 50.637451 50.807484 0.000000
2013 -67.559944 57.218422 46.536850 0.000000
2014 -64.769539 55.198128 52.547733 0.000000
2208 -66.909851 61.779091 41.356091 0.000000
2579 -74.530968 51.637604 42.196209 0.000000
2580 -74.280930 53.967949 39.645836 0.000000
2581 -72.140617 54.928085 42.196209 0.000000
2582 -73.870872 49.607300 45.656719 0.000000
2583 -76.011192 48.647160 43.106342 0.000000
2953 -60.928967 40.155910 68.400070 0.000000
2955 -62.879257 41.606129 65.709671 0.000000
2956 -64.689522 42.916317 63.059284 0.000000
3422 -73.520821 58.428604 34.405067 0.000000
3423 -75.521118 57.378448 31.734671 0.000000
3424 -73.010750 60.568916 31.684664 0.000000
3425 -72.410652 62.619217 28.954264 0.000000
3512 -53.747913 39.055748 74.761002 0.000000
3553 -52.697758 34.165028 77.841461 0.000000
3554 -55.898228 32.364765 76.361237 0.000000
3555 -54.868076 35.745262 75.591125 0.000000
3556 -56.958389 37.265484 73.280785 0.000000
4412 -68.230042 49.577297 53.757915 0.000000
4413 -67.269897 52.947792 51.707611 0.000000
4414 -65.779678 51.867634 54.638042 0.000000
4543 -68.070015 45.376678 57.538467 0.000000
4545 -69.650253 46.536850 54.638042 0.000000
4546 -71.140480 47.617008 51.707611 0.000000
4882 -65.029579 59.428749 47.346970 0.000000
4883 -67.269897 59.528763 43.966473 0.000000
5795 -78.591568 49.577297 36.985443 0.000000
5796 -78.291527 51.867634 34.405067 0.000000
5797 -76.331238 52.947792 37.045456 0.000000
5798 -73.940887 56.238281 37.045456 0.000000
5799 -71.430511 59.428749 36.985443 0.000000
5803 -78.071487 47.617008 40.505962 0.000000
6392 -65.059578 47.266960 59.458752 0.000000
6393 -64.189445 50.717464 57.538467 0.000000
6472 -66.419777 44.176506 60.328884 0.000000
7288 -77.911469 54.087959 31.734671 0.000000
7289 -77.431404 56.258282 29.034275 0.000000
7474 -58.978680 38.735706 70.880440 0.000000
8612 -71.080460 51.637604 47.797035 0.000000
8613 -70.010307 54.928085 45.656719 0.000000
8614 -68.680107 53.967949 48.707169 0.000000
8615 -66.199738 56.238281 49.567295 0.000000
8775 -73.940887 45.586708 49.567295 0.000000
8776 -72.550674 48.647160 48.707169 0.000000
9186 -69.750267 57.258427 43.106342 0.000000
9187 -69.410217 59.528763 40.505962 0.000000
9188 -68.990158 61.729088 37.865574 0.000000
