#!ascii label, from subject  
79
31 -68.830132 -50.007362 -52.577736 0.000000
83 -82.272110 -25.993826 -50.577446 0.000000
338 -60.058842 -60.688934 -52.077667 0.000000
437 -76.281235 -38.365646 -52.077667 0.000000
554 -68.810135 -60.158852 -40.615978 0.000000
557 -78.481552 -46.846897 -40.615978 0.000000
818 -64.599510 -55.478168 -52.457722 0.000000
820 -63.349331 -51.127529 -58.098553 0.000000
968 -79.471695 -32.254749 -51.447575 0.000000
969 -75.281075 -32.494785 -57.278435 0.000000
970 -78.241516 -26.273867 -56.488319 0.000000
1979 -72.730698 -44.296520 -52.457722 0.000000
1980 -68.200043 -44.456543 -58.098553 0.000000
1981 -71.910583 -38.595680 -57.818512 0.000000
2298 -59.828812 -65.669670 -45.936764 0.000000
2299 -64.599510 -60.578918 -46.466839 0.000000
2300 -69.030159 -55.258133 -46.736877 0.000000
2308 -73.890877 -53.687908 -40.745998 0.000000
2309 -73.880867 -48.577148 -46.736877 0.000000
2310 -77.581421 -42.716286 -46.466839 0.000000
2311 -80.941917 -36.605389 -45.936764 0.000000
2738 -66.749825 -52.777771 -52.547733 0.000000
2739 -64.019424 -53.337849 -55.308136 0.000000
2740 -66.139732 -50.607449 -55.378147 0.000000
2888 -80.921906 -29.144289 -51.047516 0.000000
2889 -78.911613 -29.284311 -54.017948 0.000000
2890 -80.311821 -26.143850 -53.567886 0.000000
4343 -74.550972 -41.356091 -52.297695 0.000000
4344 -72.370651 -41.476105 -55.178120 0.000000
4345 -74.140907 -38.505669 -54.988094 0.000000
5102 -66.529793 -62.799244 -40.415951 0.000000
5103 -64.439484 -63.019279 -43.346382 0.000000
5104 -66.749825 -60.408890 -43.566414 0.000000
5105 -66.859840 -57.948528 -46.626862 0.000000
5106 -68.970154 -57.748501 -43.706436 0.000000
5127 -76.251221 -50.307407 -40.715992 0.000000
5128 -73.940887 -51.167534 -43.776443 0.000000
5129 -76.241226 -47.747028 -43.706436 0.000000
5130 -75.781158 -45.676723 -46.626862 0.000000
5131 -78.081497 -44.816597 -43.566414 0.000000
5133 -81.522003 -38.745705 -43.076340 0.000000
5134 -83.092232 -35.645245 -42.766293 0.000000
5135 -82.472137 -33.514931 -45.576710 0.000000
6080 -62.369183 -58.118557 -52.297695 0.000000
6082 -61.809093 -56.018250 -55.178120 0.000000
6083 -61.179005 -53.827927 -57.988537 0.000000
6084 -60.468903 -51.567593 -60.718937 0.000000
6350 -77.921471 -35.335205 -51.797626 0.000000
6351 -75.841164 -35.455219 -54.718052 0.000000
6352 -77.421402 -32.394772 -54.398006 0.000000
6353 -76.811310 -29.394329 -56.918381 0.000000
6822 -80.281815 -43.866459 -40.415951 0.000000
8525 -70.820427 -47.176945 -52.547733 0.000000
8526 -68.570091 -47.266960 -55.378147 0.000000
8527 -70.510376 -44.406540 -55.308136 0.000000
8528 -70.100327 -41.546116 -57.988537 0.000000
8530 -73.640839 -35.565235 -57.578476 0.000000
8536 -79.641724 -22.973381 -55.968239 0.000000
9452 -59.988831 -63.229309 -49.047218 0.000000
9453 -62.039131 -65.559654 -43.076340 0.000000
9454 -62.259163 -63.169304 -46.226803 0.000000
9455 -62.369183 -60.678932 -49.307259 0.000000
9456 -64.649513 -58.078548 -49.497284 0.000000
9457 -66.859840 -55.408157 -49.627304 0.000000
9458 -68.980156 -52.667751 -49.697315 0.000000
9482 -71.410515 -56.968384 -40.715992 0.000000
9483 -71.520531 -54.508022 -43.776443 0.000000
9484 -71.520531 -51.957649 -46.776886 0.000000
9485 -71.410515 -49.327259 -49.697315 0.000000
9486 -73.350792 -46.466839 -49.627304 0.000000
9487 -75.211067 -43.536407 -49.497284 0.000000
9488 -76.981331 -40.565971 -49.307259 0.000000
9489 -79.851753 -41.806156 -43.346382 0.000000
9490 -79.311668 -39.685841 -46.226803 0.000000
9491 -78.671577 -37.515522 -49.047218 0.000000
9492 -80.261818 -34.455074 -48.727169 0.000000
9493 -81.752029 -31.344614 -48.347118 0.000000
9494 -83.142242 -28.204153 -47.907055 0.000000
10027 -65.829689 -47.827042 -58.148560 0.000000
