#!ascii label, from subject  
49
41 42.536259 -30.904547 -85.082527 0.000000
361 32.634804 -23.713491 -91.513474 0.000000
840 38.505669 -19.732904 -90.173279 0.000000
841 37.675549 -27.374029 -88.513031 0.000000
1800 33.304901 -15.962350 -92.943680 0.000000
1801 27.444038 -19.932934 -94.083847 0.000000
2516 45.856750 -41.566120 -78.561562 0.000000
2517 41.326084 -38.275635 -82.642174 0.000000
2526 35.645245 -34.145027 -86.982803 0.000000
2527 30.664515 -30.524494 -90.173279 0.000000
2757 45.886753 -29.214302 -83.922356 0.000000
2759 43.046337 -27.143997 -86.092674 0.000000
2760 40.615978 -25.373734 -87.802925 0.000000
2761 40.135910 -29.154291 -86.842789 0.000000
3357 25.073690 -14.102077 -95.784103 0.000000
3957 35.595242 -21.733198 -90.903381 0.000000
3958 35.925285 -17.862631 -91.613487 0.000000
3959 32.994854 -19.852922 -92.303589 0.000000
3960 30.394474 -17.962643 -93.573769 0.000000
3961 30.054424 -21.833214 -92.853668 0.000000
5645 45.096638 -45.136646 -77.021339 0.000000
5646 42.886311 -43.516403 -79.181656 0.000000
5647 43.616421 -39.945877 -80.651871 0.000000
5648 40.615978 -41.876167 -81.241959 0.000000
5670 35.005154 -37.815567 -85.712616 0.000000
5671 32.114727 -35.695255 -87.732918 0.000000
5672 33.174881 -32.354767 -88.633049 0.000000
6119 41.026039 -21.553171 -88.633049 0.000000
6120 38.125610 -23.573469 -89.413162 0.000000
6121 35.175179 -25.553761 -90.063263 0.000000
8039 30.674513 -14.052068 -94.153862 0.000000
8040 27.744081 -16.042362 -94.743950 0.000000
8041 24.793648 -18.012651 -95.204018 0.000000
8611 44.896610 -32.614803 -83.212257 0.000000
10102 47.256958 -46.696873 -74.761002 0.000000
10105 46.566856 -37.955589 -79.961769 0.000000
10106 44.286518 -36.305344 -81.992073 0.000000
10107 41.966175 -34.615097 -83.922356 0.000000
10132 37.845570 -39.885868 -83.542305 0.000000
10133 38.515671 -36.245335 -84.892494 0.000000
10134 39.125759 -32.554794 -86.092674 0.000000
10135 36.685402 -30.784531 -87.802925 0.000000
10136 34.195034 -28.974264 -89.413162 0.000000
10137 31.674665 -27.133993 -90.903381 0.000000
10139 28.084135 -28.654219 -91.613487 0.000000
10140 29.074280 -25.243717 -92.303589 0.000000
10141 26.473896 -23.353437 -93.573769 0.000000
10142 23.833508 -21.433155 -94.743950 0.000000
10143 21.163115 -19.492868 -95.784103 0.000000
