#!ascii label, from subject  
85
158 13.822034 -42.536259 -89.453171 0.000000
350 9.681425 -56.438309 -82.002068 0.000000
352 2.720401 -34.625095 -93.793808 0.000000
628 21.013094 -64.669525 -73.340790 0.000000
828 29.044275 -76.051193 -58.098553 0.000000
1407 11.791736 -49.647308 -86.012665 0.000000
1408 17.572586 -54.067959 -82.282120 0.000000
1414 -2.870422 -30.384472 -95.244026 0.000000
1415 4.830711 -28.034126 -95.884117 0.000000
1416 -0.760112 -23.723494 -97.154297 0.000000
1418 -6.370938 -19.602886 -97.864403 0.000000
1783 6.320930 -44.836601 -89.183136 0.000000
1784 8.291221 -38.675694 -91.863518 0.000000
1785 0.750110 -40.836014 -91.293434 0.000000
2518 23.883516 -73.510818 -63.469341 0.000000
2519 26.403887 -67.909996 -68.520088 0.000000
2520 28.694225 -61.929115 -73.100754 0.000000
2521 15.402267 -60.758945 -77.941475 0.000000
2522 23.253424 -58.208569 -77.941475 0.000000
2530 10.471541 -32.214745 -94.103859 0.000000
3327 12.811886 -46.136787 -87.812927 0.000000
3328 15.732315 -48.417126 -86.092674 0.000000
3329 16.752466 -44.856606 -87.812927 0.000000
3333 14.932198 -39.375793 -90.713348 0.000000
3334 -5.660833 -28.204153 -95.784103 0.000000
3335 -1.820268 -27.073986 -96.264168 0.000000
3336 -4.610679 -24.883661 -96.764244 0.000000
3337 -3.570526 -21.683191 -97.574364 0.000000
3338 -7.411091 -22.813358 -97.094292 0.000000
3930 5.280777 -48.357117 -87.382866 0.000000
3932 3.530520 -42.856308 -90.293289 0.000000
5652 19.802914 -67.619957 -70.990456 0.000000
5653 22.493313 -69.240196 -68.570091 0.000000
5654 23.723494 -66.339760 -70.990456 0.000000
5655 27.574059 -64.969574 -70.860435 0.000000
5656 24.873661 -63.349331 -73.280785 0.000000
5657 8.601267 -59.688789 -79.791748 0.000000
5658 11.461687 -61.849102 -77.761444 0.000000
5659 12.551847 -58.648628 -80.041779 0.000000
5661 20.433008 -56.188271 -80.181801 0.000000
5679 5.510811 -36.675396 -92.883667 0.000000
5680 9.381381 -35.475224 -93.043694 0.000000
5681 6.600972 -33.444923 -94.023842 0.000000
5682 5.880866 -24.683634 -96.744247 0.000000
5683 8.711283 -26.803947 -95.964134 0.000000
6097 32.284756 -74.811012 -57.988537 0.000000
6098 30.364470 -73.440811 -60.718937 0.000000
7116 -17.072514 -9.891456 -98.054436 0.000000
7117 -19.412857 -6.610973 -97.894409 0.000000
7138 17.112520 -65.869698 -73.280785 0.000000
7139 10.741581 -53.087814 -84.082375 0.000000
7140 13.632007 -55.298141 -82.212105 0.000000
7141 14.692163 -51.907639 -84.222397 0.000000
7142 18.622740 -50.627457 -84.222397 0.000000
7152 -0.080012 -32.524788 -94.573921 0.000000
7153 3.780556 -31.344614 -94.903969 0.000000
7154 0.980144 -29.234303 -95.644081 0.000000
7155 2.030299 -25.893810 -96.584213 0.000000
7156 3.080453 -22.533318 -97.394333 0.000000
7158 0.280041 -20.503017 -97.894409 0.000000
7993 5.880866 -57.498463 -81.622017 0.000000
7996 6.961025 -54.157970 -83.792336 0.000000
7997 8.021181 -50.767475 -85.802628 0.000000
7998 9.061334 -47.276958 -87.662903 0.000000
7999 10.081484 -43.716434 -89.383163 0.000000
8000 11.061628 -40.635983 -90.713348 0.000000
8001 7.311076 -41.786152 -90.573334 0.000000
8002 4.520666 -39.785854 -91.653488 0.000000
8003 1.730255 -37.745560 -92.603630 0.000000
8006 -1.090160 -35.645245 -93.443756 0.000000
8007 -3.880571 -33.514931 -94.153862 0.000000
10073 -8.801296 -16.402414 -98.264465 0.000000
10109 26.483900 -74.841019 -60.828953 0.000000
10110 27.784088 -72.180626 -63.419338 0.000000
10112 25.163704 -70.770416 -66.049721 0.000000
10113 29.034275 -69.370209 -65.939705 0.000000
10118 14.302107 -63.919411 -75.581123 0.000000
10119 18.222681 -62.769241 -75.711151 0.000000
10120 16.502430 -57.468460 -80.181801 0.000000
10121 19.342848 -59.528763 -78.001480 0.000000
10122 22.153261 -61.489048 -75.711151 0.000000
10123 25.993826 -60.118855 -75.581123 0.000000
10144 12.171792 -37.455513 -91.933533 0.000000
10145 13.251949 -34.215034 -93.043694 0.000000
10147 7.651126 -30.144438 -95.053993 0.000000
