#!ascii label, from subject  
162
105 73.830864 0.000000 67.469933 0.000000
234 63.819397 0.000000 77.011337 0.000000
235 69.540237 -13.281955 70.640404 0.000000
236 58.928677 -13.311960 79.701729 0.000000
246 69.540237 13.281955 70.640404 0.000000
483 82.432129 0.000000 56.638336 0.000000
485 79.081642 -13.171938 59.798801 0.000000
500 79.081642 13.171938 59.798801 0.000000
714 58.338585 0.000000 81.241959 0.000000
715 61.529053 -6.670981 78.561562 0.000000
725 55.928230 6.670981 82.642174 0.000000
726 61.529053 6.670981 78.561562 0.000000
1059 78.321526 0.000000 62.209156 0.000000
1060 80.951920 -6.600972 58.358593 0.000000
1061 76.701294 -6.600972 63.839397 0.000000
1062 66.859840 -19.832920 71.690552 0.000000
1063 71.910583 -19.912931 66.599800 0.000000
1098 71.870583 6.660981 69.230194 0.000000
1099 74.500961 13.261951 65.389633 0.000000
1100 76.701294 6.600972 63.839397 0.000000
1101 80.951920 6.600972 58.358593 0.000000
1124 84.682465 19.602886 49.467281 0.000000
1572 68.990158 0.000000 72.410652 0.000000
1573 71.870583 -6.660981 69.230194 0.000000
1574 66.889847 -6.660981 74.060898 0.000000
1575 64.389481 -13.331964 75.361092 0.000000
1576 61.569061 -19.862923 76.271233 0.000000
1595 64.389481 13.331964 75.361092 0.000000
1596 66.889847 6.660981 74.060898 0.000000
2097 86.152679 0.000000 50.807484 0.000000
2098 88.282997 -6.580969 46.536850 0.000000
2099 84.842491 -6.580969 52.547733 0.000000
2100 83.092232 -13.171938 54.087959 0.000000
2102 74.500961 -13.261951 65.389633 0.000000
2103 76.641289 -19.842920 61.118996 0.000000
2147 76.641289 19.842920 61.118996 0.000000
2148 80.941917 19.642891 55.368153 0.000000
2149 83.092232 13.171938 54.087959 0.000000
2150 84.842491 6.580969 52.547733 0.000000
2634 55.488163 0.000000 83.212257 0.000000
2635 57.168419 -3.340492 81.992073 0.000000
2645 54.297993 3.340492 83.922356 0.000000
2646 57.168419 3.340492 81.992073 0.000000
2979 76.121208 0.000000 64.879555 0.000000
2980 77.561417 -3.300486 63.059284 0.000000
2981 75.331085 -3.300486 65.709671 0.000000
3018 72.890724 3.330490 68.400070 0.000000
3019 74.330940 6.630976 66.579803 0.000000
3020 75.331085 3.300486 65.709671 0.000000
3021 77.561417 3.300486 63.059284 0.000000
3042 84.482437 24.883661 47.396976 0.000000
3043 85.672607 21.683191 46.826893 0.000000
3044 83.532303 22.813358 50.047367 0.000000
3579 66.439781 0.000000 74.761002 0.000000
3580 67.980011 -3.330490 73.280785 0.000000
3581 65.399628 -3.330490 75.591125 0.000000
3582 60.268871 -10.001472 79.181656 0.000000
3583 63.009274 -10.011474 77.021339 0.000000
3584 61.699085 -13.321961 77.581421 0.000000
3585 63.019279 -16.602442 75.861168 0.000000
3586 60.298878 -16.602442 78.051491 0.000000
3617 61.699085 13.321961 77.581421 0.000000
3618 62.719231 3.340492 77.841461 0.000000
3619 64.249466 6.670981 76.361237 0.000000
3620 65.399628 3.330490 75.591125 0.000000
3621 67.980011 3.330490 73.280785 0.000000
4614 84.342415 0.000000 53.757915 0.000000
4615 85.542587 -3.290485 51.707611 0.000000
4616 83.702324 -3.290485 54.638042 0.000000
4617 80.061783 -9.891456 59.118698 0.000000
4618 82.092087 -9.901457 56.268284 0.000000
4619 81.131943 -13.181940 56.978390 0.000000
4620 82.062080 -16.422417 54.758060 0.000000
4621 80.071785 -16.422417 57.628487 0.000000
4622 70.750420 -9.971467 69.980301 0.000000
4623 73.250778 -9.961467 67.369919 0.000000
4624 72.070610 -13.281955 68.060013 0.000000
4626 74.320938 -19.892927 63.899406 0.000000
4733 68.240044 16.572439 71.210487 0.000000
4735 70.780426 16.612444 68.680107 0.000000
4736 76.841316 13.221947 62.639217 0.000000
4737 75.631134 16.562437 63.309322 0.000000
4738 77.911469 16.512430 60.498909 0.000000
4739 78.841599 19.752907 58.278580 0.000000
4740 80.071785 16.422417 57.628487 0.000000
4741 82.062080 16.422417 54.758060 0.000000
4742 81.131943 13.181940 56.978390 0.000000
4743 81.742035 3.300486 57.538467 0.000000
4744 82.942207 6.590970 55.488163 0.000000
4745 83.702324 3.290485 54.638042 0.000000
4746 85.542587 3.290485 51.707611 0.000000
4814 87.542885 9.851450 47.346970 0.000000
5287 87.542885 -9.851450 47.346970 0.000000
5288 89.413162 -8.621269 43.966473 0.000000
5892 61.108994 0.000000 79.171654 0.000000
5893 62.719231 -3.340492 77.841461 0.000000
5894 59.978825 -3.340492 79.961769 0.000000
5895 58.768650 -6.680983 80.651871 0.000000
5896 57.478462 -10.001472 81.241959 0.000000
5913 57.478462 10.001472 81.241959 0.000000
5914 60.268871 10.001472 79.181656 0.000000
5915 58.768650 6.680983 80.651871 0.000000
5916 59.978825 3.340492 79.961769 0.000000
6513 80.421837 0.000000 59.458752 0.000000
6514 81.742035 -3.300486 57.538467 0.000000
6515 79.701729 -3.300486 60.328884 0.000000
6516 78.871613 -6.610973 61.138996 0.000000
6517 77.951477 -9.891456 61.869106 0.000000
6518 68.240044 -16.572439 71.210487 0.000000
6519 70.780426 -16.612444 68.680107 0.000000
6520 69.430222 -19.882925 69.190186 0.000000
6584 70.750420 9.971467 69.980301 0.000000
6585 72.070610 13.281955 68.060013 0.000000
6586 73.250778 9.961467 67.369919 0.000000
6587 75.651138 9.941463 64.659523 0.000000
6588 77.951477 9.891456 61.869106 0.000000
6589 80.061783 9.891456 59.118698 0.000000
6590 78.871613 6.610973 61.138996 0.000000
6591 79.701729 3.300486 60.328884 0.000000
7506 71.450523 0.000000 69.980301 0.000000
7507 72.890724 -3.330490 68.400070 0.000000
7508 70.480377 -3.330490 70.880440 0.000000
7509 69.420219 -6.660981 71.690552 0.000000
7510 68.270050 -9.981469 72.410652 0.000000
7511 64.249466 -6.670981 76.361237 0.000000
7512 65.679665 -10.001472 74.761002 0.000000
7513 67.009865 -13.311960 73.050751 0.000000
7514 65.679665 -16.592443 73.580833 0.000000
7515 64.249466 -19.862923 74.030891 0.000000
7561 67.009865 13.311960 73.050751 0.000000
7562 63.009274 10.011474 77.021339 0.000000
7563 65.679665 10.001472 74.761002 0.000000
7564 68.270050 9.981469 72.410652 0.000000
7565 69.420219 6.660981 71.690552 0.000000
7566 70.480377 3.330490 70.880440 0.000000
8859 87.852936 0.000000 47.797035 0.000000
8860 88.923096 -3.290485 45.656719 0.000000
8861 87.292847 -3.290485 48.707169 0.000000
8862 86.612747 -6.580969 49.567295 0.000000
8863 85.842628 -9.861451 50.377419 0.000000
8864 82.942207 -6.590970 55.488163 0.000000
8865 84.012367 -9.881454 53.347855 0.000000
8866 84.942505 -13.161939 51.137527 0.000000
8867 83.952362 -16.402414 51.817631 0.000000
8870 74.330940 -6.630976 66.579803 0.000000
8871 75.651138 -9.941463 64.659523 0.000000
8872 76.841316 -13.221947 62.639217 0.000000
8873 73.250778 -16.592443 66.039719 0.000000
8874 75.631134 -16.562437 63.309322 0.000000
8875 77.911469 -16.512430 60.498909 0.000000
9007 73.250778 16.592443 66.039719 0.000000
9008 74.320938 19.892927 63.899406 0.000000
9012 81.672028 22.833361 53.017803 0.000000
9013 82.862198 19.632889 52.447720 0.000000
9014 83.952362 16.402414 51.817631 0.000000
9015 84.942505 13.161939 51.137527 0.000000
9016 82.092087 9.901457 56.268284 0.000000
9017 84.012367 9.881454 53.347855 0.000000
9018 85.842628 9.861451 50.377419 0.000000
9019 86.612747 6.580969 49.567295 0.000000
9020 87.292847 3.290485 48.707169 0.000000
9675 90.093262 -5.320783 43.106342 0.000000
