#!ascii label, from subject  
93
13 -26.293869 80.911911 52.577736 0.000000
94 -36.185326 58.788658 72.370651 0.000000
214 -39.855865 45.406685 79.701729 0.000000
262 -39.165764 75.881172 52.077667 0.000000
456 -31.624655 70.720406 63.259312 0.000000
694 -41.326084 38.275635 82.642174 0.000000
742 -32.804829 78.581566 52.457722 0.000000
743 -37.655544 80.161804 46.466839 0.000000
744 -31.214594 82.722176 46.736877 0.000000
997 -40.285931 61.929115 67.409927 0.000000
998 -37.995594 67.899994 62.839252 0.000000
999 -34.015007 64.949562 68.020012 0.000000
1536 -38.135616 52.257690 76.271233 0.000000
1624 -45.326672 72.810715 51.447575 0.000000
1873 -19.652893 82.852203 52.457722 0.000000
1874 -23.373442 85.272545 46.736877 0.000000
1875 -16.652451 86.982803 46.466839 0.000000
2020 -41.806156 70.530388 57.278435 0.000000
2021 -35.485222 73.490814 57.818512 0.000000
2022 -29.044275 76.051193 58.098553 0.000000
2024 -32.694817 48.527145 81.111938 0.000000
2031 -21.203119 78.601570 58.098553 0.000000
2613 -44.286518 36.305344 81.992073 0.000000
2662 -29.564352 79.791748 52.547733 0.000000
2663 -32.034718 80.711876 49.627304 0.000000
2664 -28.774237 81.882057 49.697315 0.000000
2915 -39.335789 57.098408 72.080612 0.000000
2916 -41.396091 58.688637 69.610245 0.000000
2917 -38.265636 60.398895 69.940292 0.000000
2918 -37.175472 63.479347 67.759972 0.000000
2919 -35.125172 61.919109 70.250343 0.000000
3515 -42.886311 43.516403 79.181656 0.000000
3517 -42.086197 47.046925 77.581421 0.000000
3518 -41.226070 50.477432 75.861168 0.000000
3519 -39.025745 48.867191 78.051491 0.000000
3667 -42.266220 74.390945 51.797626 0.000000
3669 -41.596123 76.591278 49.047218 0.000000
4118 -18.162674 84.982513 49.497284 0.000000
4428 -44.856606 68.930145 56.918381 0.000000
4429 -43.026333 67.699966 59.738792 0.000000
4430 -34.835129 69.350212 63.079285 0.000000
4431 -36.775414 70.750420 60.378887 0.000000
4432 -33.574944 72.150620 60.578918 0.000000
4433 -32.284756 74.811012 57.988537 0.000000
4434 -30.364470 73.440811 60.718937 0.000000
4456 -22.563322 76.111198 60.828953 0.000000
4458 -17.852629 79.501701 57.988537 0.000000
5855 -43.616421 39.945877 80.651871 0.000000
5856 -40.615978 41.876167 81.241959 0.000000
5944 -36.005299 77.271378 52.297695 0.000000
5945 -38.435658 78.071487 49.307259 0.000000
5946 -35.255188 79.431694 49.497284 0.000000
5947 -34.455074 81.491997 46.626862 0.000000
6401 -42.266220 63.379333 64.799538 0.000000
6402 -41.116055 66.369774 62.509201 0.000000
6403 -39.175766 64.969574 65.179596 0.000000
6404 -36.025303 66.469780 65.469635 0.000000
6405 -32.844833 67.889992 65.689667 0.000000
7421 -40.305931 53.837925 74.030891 0.000000
7422 -37.185474 55.568176 74.380951 0.000000
7635 -40.836014 78.731590 46.226803 0.000000
8239 -22.983383 81.932060 52.547733 0.000000
8240 -24.853659 83.162247 49.697315 0.000000
8241 -21.523169 84.122383 49.627304 0.000000
8242 -20.022947 86.182686 46.626862 0.000000
8632 -46.626862 70.080315 54.017948 0.000000
8633 -43.596416 71.720558 54.398006 0.000000
8634 -40.515961 73.260780 54.718052 0.000000
8635 -39.925877 69.260193 60.098846 0.000000
8636 -38.665691 72.060608 57.578476 0.000000
8637 -37.345497 74.731003 54.988094 0.000000
8638 -34.175030 76.091202 55.178120 0.000000
8639 -30.944553 77.371391 55.308136 0.000000
8640 -27.694075 78.541557 55.378147 0.000000
8641 -38.515671 36.245335 84.892494 0.000000
8642 -37.845570 39.885868 83.542305 0.000000
8643 -37.115463 43.456398 82.082085 0.000000
8645 -33.534935 45.016628 82.782188 0.000000
8646 -36.305344 47.006920 80.471848 0.000000
8647 -35.445221 50.437424 78.761597 0.000000
8648 -34.525082 53.797916 76.921326 0.000000
8649 -33.554939 57.068398 74.971031 0.000000
8658 -32.464783 60.408890 72.800720 0.000000
8659 -31.374617 63.489349 70.620399 0.000000
8660 -30.234451 66.489784 68.330055 0.000000
8661 -29.034275 69.370209 65.939705 0.000000
8664 -27.784088 72.180626 63.419338 0.000000
8665 -26.483900 74.841019 60.828953 0.000000
8666 -25.143700 77.391396 58.148560 0.000000
8667 -23.763498 79.821747 55.378147 0.000000
8668 -20.443010 80.781891 55.308136 0.000000
8669 -17.082514 81.652016 55.178120 0.000000
9213 -27.314020 84.072372 46.776886 0.000000
