#!ascii label, from subject  
13
1096 70.650398 32.594799 62.839252 0.000000
1097 68.990158 26.423889 67.409927 0.000000
2144 75.281075 32.494785 57.278435 0.000000
3015 64.809540 29.444334 70.250343 0.000000
3016 67.389915 29.504341 67.759972 0.000000
3642 78.671577 37.515522 49.047218 0.000000
3644 77.921471 35.335205 51.797626 0.000000
4728 72.270630 29.524345 62.509201 0.000000
4729 73.010750 32.564796 60.098846 0.000000
4730 74.600975 29.474339 59.738792 0.000000
4731 76.811310 29.394329 56.918381 0.000000
6582 69.880287 29.534348 65.179596 0.000000
9001 77.421402 32.394772 54.398006 0.000000
