#!ascii label, from subject  
751
15 -42.536259 -30.904547 85.082527 0.000000
17 16.252392 -50.007362 85.082527 0.000000
45 -22.113256 -16.062366 96.204163 0.000000
47 8.441242 -25.993826 96.204163 0.000000
48 -13.822034 -42.536259 89.453171 0.000000
50 36.185326 -26.293869 89.453171 0.000000
101 22.813358 -70.210342 67.469933 0.000000
103 -5.280777 -68.830132 72.370651 0.000000
108 44.726585 -52.577736 72.370651 0.000000
165 -11.161643 -8.111195 99.054581 0.000000
166 -22.403299 0.000000 97.474350 0.000000
167 4.260627 -13.121931 99.054581 0.000000
168 -6.921019 -21.303135 97.474350 0.000000
170 18.122667 -13.171938 97.474350 0.000000
220 -51.627598 -37.505520 77.011337 0.000000
222 -55.498169 -23.873514 79.701729 0.000000
227 19.722902 -60.688934 77.011337 0.000000
228 8.861305 -70.240341 70.640404 0.000000
229 5.550817 -60.158852 79.701729 0.000000
230 -28.534199 -37.175472 88.353012 0.000000
231 -25.343731 -51.347557 82.002068 0.000000
232 -39.855865 -45.406685 79.701729 0.000000
233 -48.457134 -51.617599 70.640404 0.000000
237 26.543907 -38.625687 88.353012 0.000000
238 41.006035 -39.965881 82.002068 0.000000
239 30.864544 -51.937645 79.701729 0.000000
367 -32.634804 -23.713491 91.513474 0.000000
368 -44.176506 -15.642302 88.353012 0.000000
369 -33.764969 -8.111195 93.793808 0.000000
371 12.461835 -38.365646 91.513474 0.000000
372 1.230181 -46.846897 88.353012 0.000000
373 -2.720401 -34.625095 93.793808 0.000000
374 -18.152672 -29.604359 93.793808 0.000000
375 40.345940 0.000000 91.513474 0.000000
376 44.936615 -13.311960 88.353012 0.000000
377 32.084724 -13.281955 93.793808 0.000000
378 22.543320 -26.413887 93.793808 0.000000
400 -84.262405 13.802031 52.077667 0.000000
468 -56.658340 -8.231212 82.002068 0.000000
469 -68.000008 0.000000 73.340790 0.000000
470 -77.031342 8.221210 63.259312 0.000000
478 -9.681425 -56.438309 82.002068 0.000000
487 67.159889 -38.625687 63.259312 0.000000
488 50.677460 -26.643923 82.002068 0.000000
489 55.008099 -39.965881 73.340790 0.000000
645 -5.590823 -4.060598 99.774689 0.000000
647 2.140315 -6.580969 99.774689 0.000000
648 -3.460510 -10.651567 99.384636 0.000000
650 9.061334 -6.580969 99.384636 0.000000
700 -47.196945 -34.285046 81.241959 0.000000
701 -53.697903 -30.774530 78.561562 0.000000
702 -49.167236 -27.474043 82.642174 0.000000
707 18.022654 -55.478168 81.241959 0.000000
708 12.671865 -60.578918 78.561562 0.000000
709 10.931609 -55.258133 82.642174 0.000000
710 -35.645245 -34.145027 86.982803 0.000000
711 -34.305050 -41.436100 84.312416 0.000000
712 -41.326084 -38.275635 82.642174 0.000000
713 -45.856750 -41.566120 78.561562 0.000000
717 21.463158 -44.456543 86.982803 0.000000
718 28.804239 -45.436687 84.312416 0.000000
719 23.633480 -51.127529 82.642174 0.000000
720 25.363733 -56.458309 78.561562 0.000000
850 -27.444038 -19.932934 94.083847 0.000000
851 -33.304901 -15.962350 92.943680 0.000000
852 -28.014122 -12.121784 95.244026 0.000000
857 10.481544 -32.254749 94.083847 0.000000
858 4.890720 -36.605389 92.943680 0.000000
859 2.870422 -30.384472 95.244026 0.000000
860 -14.562144 -18.742758 97.154297 0.000000
861 -12.571850 -25.523758 95.884117 0.000000
862 -20.182972 -22.893370 95.244026 0.000000
863 -25.473751 -26.743937 92.943680 0.000000
865 36.325348 -6.660981 92.943680 0.000000
866 29.784386 -6.660981 95.244026 0.000000
867 13.331964 -19.642891 97.154297 0.000000
868 20.393002 -19.842920 95.884117 0.000000
869 15.532287 -26.273867 95.244026 0.000000
870 17.562586 -32.494785 92.943680 0.000000
1023 -44.586567 -7.851156 89.183136 0.000000
1024 -50.577446 -11.981764 85.442581 0.000000
1025 -50.867489 -4.130608 86.012665 0.000000
1027 -62.539204 4.130608 77.941475 0.000000
1028 -67.769981 8.151200 73.100754 0.000000
1029 -72.740700 4.130608 68.520088 0.000000
1030 -72.280640 12.271806 68.020012 0.000000
1031 -76.321243 15.152231 62.839252 0.000000
1040 1.790264 -69.710266 71.690552 0.000000
1045 -6.320930 -44.836601 89.183136 0.000000
1046 -4.240624 -51.807625 85.442581 0.000000
1047 -11.791736 -49.647308 86.012665 0.000000
1048 -30.864544 -55.248131 77.441399 0.000000
1049 -23.253424 -58.208569 77.941475 0.000000
1055 -54.227985 -47.627014 69.230194 0.000000
1065 70.650398 -32.594799 62.839252 0.000000
1066 65.699677 -32.554794 68.020012 0.000000
1067 40.685989 -19.862923 89.183136 0.000000
1068 47.957062 -20.042950 85.442581 0.000000
1069 43.576416 -26.553909 86.012665 0.000000
1070 43.006332 -46.426834 77.441399 0.000000
1071 48.167091 -40.105904 77.941475 0.000000
1072 50.037365 -46.426834 73.100754 0.000000
1073 56.428303 -46.096786 68.520088 0.000000
1074 51.267548 -52.417717 68.020012 0.000000
1447 -16.672455 -12.111782 97.864403 0.000000
1448 -22.333288 -8.061187 97.154297 0.000000
1449 -16.822475 -4.060598 98.504501 0.000000
1451 6.370938 -19.602886 97.864403 0.000000
1452 0.760112 -23.723494 97.154297 0.000000
1453 -1.330196 -17.252539 98.504501 0.000000
1454 -9.061334 -14.742170 98.504501 0.000000
1456 22.803356 -6.600972 97.154297 0.000000
1457 16.002356 -6.600972 98.504501 0.000000
1458 11.221652 -13.171938 98.504501 0.000000
1546 -55.808220 -40.545971 72.410652 0.000000
1548 -58.028542 -33.924992 74.060898 0.000000
1549 -59.928825 -27.063984 75.361092 0.000000
1550 -61.489048 -20.122961 76.271233 0.000000
1559 21.313137 -65.609657 72.410652 0.000000
1560 15.872337 -70.410370 69.230194 0.000000
1561 14.332109 -65.669670 74.060898 0.000000
1562 7.221063 -65.359619 75.361092 0.000000
1563 0.140021 -64.689522 76.271233 0.000000
1564 -21.243126 -39.985886 89.183136 0.000000
1565 -19.642891 -47.096931 86.012665 0.000000
1566 -27.023979 -44.406540 85.442581 0.000000
1567 -32.694817 -48.527145 81.111938 0.000000
1568 -38.135616 -52.257690 76.271233 0.000000
1570 -44.256516 -48.627155 75.361092 0.000000
1571 -50.197392 -44.706581 74.060898 0.000000
1577 31.464630 -32.554794 89.183136 0.000000
1578 38.725700 -33.234890 86.012665 0.000000
1579 33.874985 -39.415802 85.442581 0.000000
1580 36.045307 -46.096786 81.111938 0.000000
1581 37.915581 -52.417717 76.271233 0.000000
1582 39.525818 -57.458458 71.690552 0.000000
1583 32.574795 -57.118408 75.361092 0.000000
1584 27.003977 -61.559055 74.060898 0.000000
1813 -37.675549 -27.374029 88.513031 0.000000
1814 -43.496399 -23.343437 86.982803 0.000000
1815 -38.505669 -19.732904 90.173279 0.000000
1816 -39.065750 -11.911754 91.293434 0.000000
1818 -28.154146 -4.070600 95.884117 0.000000
1823 14.392118 -44.296520 88.513031 0.000000
1824 8.761290 -48.577148 86.982803 0.000000
1825 6.861010 -42.716286 90.173279 0.000000
1826 -0.750110 -40.836014 91.293434 0.000000
1827 -8.291221 -38.675694 91.863518 0.000000
1828 -4.830711 -28.034126 95.884117 0.000000
1829 -10.471541 -32.214745 94.103859 0.000000
1830 -16.032360 -36.165325 91.863518 0.000000
1831 -23.403444 -33.474926 91.293434 0.000000
1832 -30.664515 -30.524494 90.173279 0.000000
1834 48.907196 -6.670981 86.982803 0.000000
1835 42.746288 -6.670981 90.173279 0.000000
1836 38.605686 -13.331964 91.293434 0.000000
1837 34.225040 -19.832920 91.863518 0.000000
1838 25.173708 -13.261951 95.884117 0.000000
1839 27.404034 -19.912931 94.103859 0.000000
1840 29.444334 -26.423889 91.863518 0.000000
1841 24.603622 -32.594799 91.293434 0.000000
1842 19.552877 -38.595680 90.173279 0.000000
2052 -50.007362 -19.822918 84.312416 0.000000
2053 -56.258282 -16.102371 81.111938 0.000000
2054 -62.079140 -12.281808 77.441399 0.000000
2055 -56.858368 0.000000 82.282120 0.000000
2056 -62.539204 -4.130608 77.941475 0.000000
2057 -67.769981 -8.151200 73.100754 0.000000
2058 -72.740700 -4.130608 68.520088 0.000000
2061 -80.861900 11.041625 57.818512 0.000000
2062 -80.001778 17.962643 57.278435 0.000000
2080 3.400501 -53.687908 84.312416 0.000000
2081 -2.070305 -58.478607 81.111938 0.000000
2082 -7.501105 -62.839252 77.441399 0.000000
2083 -17.572586 -54.067959 82.282120 0.000000
2084 -15.402267 -60.758945 77.941475 0.000000
2085 -13.191941 -66.969856 73.100754 0.000000
2105 75.281075 -32.494785 57.278435 0.000000
2111 45.996769 -33.414917 82.282120 0.000000
2112 53.027805 -33.414917 77.941475 0.000000
2113 59.618774 -33.234890 73.100754 0.000000
2114 61.279018 -39.415802 68.520088 0.000000
2115 62.529202 -45.436687 63.469341 0.000000
2565 -2.800412 -2.030299 99.954720 0.000000
2567 1.070158 -3.290485 99.954720 0.000000
2568 -1.730255 -5.320783 99.854698 0.000000
2570 4.530667 -3.290485 99.854698 0.000000
2620 -44.896610 -32.614803 83.212257 0.000000
2621 -48.217098 -30.904547 81.992073 0.000000
2622 -45.886753 -29.214302 83.922356 0.000000
2627 17.152525 -52.777771 83.212257 0.000000
2628 14.492133 -55.408157 81.992073 0.000000
2629 13.602003 -52.667751 83.922356 0.000000
2630 -39.125759 -32.554794 86.092674 0.000000
2631 -38.515671 -36.245335 84.892494 0.000000
2632 -41.966175 -34.615097 83.922356 0.000000
2633 -44.286518 -36.305344 81.992073 0.000000
2637 18.872780 -47.266960 86.092674 0.000000
2638 22.563322 -47.827042 84.892494 0.000000
2639 19.952936 -50.607449 83.922356 0.000000
2640 20.843069 -53.337849 81.992073 0.000000
2770 -24.793648 -18.012651 95.204018 0.000000
2771 -27.744081 -16.042362 94.743950 0.000000
2772 -25.073690 -14.102077 95.784103 0.000000
2777 9.471395 -29.144289 95.204018 0.000000
2778 6.680983 -31.344614 94.743950 0.000000
2779 5.660833 -28.204153 95.784103 0.000000
2780 -18.352701 -17.422565 96.764244 0.000000
2781 -17.382561 -20.833067 96.264168 0.000000
2782 -21.163115 -19.492868 95.784103 0.000000
2783 -23.833508 -21.433155 94.743950 0.000000
2785 31.874691 -3.330490 94.743950 0.000000
2786 28.574205 -3.330490 95.784103 0.000000
2787 10.891603 -22.833361 96.764244 0.000000
2788 14.442126 -22.973381 96.264168 0.000000
2789 12.001766 -26.143850 95.784103 0.000000
2790 13.021916 -29.284311 94.743950 0.000000
2944 -47.767033 -5.990882 87.662903 0.000000
2948 -67.489929 12.211798 72.800720 0.000000
2949 -70.080315 10.221505 70.620399 0.000000
2950 -69.740273 14.272101 70.250343 0.000000
2951 -71.860573 15.742317 67.759972 0.000000
2960 -1.740256 -69.320198 72.080612 0.000000
2965 -10.081484 -43.716434 89.383163 0.000000
2966 -9.061334 -47.276958 87.662903 0.000000
2967 -12.811886 -46.136787 87.812927 0.000000
2968 -33.554939 -57.068398 74.971031 0.000000
2969 -29.804388 -58.638634 75.341095 0.000000
2975 -57.018394 -45.536701 68.400070 0.000000
2985 67.389915 -29.504341 67.759972 0.000000
2986 64.809540 -29.444334 70.250343 0.000000
2987 38.465664 -23.093399 89.383163 0.000000
2988 42.166206 -23.223417 87.662903 0.000000
2989 39.915874 -26.443893 87.812927 0.000000
2990 43.906464 -49.547295 74.971031 0.000000
2991 46.556854 -46.466839 75.341095 0.000000
2992 47.416981 -49.547295 72.800720 0.000000
2993 50.687462 -49.467281 70.620399 0.000000
2994 48.037075 -52.537735 70.250343 0.000000
2995 48.887192 -54.968090 67.759972 0.000000
2996 45.616714 -55.048103 69.940292 0.000000
3370 -13.932051 -10.121490 98.524498 0.000000
3371 -16.762468 -8.101192 98.264465 0.000000
3372 -14.002061 -6.090896 98.844551 0.000000
3377 5.320783 -16.372412 98.524498 0.000000
3378 2.520371 -18.442715 98.264465 0.000000
3379 1.470216 -15.202237 98.844551 0.000000
3380 -7.321078 -9.391383 99.304619 0.000000
3381 -6.270924 -12.701871 99.004570 0.000000
3382 -10.121490 -11.431683 98.844551 0.000000
3383 -12.881896 -13.441978 98.264465 0.000000
3385 18.322697 -3.300486 98.264465 0.000000
3386 14.912196 -3.300486 98.844551 0.000000
3387 6.670981 -9.861451 99.304619 0.000000
3388 10.151494 -9.881454 99.004570 0.000000
3389 7.751141 -13.161939 98.844551 0.000000
3390 8.801296 -16.402414 98.264465 0.000000
3535 -53.747913 -39.055748 74.761002 0.000000
3536 -56.958389 -37.265484 73.280785 0.000000
3537 -54.868076 -35.745262 75.591125 0.000000
3538 -54.638042 -27.334024 79.181656 0.000000
3539 -56.858368 -28.944262 77.021339 0.000000
3540 -57.748501 -25.483751 77.581421 0.000000
3541 -60.748943 -23.613476 75.861168 0.000000
3542 -58.538620 -22.013241 78.051491 0.000000
3557 20.533024 -63.189301 74.761002 0.000000
3558 17.832624 -65.679665 73.280785 0.000000
3559 17.042507 -63.229309 75.591125 0.000000
3560 9.121343 -60.408890 79.181656 0.000000
3561 9.951465 -63.019279 77.021339 0.000000
3562 6.390941 -62.799244 77.581421 0.000000
3563 3.680542 -65.069580 75.861168 0.000000
3564 2.850420 -62.479198 78.051491 0.000000
3565 -24.903666 -38.615685 88.833076 0.000000
3566 -24.153555 -42.226215 87.382866 0.000000
3567 -27.794092 -40.826008 86.972801 0.000000
3568 -37.115463 -43.456398 82.082085 0.000000
3569 -33.534935 -45.016628 82.782188 0.000000
3570 -36.305344 -47.006920 80.471848 0.000000
3571 -35.445221 -50.437424 78.761597 0.000000
3572 -39.025745 -48.867191 78.051491 0.000000
3573 -41.226070 -50.477432 75.861168 0.000000
3574 -42.086197 -47.046925 77.581421 0.000000
3575 -48.777176 -39.565823 77.841461 0.000000
3576 -48.057076 -43.166355 76.361237 0.000000
3577 -50.947502 -41.136055 75.591125 0.000000
3578 -53.037811 -42.656277 73.280785 0.000000
3587 29.024273 -35.615242 88.833076 0.000000
3588 32.694817 -36.015301 87.382866 0.000000
3589 30.234451 -39.055748 86.972801 0.000000
3590 29.864395 -48.727169 82.082085 0.000000
3591 32.454777 -45.796738 82.782188 0.000000
3592 33.484928 -49.057220 80.471848 0.000000
3593 37.015446 -49.297256 78.761597 0.000000
3594 34.415066 -52.217686 78.051491 0.000000
3595 35.265194 -54.808067 75.861168 0.000000
3596 31.744675 -54.558029 77.581421 0.000000
3597 22.553322 -58.618626 77.841461 0.000000
3598 26.193857 -59.038692 76.361237 0.000000
3599 23.383442 -61.169003 75.591125 0.000000
3600 24.173559 -63.619366 73.280785 0.000000
3985 -35.175179 -25.553761 90.063263 0.000000
3986 -38.125610 -23.573469 89.413162 0.000000
3987 -35.595242 -21.733198 90.903381 0.000000
3988 -33.564938 -12.051774 93.443756 0.000000
3989 -36.205326 -13.942053 92.183571 0.000000
3990 -36.435364 -10.021475 92.603630 0.000000
3991 -39.235775 -7.991176 91.653488 0.000000
3992 -36.575382 -6.090896 92.883667 0.000000
3993 -22.383295 -4.030593 97.394333 0.000000
3994 -25.263721 -6.070893 96.584213 0.000000
3995 -25.293724 -2.040300 96.744247 0.000000
4007 13.441978 -41.356091 90.063263 0.000000
4008 10.641566 -43.536407 89.413162 0.000000
4009 9.671424 -40.565971 90.903381 0.000000
4010 1.090160 -35.645245 93.443756 0.000000
4011 2.070305 -38.745705 92.183571 0.000000
4012 -1.730255 -37.745560 92.603630 0.000000
4013 -4.520666 -39.785854 91.653488 0.000000
4014 -5.510811 -36.675396 92.883667 0.000000
4015 -3.080453 -22.533318 97.394333 0.000000
4016 -2.030299 -25.893810 96.584213 0.000000
4017 -5.880866 -24.683634 96.744247 0.000000
4018 -15.372262 -27.584059 94.903969 0.000000
4019 -11.531697 -28.884253 95.053993 0.000000
4020 -14.322108 -30.934553 94.023842 0.000000
4021 -13.251949 -34.215034 93.043694 0.000000
4022 -17.102518 -32.904846 92.883667 0.000000
4023 -19.732904 -34.845131 91.653488 0.000000
4024 -20.793062 -31.554644 92.603630 0.000000
4025 -29.074280 -25.243717 92.303589 0.000000
4026 -28.084135 -28.654219 91.613487 0.000000
4027 -31.674665 -27.133993 90.903381 0.000000
4028 -34.195034 -28.974264 89.413162 0.000000
4030 44.696583 -3.340492 89.413162 0.000000
4031 41.576118 -3.340492 90.903381 0.000000
4032 34.235039 -9.981469 93.443756 0.000000
4033 37.495522 -10.001472 92.183571 0.000000
4034 35.365208 -13.311960 92.603630 0.000000
4035 36.445362 -16.592443 91.653488 0.000000
4036 33.174881 -16.572439 92.883667 0.000000
4037 20.483015 -9.891456 97.394333 0.000000
4038 24.003532 -9.941463 96.584213 0.000000
4039 21.663189 -13.221947 96.744247 0.000000
4040 21.483162 -23.143406 94.903969 0.000000
4041 23.913521 -19.892927 95.053993 0.000000
4042 24.993679 -23.183413 94.023842 0.000000
4043 28.444185 -23.183413 93.043694 0.000000
4044 26.013830 -26.433889 92.883667 0.000000
4045 27.043980 -29.534348 91.653488 0.000000
4046 23.593473 -29.524345 92.603630 0.000000
4047 15.022211 -35.455219 92.303589 0.000000
4048 18.572733 -35.565235 91.613487 0.000000
4049 16.022360 -38.505669 90.903381 0.000000
4050 16.982500 -41.476105 89.413162 0.000000
4162 -84.622459 10.361526 52.297695 0.000000
4164 -86.122681 12.421828 49.307259 0.000000
4503 -43.866459 -19.512873 87.732918 0.000000
4504 -46.786884 -21.603180 85.712616 0.000000
4505 -47.136940 -17.752613 86.412720 0.000000
4506 -53.667900 -10.111488 83.792336 0.000000
4507 -53.467873 -14.052068 83.352272 0.000000
4508 -56.508320 -12.181792 81.622017 0.000000
4509 -59.218719 -14.202091 79.341675 0.000000
4510 -59.418747 -10.261511 79.791748 0.000000
4514 -65.319611 2.070305 75.711151 0.000000
4515 -62.599213 0.000000 78.001480 0.000000
4516 -65.319611 -2.070305 75.711151 0.000000
4517 -65.209602 -6.150906 75.581123 0.000000
4518 -67.940002 -4.080601 73.280785 0.000000
4519 -70.310356 -6.140904 70.860435 0.000000
4520 -70.420372 -2.060303 70.990456 0.000000
4521 -74.951035 6.180910 65.939705 0.000000
4522 -75.081055 2.060303 66.049721 0.000000
4523 -77.231369 4.120606 63.419338 0.000000
4525 -79.231667 6.180910 60.718937 0.000000
4526 -81.131943 7.591117 57.988537 0.000000
4527 -79.001625 9.641419 60.578918 0.000000
4529 -78.211510 16.572439 60.098846 0.000000
4555 12.371821 -70.370361 69.980301 0.000000
4556 13.151937 -72.740700 67.369919 0.000000
4557 9.641419 -72.640694 68.060013 0.000000
4570 5.000736 -47.747028 87.732918 0.000000
4571 6.090896 -51.167534 85.712616 0.000000
4572 2.320342 -50.307407 86.412720 0.000000
4573 -6.961025 -54.157970 83.792336 0.000000
4574 -3.160465 -55.188126 83.352272 0.000000
4575 -5.880866 -57.498463 81.622017 0.000000
4576 -4.790705 -60.708939 79.341675 0.000000
4577 -8.601267 -59.688789 79.791748 0.000000
4578 -22.513313 -49.267250 84.082375 0.000000
4579 -18.622740 -50.627457 84.222397 0.000000
4580 -21.473160 -52.757763 82.212105 0.000000
4581 -22.153261 -61.489048 75.711151 0.000000
4582 -19.342848 -59.528763 78.001480 0.000000
4583 -18.222681 -62.769241 75.711151 0.000000
4584 -14.302107 -63.919411 75.581123 0.000000
4585 -17.112520 -65.869698 73.280785 0.000000
4630 76.811310 -29.394329 56.918381 0.000000
4631 74.600975 -29.474339 59.738792 0.000000
4632 68.950150 -35.635246 63.079285 0.000000
4633 71.340500 -35.625248 60.378887 0.000000
4634 69.580238 -38.635689 60.578918 0.000000
4636 67.729973 -41.566120 60.718937 0.000000
4637 46.956913 -10.001472 87.732918 0.000000
4639 48.567146 -13.341963 86.412720 0.000000
4640 49.357265 -23.363440 83.792336 0.000000
4641 51.517586 -20.052952 83.352272 0.000000
4642 52.867779 -23.363440 81.622017 0.000000
4644 54.107967 -26.623920 79.791748 0.000000
4645 39.895874 -36.635391 84.082375 0.000000
4646 42.396240 -33.354908 84.222397 0.000000
4647 43.536407 -36.725403 82.212105 0.000000
4648 51.637604 -40.065895 75.711151 0.000000
4649 50.637451 -36.795418 78.001480 0.000000
4650 54.067959 -36.725403 75.711151 0.000000
4651 56.368298 -33.354908 75.581123 0.000000
4652 57.358440 -36.635391 73.280785 0.000000
4653 60.488903 -36.355350 70.860435 0.000000
4654 58.188564 -39.725845 70.990456 0.000000
4655 56.998386 -49.057220 65.939705 0.000000
4656 59.528763 -45.796738 66.049721 0.000000
4657 60.058842 -48.727169 63.419338 0.000000
4667 36.845425 -59.778801 71.210487 0.000000
5767 -8.381234 -6.090896 99.474640 0.000000
5768 -11.191648 -4.060598 99.304619 0.000000
5769 -8.401237 -2.030299 99.644669 0.000000
5771 3.200471 -9.851450 99.474640 0.000000
5772 0.400059 -11.891751 99.304619 0.000000
5773 -0.660097 -8.621269 99.644669 0.000000
5774 -4.530667 -7.361084 99.644669 0.000000
5775 10.361526 0.000000 99.474640 0.000000
5776 11.441684 -3.290485 99.304619 0.000000
5777 7.991176 -3.290485 99.644669 0.000000
5778 5.600825 -6.580969 99.644669 0.000000
5866 -49.437279 -35.925285 79.171654 0.000000
5867 -52.697758 -34.165028 77.841461 0.000000
5868 -50.487434 -32.554794 79.961769 0.000000
5869 -51.467575 -29.144289 80.651871 0.000000
5870 -52.377708 -25.693783 81.241959 0.000000
5879 18.882780 -58.118557 79.171654 0.000000
5880 16.202385 -60.678932 77.841461 0.000000
5881 15.362262 -58.078548 79.961769 0.000000
5882 11.811739 -57.948528 80.651871 0.000000
5883 8.251215 -57.748501 81.241959 0.000000
5884 -32.114727 -35.695255 87.732918 0.000000
5885 -31.444628 -39.335789 86.412720 0.000000
5886 -35.005154 -37.815567 85.712616 0.000000
5887 -37.845570 -39.885868 83.542305 0.000000
5888 -40.615978 -41.876167 81.241959 0.000000
5889 -42.886311 -43.516403 79.181656 0.000000
5890 -43.616421 -39.945877 80.651871 0.000000
5891 -46.566856 -37.955589 79.961769 0.000000
5897 24.023537 -41.566120 87.732918 0.000000
5898 27.694075 -42.066193 86.412720 0.000000
5899 25.153704 -44.976624 85.712616 0.000000
5900 26.233864 -48.317112 83.542305 0.000000
5901 27.274015 -51.567593 81.241959 0.000000
5902 28.134142 -54.227985 79.181656 0.000000
5903 24.513609 -53.827927 80.651871 0.000000
5904 21.713196 -56.018250 79.961769 0.000000
6136 -30.054424 -21.833214 92.853668 0.000000
6137 -32.994854 -19.852922 92.303589 0.000000
6138 -30.394474 -17.962643 93.573769 0.000000
6139 -30.674513 -14.052068 94.153862 0.000000
6140 -30.904547 -10.121490 94.573921 0.000000
6149 11.481689 -35.335205 92.853668 0.000000
6150 8.681278 -37.515522 92.303589 0.000000
6151 7.691132 -34.455074 93.573769 0.000000
6152 3.880571 -33.514931 94.153862 0.000000
6153 0.080012 -32.524788 94.573921 0.000000
6154 -10.751583 -20.042950 97.394333 0.000000
6155 -9.751435 -23.433451 96.744247 0.000000
6156 -13.571999 -22.143259 96.584213 0.000000
6157 -16.392412 -24.223564 95.644081 0.000000
6158 -19.182823 -26.263866 94.573921 0.000000
6159 -21.833214 -28.194149 93.443756 0.000000
6160 -22.843363 -24.833656 94.153862 0.000000
6161 -26.473896 -23.353437 93.573769 0.000000
6162 37.155468 0.000000 92.853668 0.000000
6163 38.365646 -3.330490 92.303589 0.000000
6164 35.145172 -3.330490 93.573769 0.000000
6165 33.074867 -6.660981 94.153862 0.000000
6166 30.954557 -9.971467 94.573921 0.000000
6167 15.742317 -16.422417 97.394333 0.000000
6168 19.272837 -16.512430 96.744247 0.000000
6169 16.872482 -19.752907 96.584213 0.000000
6170 17.972645 -23.073397 95.644081 0.000000
6171 19.052805 -26.353880 94.573921 0.000000
6172 20.072954 -29.474339 93.443756 0.000000
6173 16.562437 -29.394329 94.153862 0.000000
6174 14.032066 -32.394772 93.573769 0.000000
6241 -83.812340 17.212532 51.797626 0.000000
6242 -85.702614 15.892339 49.047218 0.000000
6447 -44.416538 -11.751730 88.833076 0.000000
6448 -47.416981 -13.822034 86.972801 0.000000
6449 -47.627014 -9.921460 87.382866 0.000000
6450 -50.757473 -8.061187 85.802628 0.000000
6451 -53.807919 -6.190911 84.082375 0.000000
6455 -65.209602 6.150906 75.581123 0.000000
6456 -67.940002 4.080601 73.280785 0.000000
6457 -70.420372 2.060303 70.990456 0.000000
6458 -70.310356 6.140904 70.860435 0.000000
6459 -72.570679 8.211208 68.330055 0.000000
6460 -74.721001 10.261511 65.689667 0.000000
6461 -76.721291 11.701722 63.079285 0.000000
6462 -74.350945 13.722019 65.469635 0.000000
6463 -73.890877 17.182529 65.179596 0.000000
6478 5.330785 -70.020309 71.210487 0.000000
6479 6.080895 -72.450661 68.680107 0.000000
6480 2.540374 -72.180626 69.190186 0.000000
6487 -2.550375 -45.876751 88.833076 0.000000
6488 -1.510222 -49.367268 86.972801 0.000000
6489 -5.280777 -48.357117 87.382866 0.000000
6490 -8.021181 -50.767475 85.802628 0.000000
6491 -10.741581 -53.087814 84.082375 0.000000
6492 -28.124140 -53.337849 79.791748 0.000000
6493 -24.313578 -54.818066 80.041779 0.000000
6494 -27.083986 -56.778362 77.761444 0.000000
6495 -25.993826 -60.118855 75.581123 0.000000
6505 -51.377567 -49.657307 69.980301 0.000000
6523 72.270630 -29.524345 62.509201 0.000000
6524 69.880287 -29.534348 65.179596 0.000000
6525 68.220039 -32.594799 65.469635 0.000000
6526 66.479782 -35.615242 65.689667 0.000000
6527 42.846306 -16.602442 88.833076 0.000000
6528 46.486843 -16.692455 86.972801 0.000000
6529 44.356533 -19.962938 87.382866 0.000000
6530 45.806744 -23.313431 85.802628 0.000000
6531 47.166943 -26.623920 84.082375 0.000000
6532 42.036186 -43.236362 79.791748 0.000000
6533 44.626572 -40.065895 80.041779 0.000000
6534 45.626717 -43.306374 77.761444 0.000000
6535 49.147232 -43.306374 75.581123 0.000000
6536 52.567738 -43.236362 73.280785 0.000000
6537 55.758209 -43.066338 70.990456 0.000000
6538 53.267841 -46.296818 70.860435 0.000000
6539 53.887932 -49.297256 68.330055 0.000000
7213 -19.402857 -14.102077 97.094292 0.000000
7214 -22.233273 -12.071776 96.764244 0.000000
7215 -19.512873 -10.091486 97.574364 0.000000
7216 -19.582882 -6.060892 97.894409 0.000000
7217 -19.622887 -2.030299 98.054436 0.000000
7218 -14.022064 -2.030299 99.004570 0.000000
7223 7.411091 -22.813358 97.094292 0.000000
7224 4.610679 -24.883661 96.764244 0.000000
7225 3.570526 -21.683191 97.574364 0.000000
7226 -0.280041 -20.503017 97.894409 0.000000
7227 -4.130608 -19.292841 98.054436 0.000000
7228 -2.400353 -13.962054 99.004570 0.000000
7229 -5.200766 -16.012358 98.584511 0.000000
7230 -8.001178 -18.032654 98.054436 0.000000
7231 -11.821740 -16.752466 97.894409 0.000000
7232 -15.632300 -15.442274 97.574364 0.000000
7234 25.083694 -3.300486 96.764244 0.000000
7235 21.723198 -3.300486 97.574364 0.000000
7236 19.412857 -6.610973 97.894409 0.000000
7237 17.072514 -9.891456 98.054436 0.000000
7238 12.541847 -6.590970 99.004570 0.000000
7239 13.622005 -9.901457 98.584511 0.000000
7240 14.682160 -13.181940 98.054436 0.000000
7241 12.281808 -16.422417 97.894409 0.000000
7242 9.851450 -19.632889 97.574364 0.000000
7444 -57.808510 -41.996185 69.980301 0.000000
7446 -58.978680 -38.735706 70.880440 0.000000
7447 -60.078846 -35.415215 71.690552 0.000000
7449 -55.898228 -32.364765 76.361237 0.000000
7450 -59.018684 -30.514492 74.761002 0.000000
7453 -63.659370 -21.703194 74.030891 0.000000
7454 -64.339470 -18.202679 74.380951 0.000000
7475 22.083250 -67.950005 69.980301 0.000000
7476 19.362850 -70.360359 68.400070 0.000000
7477 18.612740 -68.060013 70.880440 0.000000
7478 15.112225 -68.080025 71.690552 0.000000
7479 11.601707 -68.010010 72.410652 0.000000
7480 13.511990 -63.169304 76.361237 0.000000
7481 10.781587 -65.559654 74.761002 0.000000
7482 8.041183 -67.839989 73.050751 0.000000
7483 4.510664 -67.589951 73.580833 0.000000
7484 0.970143 -67.239891 74.030891 0.000000
7485 -2.570378 -66.809830 74.380951 0.000000
7486 -17.542583 -41.296082 89.383163 0.000000
7487 -16.752466 -44.856606 87.812927 0.000000
7488 -20.463013 -43.576416 87.662903 0.000000
7489 -23.353437 -45.786739 85.802628 0.000000
7490 -26.203856 -47.907055 83.792336 0.000000
7491 -30.684517 -42.956326 84.952499 0.000000
7492 -29.884398 -46.506847 83.352272 0.000000
7493 -29.044275 -49.977360 81.622017 0.000000
7494 -31.804682 -51.927647 79.341675 0.000000
7495 -34.525082 -53.797916 76.921326 0.000000
7496 -37.185474 -55.568176 74.380951 0.000000
7498 -40.305931 -53.837925 74.030891 0.000000
7499 -43.376385 -52.027660 73.580833 0.000000
7500 -46.386829 -50.157383 73.050751 0.000000
7501 -45.096638 -45.136646 77.021339 0.000000
7502 -47.256958 -46.696873 74.761002 0.000000
7503 -49.367268 -48.197098 72.410652 0.000000
7504 -52.247692 -46.196800 71.690552 0.000000
7505 -55.068104 -44.126495 70.880440 0.000000
7517 33.844982 -29.444334 89.383163 0.000000
7518 37.485516 -29.794384 87.812927 0.000000
7519 35.115170 -32.924847 87.662903 0.000000
7520 36.325348 -36.355350 85.802628 0.000000
7521 37.465515 -39.725845 83.792336 0.000000
7522 31.364618 -42.456245 84.952499 0.000000
7523 34.995152 -42.796295 83.352272 0.000000
7524 38.555679 -43.066338 81.622017 0.000000
7525 39.555820 -46.296818 79.341675 0.000000
7526 40.495964 -49.467281 76.921326 0.000000
7527 41.356091 -52.537735 74.380951 0.000000
7528 42.156208 -55.048103 72.080612 0.000000
7529 38.745705 -54.968090 74.030891 0.000000
7530 36.075310 -57.328438 73.580833 0.000000
7531 33.364910 -59.618774 73.050751 0.000000
7532 28.994268 -56.838367 77.021339 0.000000
7533 29.804388 -59.378738 74.761002 0.000000
7534 30.584501 -61.839104 72.410652 0.000000
7535 27.794092 -63.959415 71.690552 0.000000
7536 24.953674 -65.999710 70.880440 0.000000
8071 -40.135910 -29.154291 86.842789 0.000000
8072 -43.046337 -27.143997 86.092674 0.000000
8073 -40.615978 -25.373734 87.802925 0.000000
8074 -41.026039 -21.553171 88.633049 0.000000
8075 -41.366089 -17.702606 89.323151 0.000000
8076 -35.925285 -17.862631 91.613487 0.000000
8077 -38.815716 -15.832331 90.803368 0.000000
8078 -41.646130 -13.782028 89.883232 0.000000
8079 -41.856163 -9.881454 90.293289 0.000000
8080 -41.996185 -5.960877 90.573334 0.000000
8082 -25.183708 -10.091486 96.264168 0.000000
8083 -28.104136 -8.101192 95.644081 0.000000
8084 -30.984560 -6.090896 94.903969 0.000000
8086 -31.034567 -2.040300 95.053993 0.000000
8087 -33.844982 -4.060598 94.023842 0.000000
8099 15.332257 -47.176945 86.842789 0.000000
8100 12.511842 -49.327259 86.092674 0.000000
8101 11.581705 -46.466839 87.802925 0.000000
8102 7.821151 -45.676723 88.633049 0.000000
8103 4.050596 -44.816597 89.323151 0.000000
8104 5.880866 -39.685841 91.613487 0.000000
8105 3.060451 -41.806156 90.803368 0.000000
8106 0.240035 -43.866459 89.883232 0.000000
8107 -3.530520 -42.856308 90.293289 0.000000
8108 -7.311076 -41.786152 90.573334 0.000000
8109 -11.061628 -40.635983 90.713348 0.000000
8110 1.820268 -27.073986 96.264168 0.000000
8111 -0.980144 -29.234303 95.644081 0.000000
8112 -3.780556 -31.344614 94.903969 0.000000
8113 -8.711283 -26.803947 95.964134 0.000000
8114 -7.651126 -30.144438 95.053993 0.000000
8115 -6.600972 -33.444923 94.023842 0.000000
8116 -9.381381 -35.475224 93.043694 0.000000
8117 -12.171792 -37.455513 91.933533 0.000000
8118 -14.932198 -39.375793 90.713348 0.000000
8119 -18.642744 -38.095608 90.573334 0.000000
8120 -22.333288 -36.755409 90.293289 0.000000
8121 -25.983824 -35.345203 89.883232 0.000000
8122 -24.453598 -30.124435 92.183571 0.000000
8123 -27.053984 -32.024715 90.803368 0.000000
8124 -29.614359 -33.874985 89.323151 0.000000
8125 -33.174881 -32.354767 88.633049 0.000000
8126 -36.685402 -30.784531 87.802925 0.000000
8129 47.777035 -3.340492 87.802925 0.000000
8130 45.856750 -6.680983 88.633049 0.000000
8131 43.876457 -10.001472 89.323151 0.000000
8132 39.565823 -6.670981 91.613487 0.000000
8133 40.705994 -10.011474 90.803368 0.000000
8134 41.796154 -13.321961 89.883232 0.000000
8135 39.675838 -16.602442 90.293289 0.000000
8136 37.475517 -19.862923 90.573334 0.000000
8137 35.225185 -23.073397 90.713348 0.000000
8138 26.313873 -6.630976 96.264168 0.000000
8139 27.504049 -9.961467 95.644081 0.000000
8140 28.644217 -13.281955 94.903969 0.000000
8141 22.793354 -16.562437 95.964134 0.000000
8142 26.303873 -16.592443 95.053993 0.000000
8143 29.774382 -16.612444 94.023842 0.000000
8144 30.834538 -19.882925 93.043694 0.000000
8145 31.854689 -23.143406 91.933533 0.000000
8146 32.834835 -26.373882 90.713348 0.000000
8147 30.474485 -29.504341 90.573334 0.000000
8148 28.054129 -32.594799 90.293289 0.000000
8149 25.593767 -35.635246 89.883232 0.000000
8150 21.093105 -32.564796 92.183571 0.000000
8151 22.093252 -35.625248 90.803368 0.000000
8152 23.063395 -38.635689 89.323151 0.000000
8153 20.523022 -41.546116 88.633049 0.000000
8154 17.942642 -44.406540 87.802925 0.000000
8724 -46.366825 -25.433744 84.892494 0.000000
8725 -49.627304 -23.663483 83.542305 0.000000
8726 -52.797768 -21.863218 82.082085 0.000000
8727 -50.337410 -15.912342 84.952499 0.000000
8728 -53.177830 -17.982647 82.782188 0.000000
8729 -55.918228 -20.002945 80.471848 0.000000
8730 -58.918674 -18.122667 78.761597 0.000000
8731 -61.829102 -16.212387 76.921326 0.000000
8732 -64.639519 -14.272101 74.971031 0.000000
8734 -53.907932 -2.070305 84.222397 0.000000
8735 -56.808365 -4.120606 82.212105 0.000000
8736 -59.748798 2.070305 80.181801 0.000000
8737 -59.748798 -2.070305 80.181801 0.000000
8738 -59.648785 -6.190911 80.041779 0.000000
8739 -62.369183 -8.211208 77.761444 0.000000
8740 -64.979568 -10.221505 75.341095 0.000000
8741 -67.489929 -12.211798 72.800720 0.000000
8742 -70.080315 -10.221505 70.620399 0.000000
8745 -72.800720 0.000000 68.570091 0.000000
8752 -82.932213 8.981321 55.178120 0.000000
8753 -82.612160 12.421828 54.988094 0.000000
8754 -78.651581 13.111930 60.378887 0.000000
8755 -80.481850 14.512136 57.578476 0.000000
8756 -82.192101 15.892339 54.718052 0.000000
8806 9.861451 -51.957649 84.892494 0.000000
8807 7.171056 -54.508022 83.542305 0.000000
8808 4.480659 -56.968384 82.082085 0.000000
8809 -0.420062 -52.787773 84.952499 0.000000
8810 0.670099 -56.128265 82.782188 0.000000
8811 1.740256 -59.368736 80.471848 0.000000
8812 -0.970143 -61.639072 78.761597 0.000000
8813 -3.690543 -63.819397 76.921326 0.000000
8814 -6.400942 -65.889694 74.971031 0.000000
8815 -15.732315 -48.417126 86.092674 0.000000
8816 -14.692163 -51.907639 84.222397 0.000000
8817 -13.632007 -55.298141 82.212105 0.000000
8818 -20.433008 -56.188271 80.181801 0.000000
8819 -16.502430 -57.468460 80.181801 0.000000
8820 -12.551847 -58.648628 80.041779 0.000000
8821 -11.461687 -61.849102 77.761444 0.000000
8822 -10.351524 -64.959564 75.341095 0.000000
8823 -9.241360 -67.959999 72.800720 0.000000
8882 73.010750 -32.564796 60.098846 0.000000
8883 73.640839 -35.565235 57.578476 0.000000
8891 50.077370 -16.712460 84.952499 0.000000
8897 41.186062 -29.924404 86.092674 0.000000
8898 44.826599 -30.014418 84.222397 0.000000
8899 48.377121 -30.054424 82.212105 0.000000
8900 47.126938 -36.795418 80.181801 0.000000
8901 49.557293 -33.444923 80.181801 0.000000
8902 51.897640 -30.054424 80.041779 0.000000
8903 55.278133 -30.014418 77.761444 0.000000
8904 58.578617 -29.924404 75.341095 0.000000
8905 61.779091 -29.794384 72.800720 0.000000
8906 62.709229 -32.924847 70.620399 0.000000
8907 63.539352 -36.015301 68.330055 0.000000
8908 64.269463 -39.055748 65.939705 0.000000
8909 58.898674 -42.796295 68.570091 0.000000
8910 61.949120 -42.456245 66.049721 0.000000
8911 64.899551 -42.066193 63.419338 0.000000
8912 65.419632 -44.976624 60.828953 0.000000
8924 43.026333 -57.498463 69.610245 0.000000
