#!ascii label, from subject  
38
129 -95.944122 -16.062366 -23.253424 0.000000
289 -91.783508 -37.175472 -13.992060 0.000000
290 -92.003540 -29.604359 -25.713783 0.000000
549 -93.593781 -8.111195 -34.315052 0.000000
1232 -94.213867 -22.893370 -24.543612 0.000000
1234 -93.413750 -18.742758 -30.424479 0.000000
1236 -94.993988 -12.111782 -28.854248 0.000000
1672 -88.513031 -44.406540 -14.042068 0.000000
1673 -89.263138 -39.985886 -20.883076 0.000000
1675 -92.123558 -33.474926 -19.902929 0.000000
1676 -94.523918 -26.743937 -18.782766 0.000000
3152 -95.134010 -19.492868 -23.913521 0.000000
3153 -93.873817 -20.833067 -27.504049 0.000000
3154 -94.753944 -17.422565 -26.853952 0.000000
3155 -94.263878 -15.442274 -29.654366 0.000000
3156 -95.524063 -14.102077 -26.063837 0.000000
3746 -89.703209 -42.956326 -10.541552 0.000000
3747 -90.223282 -40.826008 -14.032066 0.000000
3748 -88.963097 -42.226215 -17.482573 0.000000
3749 -90.593338 -38.615685 -17.452570 0.000000
3750 -90.753357 -36.755409 -20.403004 0.000000
3751 -92.013542 -35.345203 -16.952494 0.000000
5147 -92.933678 -11.431683 -35.155178 0.000000
5151 -92.723648 -6.090896 -36.985443 0.000000
6826 -93.173714 -26.263866 -25.143700 0.000000
6828 -92.873672 -24.223564 -28.114140 0.000000
6832 -92.843666 -16.752466 -33.204884 0.000000
6833 -93.653786 -13.441978 -32.424774 0.000000
6834 -94.353889 -10.121490 -31.604654 0.000000
7741 -87.912941 -46.506847 -10.541552 0.000000
7742 -86.662758 -47.907055 -14.042068 0.000000
7748 -90.793365 -34.845131 -23.343437 0.000000
7749 -92.123558 -31.554644 -22.823359 0.000000
7750 -93.313736 -32.024715 -16.412416 0.000000
7751 -93.383751 -30.124435 -19.352850 0.000000
7752 -93.343742 -28.194149 -22.263277 0.000000
7753 -94.423904 -24.833656 -21.673191 0.000000
9420 -96.494209 -12.071776 -23.383442 0.000000
