#No. LabelName     R    G    B    A
  1      lv1        0    0  144    0
  2      lv2        0    0  160    0
  3      lv3        0    0  176    0
  4      lv4        0    0  192    0
  5      lv5        0    0  208    0
  6      lv6        0    0  224    0
  7      lv7        0    0  240    0
  8      lv8        0    0  255    0
  9      lv9        0   16  255    0
 10      lv10        0   32  255    0
 11      lv11        0   48  255    0
 12      lv12        0   64  255    0
 13      lv13        0   80  255    0
 14      lv14        0   96  255    0
 15      lv15        0  112  255    0
 16      lv16        0  128  255    0
 17      lv17        0  144  255    0
 18      lv18        0  160  255    0
 19      lv19        0  176  255    0
 20      lv20        0  192  255    0
 21      lv21        0  208  255    0
 22      lv22        0  224  255    0
 23      lv23        0  240  255    0
 24      lv24        0  255  255    0
 25      lv25       16  255  240    0
 26      lv26       32  255  224    0
 27      lv27       48  255  208    0
 28      lv28       64  255  192    0
 29      lv29       80  255  176    0
 30      lv30       96  255  160    0
 31      lv31      112  255  144    0
 32      lv32      128  255  128    0
 33      lv33      144  255  112    0
 34      lv34      160  255   96    0
 35      lv35      176  255   80    0
 36      lv36      192  255   64    0
 37      lv37      208  255   48    0
 38      lv38      224  255   32    0
 39      lv39      240  255   16    0
 40      lv40      255  255    0    0
 41      lv41      255  240    0    0
 42      lv42      255  224    0    0
 43      lv43      255  208    0    0
 44      lv44      255  192    0    0
 45      lv45      255  176    0    0
 46      lv46      255  160    0    0
 47      lv47      255  144    0    0
 48      lv48      255  128    0    0
 49      lv49      255  112    0    0
 50      lv50      255   96    0    0
 51      lv51      255   80    0    0
 52      lv52      255   64    0    0
 53      lv53      255   48    0    0
 54      lv54      255   32    0    0
 55      lv55      255   16    0    0
 56      lv56      255    0    0    0
 57      lv57      240    0    0    0
 58      lv58      224    0    0    0
 59      lv59      208    0    0    0
 60      lv60      192    0    0    0
 61      lv61      176    0    0    0
 62      lv62      160    0    0    0
 63      lv63      144    0    0    0
 64      lv64      128    0    0    0
