#!ascii label, from subject  
97
74 95.944122 16.062366 23.253424 0.000000
245 58.928677 13.311960 79.701729 0.000000
500 79.081642 13.171938 59.798801 0.000000
501 86.692764 13.121931 48.117085 0.000000
511 90.283295 21.303135 37.395504 0.000000
725 55.928230 6.670981 82.642174 0.000000
726 61.529053 6.670981 78.561562 0.000000
944 96.424194 19.932934 17.532581 0.000000
946 97.714378 12.121784 17.542583 0.000000
1098 71.870583 6.660981 69.230194 0.000000
1123 88.703056 17.252539 42.856308 0.000000
1124 84.682465 19.602886 49.467281 0.000000
1502 94.993988 12.111782 28.854248 0.000000
1503 96.884262 8.061187 23.473455 0.000000
1595 64.389481 13.331964 75.361092 0.000000
1596 66.889847 6.660981 74.060898 0.000000
1951 98.354477 4.070600 17.692604 0.000000
2149 83.092232 13.171938 54.087959 0.000000
2173 94.523918 26.743937 18.782766 0.000000
2174 94.213867 22.893370 24.543612 0.000000
2176 91.383446 25.523758 31.634657 0.000000
2177 93.413750 18.742758 30.424479 0.000000
2178 92.163567 14.742170 35.945290 0.000000
2179 90.443314 10.651567 41.356091 0.000000
2864 96.244171 18.012651 20.403004 0.000000
2865 97.144295 16.042362 17.552586 0.000000
2866 96.894257 14.102077 20.413004 0.000000
3464 94.353889 10.121490 31.604654 0.000000
3611 55.568176 13.341963 82.082085 0.000000
3617 61.699085 13.321961 77.581421 0.000000
3618 62.719231 3.340492 77.841461 0.000000
3619 64.249466 6.670981 76.361237 0.000000
3620 65.399628 3.330490 75.591125 0.000000
4283 97.684380 6.070893 20.603033 0.000000
4284 97.844398 2.040300 20.643040 0.000000
4740 80.071785 16.422417 57.628487 0.000000
4741 82.062080 16.422417 54.758060 0.000000
4742 81.131943 13.181940 56.978390 0.000000
4798 94.423904 24.833656 21.673191 0.000000
4799 93.173714 26.263866 25.143700 0.000000
4803 89.163124 24.683634 38.005596 0.000000
4804 89.723206 26.803947 35.125172 0.000000
4805 90.893379 23.433451 34.545086 0.000000
4806 92.453606 22.143259 31.054571 0.000000
4807 91.923531 20.042950 33.934994 0.000000
4808 92.843666 16.752466 33.204884 0.000000
4809 91.273430 18.032654 36.695400 0.000000
4810 87.752914 15.202237 45.516697 0.000000
4811 89.623192 13.962054 42.136204 0.000000
4812 88.643051 11.891751 44.766590 0.000000
5912 54.057957 10.021475 83.542305 0.000000
5913 57.478462 10.001472 81.241959 0.000000
5914 60.268871 10.001472 79.181656 0.000000
5915 58.768650 6.680983 80.651871 0.000000
5916 59.978825 3.340492 79.961769 0.000000
6308 96.494209 21.833214 14.642156 0.000000
6310 97.294319 17.962643 14.662157 0.000000
6311 97.934418 14.052068 14.672159 0.000000
6314 97.844398 -2.040300 20.643040 0.000000
6315 97.684380 -6.070893 20.603033 0.000000
6584 70.750420 9.971467 69.980301 0.000000
6586 73.250778 9.961467 67.369919 0.000000
6587 75.651138 9.941463 64.659523 0.000000
6588 77.951477 9.891456 61.869106 0.000000
6589 80.061783 9.891456 59.118698 0.000000
6628 88.493027 22.533318 40.796005 0.000000
6629 89.543182 19.292841 40.155910 0.000000
6630 87.682907 20.503017 43.526409 0.000000
6631 86.762772 18.442715 46.196800 0.000000
6632 85.742615 16.372412 48.817184 0.000000
7346 95.524063 14.102077 26.063837 0.000000
7347 96.494209 12.071776 23.383442 0.000000
7348 95.994133 10.091486 26.183853 0.000000
7561 67.009865 13.311960 73.050751 0.000000
7562 63.009274 10.011474 77.021339 0.000000
7563 65.679665 10.001472 74.761002 0.000000
7564 68.270050 9.981469 72.410652 0.000000
7565 69.420219 6.660981 71.690552 0.000000
8449 97.364334 10.091486 20.523022 0.000000
8450 98.114441 8.101192 17.632597 0.000000
8452 98.434486 0.000000 17.712608 0.000000
9014 83.952362 16.402414 51.817631 0.000000
9015 84.942505 13.161939 51.137527 0.000000
9083 95.564072 25.243717 15.272248 0.000000
9084 95.534065 23.353437 18.172674 0.000000
9085 95.394051 21.433155 21.053099 0.000000
9086 95.134010 19.492868 23.913521 0.000000
9091 90.173279 28.884253 32.204742 0.000000
9092 91.753502 27.584059 28.694225 0.000000
9093 92.873672 24.223564 28.114140 0.000000
9094 93.873817 20.833067 27.504049 0.000000
9095 94.753944 17.422565 26.853952 0.000000
9096 94.263878 15.442274 29.654366 0.000000
9097 93.653786 13.441978 32.424774 0.000000
9098 92.933678 11.431683 35.155178 0.000000
9099 90.503319 16.012358 39.435806 0.000000
9100 91.353447 12.701871 38.675694 0.000000
