#!ascii label, from subject  
194
1 27.644068 -85.082527 44.726585 0.000000
71 14.372116 -96.204163 23.253424 0.000000
102 0.700103 -86.282700 50.577446 0.000000
189 36.635391 -86.502731 34.315052 0.000000
190 30.034422 -92.443611 23.553467 0.000000
191 21.213121 -91.513474 34.315052 0.000000
292 -12.921903 -84.402420 52.077667 0.000000
416 22.873365 -96.654228 11.741728 0.000000
417 7.251067 -99.054581 11.731727 0.000000
474 14.312106 -86.502731 48.117085 0.000000
560 7.631124 -92.443611 37.395504 0.000000
561 0.280041 -96.654228 25.713783 0.000000
669 32.214745 -85.992653 39.615833 0.000000
670 29.014271 -89.303146 34.425064 0.000000
671 24.483604 -88.513031 39.615833 0.000000
672 33.534935 -81.932060 46.536850 0.000000
673 38.075603 -82.722176 41.356091 0.000000
932 22.273279 -94.633934 23.473455 0.000000
933 26.523903 -94.793953 17.692604 0.000000
934 18.672749 -96.674232 17.542583 0.000000
935 15.112225 -98.164452 11.781734 0.000000
936 10.841596 -97.864403 17.532581 0.000000
1237 7.521107 -86.602745 49.467281 0.000000
1238 11.001619 -89.693207 42.856308 0.000000
1239 4.180615 -89.653198 44.136497 0.000000
1243 -3.370496 -97.954414 19.902929 0.000000
1495 33.414917 -89.693207 29.004269 0.000000
1496 25.683781 -92.203568 29.004269 0.000000
1497 17.832624 -94.083847 28.854248 0.000000
1678 -6.120901 -85.542587 51.447575 0.000000
1679 -2.970437 -89.183136 45.166649 0.000000
1930 34.265041 -92.283585 17.692604 0.000000
2069 26.623920 -81.932060 50.807484 0.000000
2070 21.023094 -85.992653 46.536850 0.000000
2071 19.952936 -82.722176 52.547733 0.000000
2072 13.141934 -83.092232 54.087959 0.000000
2073 6.330932 -83.052223 55.368153 0.000000
2076 -0.810119 -82.532150 56.488319 0.000000
2077 -7.641125 -81.632019 57.278435 0.000000
2078 -14.492133 -80.311821 57.818512 0.000000
2318 17.822622 -89.303146 41.356091 0.000000
2319 14.452127 -92.203568 35.945290 0.000000
2320 11.041625 -94.633934 30.424479 0.000000
2321 0.510075 -92.283585 38.555679 0.000000
2322 3.970585 -94.793953 31.634657 0.000000
2323 7.341080 -96.674232 24.543612 0.000000
2324 3.780556 -98.164452 18.782766 0.000000
2325 0.130019 -99.174591 12.901898 0.000000
2589 29.944408 -85.592590 42.196209 0.000000
2590 28.374176 -87.322853 39.645836 0.000000
2591 26.083839 -86.842789 42.196209 0.000000
2592 30.604504 -83.552299 45.656719 0.000000
2593 32.904846 -84.032372 43.106342 0.000000
2852 18.332699 -95.494057 23.383442 0.000000
2853 20.483015 -95.714096 20.523022 0.000000
2854 16.532433 -96.504211 20.413004 0.000000
2855 14.762173 -97.354324 17.552586 0.000000
2856 12.611857 -97.094292 20.403004 0.000000
3157 4.120606 -86.492729 50.047367 0.000000
3158 5.860863 -88.182976 46.826893 0.000000
3159 2.440359 -88.042961 47.396976 0.000000
3451 35.045158 -88.152977 31.684664 0.000000
3452 25.133701 -90.483322 34.405067 0.000000
3453 27.364029 -90.813370 31.734671 0.000000
3454 23.463453 -91.913528 31.684664 0.000000
3455 21.773205 -93.223724 28.954264 0.000000
3456 19.532875 -92.853668 31.604654 0.000000
3460 37.385506 -84.682465 37.865574 0.000000
3757 -9.521402 -85.022507 51.797626 0.000000
3758 -7.971174 -86.972801 48.727169 0.000000
3759 -11.371674 -86.412720 49.047218 0.000000
4237 33.844982 -91.123413 23.533464 0.000000
4239 32.174740 -92.423599 20.643040 0.000000
4240 24.713636 -95.784103 14.732169 0.000000
4241 28.624212 -94.683937 14.752171 0.000000
4242 26.803947 -95.634079 11.771733 0.000000
4247 11.191648 -98.684525 11.761731 0.000000
4251 5.450802 -99.474640 8.811297 0.000000
4548 23.303429 -82.382126 51.707611 0.000000
4551 15.952349 -81.131943 56.268284 0.000000
4552 12.531845 -81.231956 56.978390 0.000000
4553 9.741434 -83.122238 54.758060 0.000000
4554 9.131344 -81.231956 57.628487 0.000000
4561 2.000294 -80.841904 58.848663 0.000000
4562 -1.560230 -80.491844 59.338734 0.000000
4563 -4.220621 -82.132095 56.918381 0.000000
4564 -4.980733 -80.061783 59.738792 0.000000
4566 -11.841743 -78.851601 60.378887 0.000000
4567 -15.242244 -78.111496 60.578918 0.000000
4568 -17.852629 -79.501701 57.988537 0.000000
4569 -18.602739 -77.261375 60.718937 0.000000
5152 17.682604 -86.302704 47.346970 0.000000
5153 19.432861 -87.702911 43.966473 0.000000
5154 16.082367 -87.982956 44.766590 0.000000
5155 9.321372 -91.123413 40.155910 0.000000
5156 12.741876 -91.023392 39.435806 0.000000
5157 11.051627 -92.383591 36.695400 0.000000
5158 12.751877 -93.473755 33.204884 0.000000
5159 9.341375 -93.613777 33.934994 0.000000
5161 -1.230181 -90.813370 41.896168 0.000000
5163 -1.460215 -95.634079 29.234303 0.000000
5164 0.390057 -94.683937 32.204742 0.000000
5165 2.120312 -95.784103 28.694225 0.000000
5166 5.660833 -95.814110 28.114140 0.000000
5167 3.810561 -96.724236 25.143700 0.000000
5168 5.560819 -97.474350 21.673191 0.000000
5169 2.030299 -97.484352 22.263277 0.000000
5171 -1.620239 -98.644516 16.412416 0.000000
5173 -1.690249 -99.504646 9.961467 0.000000
5813 34.445068 -86.302704 36.985443 0.000000
5814 32.854836 -87.982956 34.405067 0.000000
5815 30.634510 -87.702911 37.045456 0.000000
5816 26.763941 -88.963097 37.045456 0.000000
5817 22.863365 -90.063263 36.985443 0.000000
5820 35.825272 -82.382126 43.966473 0.000000
5821 35.165176 -84.412430 40.505962 0.000000
5998 -16.292398 -83.682327 52.297695 0.000000
6286 26.173853 -93.613777 23.533464 0.000000
6287 28.294167 -93.683792 20.643040 0.000000
6288 24.413593 -94.773956 20.603033 0.000000
6289 22.613329 -95.814110 17.632597 0.000000
6290 20.783060 -96.724236 14.652158 0.000000
6291 19.002798 -97.484352 11.771733 0.000000
6292 16.902487 -97.474350 14.672159 0.000000
6293 12.981912 -98.074432 14.662157 0.000000
6294 9.051332 -98.524498 14.642156 0.000000
6835 10.921608 -86.602745 48.817184 0.000000
6836 12.661863 -88.152977 45.516697 0.000000
6837 9.271364 -88.222984 46.196800 0.000000
6838 7.591117 -89.723206 43.526409 0.000000
6839 5.910870 -91.123413 40.796005 0.000000
6844 -3.260480 -96.454201 26.243862 0.000000
6845 -1.550228 -97.364334 22.823359 0.000000
6846 -5.080748 -97.124298 23.343437 0.000000
7329 31.744675 -91.123413 26.293869 0.000000
7330 31.234598 -89.553185 31.734671 0.000000
7331 29.574354 -91.023392 29.034275 0.000000
7332 27.874102 -92.383591 26.293869 0.000000
7333 23.993532 -93.473755 26.253862 0.000000
7334 20.062952 -94.413902 26.183853 0.000000
7335 16.112371 -95.204018 26.063837 0.000000
7756 -2.710399 -85.962654 51.047516 0.000000
7757 -1.130166 -87.792923 47.907055 0.000000
7758 -4.550670 -87.432869 48.347118 0.000000
7759 -6.390941 -88.793068 45.576710 0.000000
8395 30.414476 -93.613777 17.712608 0.000000
8777 27.143997 -83.552299 47.797035 0.000000
8778 24.353584 -85.592590 45.656719 0.000000
8779 23.843510 -84.032372 48.707169 0.000000
8780 20.503017 -84.412430 49.567295 0.000000
8781 17.152525 -84.682465 50.377419 0.000000
8782 19.362850 -80.921906 55.488163 0.000000
8783 16.562437 -82.962219 53.347855 0.000000
8784 13.732021 -84.852486 51.137527 0.000000
8785 10.341522 -84.912491 51.817631 0.000000
8786 6.931021 -84.872498 52.447720 0.000000
8787 3.520518 -84.732475 53.017803 0.000000
8794 5.570820 -81.091942 58.278580 0.000000
8795 2.760406 -82.842194 55.968239 0.000000
8796 -0.050007 -84.462433 53.567886 0.000000
8797 -3.470511 -84.102386 54.017948 0.000000
8798 -6.881013 -83.642319 54.398006 0.000000
8799 -10.281513 -83.082230 54.718052 0.000000
8800 -8.411238 -79.501701 60.098846 0.000000
8801 -11.071630 -81.021927 57.578476 0.000000
8802 -13.712018 -82.412132 54.988094 0.000000
8803 -17.082514 -81.652016 55.178120 0.000000
8830 -22.563322 -76.111198 60.828953 0.000000
8940 30.104431 -82.002068 48.707169 0.000000
9512 22.773354 -87.322853 43.106342 0.000000
9513 21.163115 -88.963097 40.505962 0.000000
9514 19.532875 -90.483322 37.865574 0.000000
9515 14.422123 -89.553185 42.136204 0.000000
9516 16.152380 -90.813370 38.675694 0.000000
9517 17.842627 -91.913528 35.155178 0.000000
9518 16.162378 -93.223724 32.424774 0.000000
9519 14.442126 -94.413902 29.654366 0.000000
9520 12.711872 -95.494057 26.853952 0.000000
9521 0.610090 -89.483170 44.676579 0.000000
9522 2.350346 -91.023392 41.376095 0.000000
9523 4.070600 -92.423599 38.005596 0.000000
9524 -1.340197 -93.433754 35.665249 0.000000
9525 2.240330 -93.613777 35.125172 0.000000
9526 5.800854 -93.683792 34.545086 0.000000
9527 7.511106 -94.773956 31.054571 0.000000
9528 9.191353 -95.714096 27.504049 0.000000
9529 10.861599 -96.504211 23.913521 0.000000
9530 9.091337 -97.354324 21.053099 0.000000
9531 7.311076 -98.074432 18.172674 0.000000
9532 5.520813 -98.684525 15.272248 0.000000
9533 0.200029 -98.124443 19.352850 0.000000
9534 1.950287 -98.734535 15.852334 0.000000
9535 3.690543 -99.184601 12.321814 0.000000
9536 1.880277 -99.554657 9.401383 0.000000
