#!ascii label, from subject  
75
76 95.944122 -16.062366 23.253424 0.000000
308 85.102524 -34.625095 39.515816 0.000000
579 90.283295 -21.303135 37.395504 0.000000
788 77.581421 -42.716286 46.466839 0.000000
789 73.880867 -48.577148 46.736877 0.000000
1284 86.562737 -23.723494 44.136497 0.000000
1285 85.872643 -38.675694 33.664955 0.000000
1286 88.853081 -32.214745 32.724819 0.000000
1506 94.993988 -12.111782 28.854248 0.000000
1706 83.902351 -30.384472 45.166649 0.000000
1707 80.941917 -36.605389 45.936764 0.000000
1708 81.992073 -40.836014 40.165913 0.000000
1936 64.599510 -55.478168 52.457722 0.000000
1937 69.030159 -55.258133 46.736877 0.000000
2374 92.163567 -14.742170 35.945290 0.000000
2375 93.413750 -18.742758 30.424479 0.000000
2376 87.922943 -28.034126 38.555679 0.000000
2377 91.383446 -25.523758 31.634657 0.000000
2708 73.350792 -46.466839 49.627304 0.000000
2709 71.410515 -49.327259 49.697315 0.000000
2867 96.494209 -12.071776 23.383442 0.000000
3803 80.261818 -34.455074 48.727169 0.000000
3804 78.671577 -37.515522 49.047218 0.000000
3805 78.081497 -44.816597 43.566414 0.000000
3806 79.851753 -41.806156 43.346382 0.000000
3807 80.281815 -43.866459 40.415951 0.000000
3808 82.342125 -42.856308 37.225479 0.000000
4252 62.369183 -58.118557 52.297695 0.000000
4253 64.649513 -58.078548 49.497284 0.000000
5290 89.543182 -19.292841 40.155910 0.000000
5291 90.503319 -16.012358 39.435806 0.000000
5292 91.273430 -18.032654 36.695400 0.000000
5293 92.843666 -16.752466 33.204884 0.000000
5294 91.923531 -20.042950 33.934994 0.000000
5295 84.562454 -32.524788 42.366238 0.000000
5296 85.982658 -29.234303 41.896168 0.000000
5297 86.572739 -31.344614 39.065750 0.000000
5298 90.503319 -30.934553 29.234303 0.000000
5299 90.173279 -28.884253 32.204742 0.000000
5300 91.753502 -27.584059 28.694225 0.000000
5301 92.873672 -24.223564 28.114140 0.000000
6026 76.981331 -40.565971 49.307259 0.000000
6027 75.211067 -43.536407 49.497284 0.000000
6028 75.781158 -45.676723 46.626862 0.000000
6029 76.241226 -47.747028 43.706436 0.000000
6919 87.682907 -20.503017 43.526409 0.000000
6920 88.493027 -22.533318 40.796005 0.000000
6921 85.542587 -36.675396 36.615391 0.000000
6922 87.052818 -33.444923 36.145321 0.000000
6923 87.412872 -35.475224 33.214890 0.000000
6924 89.143127 -34.215034 29.754381 0.000000
7356 95.524063 -14.102077 26.063837 0.000000
7820 83.142242 -28.204153 47.907055 0.000000
7821 81.752029 -31.344614 48.347118 0.000000
7822 82.472137 -33.514931 45.576710 0.000000
7823 83.092232 -35.645245 42.766293 0.000000
7824 79.311668 -39.685841 46.226803 0.000000
7825 81.522003 -38.745705 43.076340 0.000000
7826 83.602310 -37.745560 39.865868 0.000000
7827 83.992371 -39.785854 36.945438 0.000000
8411 68.980156 -52.667751 49.697315 0.000000
8412 66.859840 -55.408157 49.627304 0.000000
8413 66.859840 -57.948528 46.626862 0.000000
9681 93.653786 -13.441978 32.424774 0.000000
9682 94.263878 -15.442274 29.654366 0.000000
9683 94.753944 -17.422565 26.853952 0.000000
9684 85.282547 -27.073986 44.676579 0.000000
9685 87.292847 -25.893810 41.376095 0.000000
9686 89.163124 -24.683634 38.005596 0.000000
9687 88.443016 -30.144438 35.665249 0.000000
9688 89.723206 -26.803947 35.125172 0.000000
9689 90.893379 -23.433451 34.545086 0.000000
9690 92.453606 -22.143259 31.054571 0.000000
9691 93.873817 -20.833067 27.504049 0.000000
9702 71.520531 -51.957649 46.776886 0.000000
