#!ascii label, from subject  
68
184 -70.950447 -61.569061 34.315052 0.000000
186 -80.481850 -48.447128 34.315052 0.000000
188 -60.518906 -70.300346 37.395504 0.000000
411 -48.497135 -78.031494 39.515816 0.000000
664 -71.830574 -57.218422 39.615833 0.000000
665 -75.971184 -55.198128 34.425064 0.000000
925 -64.549500 -70.070320 30.424479 0.000000
926 -58.928677 -74.360947 31.634657 0.000000
1245 -40.465958 -84.812477 34.235039 0.000000
1247 -37.325493 -88.493027 27.924109 0.000000
1484 -69.730263 -65.639656 28.854248 0.000000
1486 -74.981041 -59.498760 29.004269 0.000000
1487 -79.751740 -52.917789 29.004269 0.000000
1488 -83.972359 -46.036774 28.854248 0.000000
1492 -65.889694 -66.099724 35.945290 0.000000
1919 -46.736877 -81.762039 33.664955 0.000000
1920 -54.648045 -74.360947 38.555679 0.000000
1921 -52.947792 -78.291527 32.724819 0.000000
2585 -74.280930 -53.967949 39.645836 0.000000
3165 -42.626274 -85.012512 30.964558 0.000000
3166 -38.925732 -86.722763 31.104578 0.000000
3434 -70.380363 -63.639370 31.604654 0.000000
3435 -72.410652 -62.619217 28.954264 0.000000
3436 -73.010750 -60.568916 31.684664 0.000000
3437 -78.291527 -51.867634 34.405067 0.000000
3438 -77.911469 -54.087959 31.734671 0.000000
3439 -80.171799 -50.717464 31.684664 0.000000
3440 -81.932060 -49.517288 28.954264 0.000000
3441 -82.282120 -47.266960 31.604654 0.000000
3445 -68.990158 -61.729088 37.865574 0.000000
3446 -66.439781 -63.979420 38.675694 0.000000
3447 -68.460075 -63.879406 35.155178 0.000000
3448 -67.869987 -65.919701 32.424774 0.000000
4213 -44.566563 -81.562012 36.945438 0.000000
4214 -47.647015 -79.951767 36.615391 0.000000
4215 -58.348591 -70.240341 40.796005 0.000000
4216 -55.398155 -72.260635 41.376095 0.000000
4217 -57.618481 -72.380653 38.005596 0.000000
4219 -55.968239 -76.371246 32.204742 0.000000
5804 -71.430511 -59.428749 36.985443 0.000000
5805 -73.520821 -58.428604 34.405067 0.000000
5806 -73.940887 -56.238281 37.045456 0.000000
5807 -76.331238 -52.947792 37.045456 0.000000
5808 -78.591568 -49.577297 36.985443 0.000000
5812 -69.410217 -59.528763 40.505962 0.000000
6273 -62.589214 -70.240341 33.934994 0.000000
6274 -59.758801 -72.380653 34.545086 0.000000
6275 -61.779091 -72.260635 31.054571 0.000000
6852 -35.145172 -88.282997 31.194590 0.000000
6853 -33.524937 -89.973251 27.994122 0.000000
7309 -75.521118 -57.378448 31.734671 0.000000
7310 -77.431404 -56.258282 29.034275 0.000000
7319 -61.098995 -68.240044 40.155910 0.000000
7321 -63.809395 -66.149734 39.435806 0.000000
7322 -63.239311 -68.240044 36.695400 0.000000
7323 -65.259605 -68.130035 33.204884 0.000000
7324 -67.179886 -67.899994 29.654366 0.000000
8362 -43.626419 -83.342270 33.975002 0.000000
8363 -45.756737 -83.472290 30.674513 0.000000
8365 -52.377708 -74.190918 41.896168 0.000000
8366 -51.607594 -76.241226 39.065750 0.000000
8367 -56.838367 -74.420952 35.125172 0.000000
8368 -53.827927 -76.371246 35.665249 0.000000
8369 -50.767475 -78.221512 36.145321 0.000000
8370 -49.867340 -80.081787 33.214890 0.000000
8371 -48.917202 -81.832047 30.234451 0.000000
9354 -81.902054 -45.376678 35.155178 0.000000
9550 -31.914698 -91.543472 24.573616 0.000000
