#!ascii label, from subject  
52
23 95.124001 30.904547 0.000000 0.000000
115 86.192688 42.536259 27.644068 0.000000
253 85.102524 34.625095 39.515816 0.000000
509 91.783508 37.175472 13.992060 0.000000
1115 85.722618 47.096931 20.893076 0.000000
1116 88.513031 44.406540 14.042068 0.000000
1117 89.263138 39.985886 20.883076 0.000000
1119 89.333153 36.165325 26.743937 0.000000
1120 83.902351 30.384472 45.166649 0.000000
1607 85.872643 38.675694 33.664955 0.000000
1946 96.014130 27.374029 5.880866 0.000000
2170 90.753357 41.436100 7.021034 0.000000
2171 93.743805 34.145027 7.021034 0.000000
3033 84.272408 46.136787 27.804092 0.000000
3034 84.032372 48.417126 24.433596 0.000000
3035 86.032661 44.856606 24.293575 0.000000
3036 87.562889 43.576416 20.903078 0.000000
3037 87.792923 41.296082 24.283573 0.000000
3038 89.353157 38.095608 23.833508 0.000000
3039 87.812927 39.375793 27.214006 0.000000
3040 83.142242 28.204153 47.907055 0.000000
4788 90.223282 40.826008 14.032066 0.000000
4789 89.703209 42.956326 10.541552 0.000000
4790 91.353447 39.335789 10.511547 0.000000
4791 92.323586 37.815567 7.021034 0.000000
4792 92.833664 35.695255 10.511547 0.000000
4800 85.542587 36.675396 36.615391 0.000000
6617 87.182831 45.786739 17.482573 0.000000
6618 88.963097 42.226215 17.482573 0.000000
6619 90.593338 38.615685 17.452570 0.000000
6620 92.013542 35.345203 16.952494 0.000000
6621 90.753357 36.755409 20.403004 0.000000
6622 90.793365 34.845131 23.343437 0.000000
6624 84.562454 32.524788 42.366238 0.000000
7588 84.452431 43.716434 30.964558 0.000000
7589 86.082672 40.635983 30.674513 0.000000
7590 84.282410 41.786152 33.975002 0.000000
7591 83.992371 39.785854 36.945438 0.000000
7592 83.602310 37.745560 39.865868 0.000000
7595 83.092232 35.645245 42.766293 0.000000
7596 82.472137 33.514931 45.576710 0.000000
7597 81.752029 31.344614 48.347118 0.000000
7598 80.921906 29.144289 51.047516 0.000000
8438 95.624077 29.154291 2.940433 0.000000
9003 80.311821 26.143850 53.567886 0.000000
9050 93.833809 34.615097 0.000000 0.000000
9072 87.912941 46.506847 10.541552 0.000000
9073 89.033112 45.016628 7.031035 0.000000
9076 93.153709 36.245335 3.510517 0.000000
9077 94.503906 32.554794 3.510517 0.000000
9078 94.943977 30.784531 6.450949 0.000000
9087 87.672913 37.455513 30.234451 0.000000
