#!ascii label, from subject  
167
10 -89.453171 0.000000 -44.726585 0.000000
29 -95.124001 -30.904547 0.000000 0.000000
129 -95.944122 -16.062366 -23.253424 0.000000
133 -86.192688 -42.536259 -27.644068 0.000000
289 -91.783508 -37.175472 -13.992060 0.000000
290 -92.003540 -29.604359 -25.713783 0.000000
291 -96.454201 -23.713491 -11.731727 0.000000
532 -86.692764 13.121931 -48.117085 0.000000
549 -93.593781 -8.111195 -34.315052 0.000000
556 -77.671440 -56.438309 -28.014122 0.000000
557 -78.481552 -46.846897 -40.615978 0.000000
769 -93.743805 -34.145027 -7.021034 0.000000
770 -94.363892 -30.524494 -12.901898 0.000000
771 -96.014130 -27.374029 -5.880866 0.000000
1225 -85.722618 -47.096931 -20.893076 0.000000
1226 -81.451996 -54.077965 -21.083103 0.000000
1227 -82.212105 -49.647308 -27.924109 0.000000
1228 -78.321526 -51.807625 -34.425064 0.000000
1229 -82.592163 -44.836601 -34.235039 0.000000
1231 -85.872643 -38.675694 -33.664955 0.000000
1232 -94.213867 -22.893370 -24.543612 0.000000
1233 -91.383446 -25.523758 -31.634657 0.000000
1234 -93.413750 -18.742758 -30.424479 0.000000
1236 -94.993988 -12.111782 -28.854248 0.000000
1672 -88.513031 -44.406540 -14.042068 0.000000
1673 -89.263138 -39.985886 -20.883076 0.000000
1674 -89.333153 -36.165325 -26.743937 0.000000
1675 -92.123558 -33.474926 -19.902929 0.000000
1676 -94.523918 -26.743937 -18.782766 0.000000
1677 -96.424194 -19.932934 -17.532581 0.000000
1747 -78.241516 26.273867 -56.488319 0.000000
1749 -70.650398 32.594799 -62.839252 0.000000
2235 -91.743500 4.060598 -39.615833 0.000000
2236 -88.282997 6.580969 -46.536850 0.000000
2271 -95.914124 -27.474043 7.021034 0.000000
2280 -97.254311 -23.343437 0.000000 0.000000
2288 -93.903824 0.000000 -34.425064 0.000000
2289 -91.743500 -4.060598 -39.615833 0.000000
2313 -88.853081 -32.214745 -32.724819 0.000000
2688 -93.153709 -36.245335 -3.510517 0.000000
2689 -94.503906 -32.554794 -3.510517 0.000000
2690 -94.943977 -30.784531 -6.450949 0.000000
2691 -95.624077 -29.154291 -2.940433 0.000000
3145 -86.032661 -44.856606 -24.293575 0.000000
3146 -84.032372 -48.417126 -24.433596 0.000000
3147 -84.272408 -46.136787 -27.804092 0.000000
3148 -82.462143 -47.276958 -31.104578 0.000000
3149 -84.452431 -43.716434 -30.964558 0.000000
3150 -84.282410 -41.786152 -33.975002 0.000000
3151 -86.082672 -40.635983 -30.674513 0.000000
3152 -95.134010 -19.492868 -23.913521 0.000000
3153 -93.873817 -20.833067 -27.504049 0.000000
3154 -94.753944 -17.422565 -26.853952 0.000000
3155 -94.263878 -15.442274 -29.654366 0.000000
3156 -95.524063 -14.102077 -26.063837 0.000000
3271 -82.862198 19.632889 -52.447720 0.000000
3272 -81.672028 22.833361 -53.017803 0.000000
3745 -91.353447 -39.335789 -10.511547 0.000000
3746 -89.703209 -42.956326 -10.541552 0.000000
3747 -90.223282 -40.826008 -14.032066 0.000000
3748 -88.963097 -42.226215 -17.482573 0.000000
3749 -90.593338 -38.615685 -17.452570 0.000000
3750 -90.753357 -36.755409 -20.403004 0.000000
3751 -92.013542 -35.345203 -16.952494 0.000000
3752 -95.474052 -27.133993 -12.321814 0.000000
3753 -94.503906 -28.654219 -15.852334 0.000000
3754 -95.564072 -25.243717 -15.272248 0.000000
3755 -95.534065 -23.353437 -18.172674 0.000000
3756 -96.494209 -21.833214 -14.642156 0.000000
3875 -68.950150 35.635246 -63.079285 0.000000
4950 -91.143417 7.361084 -40.505962 0.000000
5037 -95.264023 -27.334024 13.451980 0.000000
5038 -95.154007 -29.144289 9.961467 0.000000
5039 -96.084145 -25.693783 10.511547 0.000000
5061 -97.594360 -21.603180 3.510517 0.000000
5083 -92.873672 2.030299 -37.045456 0.000000
5118 -79.631714 -55.298141 -24.573616 0.000000
5119 -79.091637 -57.468460 -21.103107 0.000000
5120 -77.201370 -58.648628 -24.573616 0.000000
5121 -74.670990 -61.849102 -24.523609 0.000000
5122 -75.211067 -59.688789 -27.994122 0.000000
5124 -75.631134 -57.498463 -31.244600 0.000000
5125 -78.461548 -49.367268 -37.545528 0.000000
5126 -76.171219 -52.787773 -37.615540 0.000000
5127 -76.251221 -50.307407 -40.715992 0.000000
5128 -73.940887 -51.167534 -43.776443 0.000000
5129 -76.241226 -47.747028 -43.706436 0.000000
5131 -78.081497 -44.816597 -43.566414 0.000000
5137 -90.723351 -32.904846 -26.243862 0.000000
5138 -89.143127 -34.215034 -29.754381 0.000000
5139 -90.503319 -30.934553 -29.234303 0.000000
5147 -92.933678 -11.431683 -35.155178 0.000000
5149 -92.093552 -9.391383 -37.865574 0.000000
5151 -92.723648 -6.090896 -36.985443 0.000000
5490 -87.542885 9.851450 -47.346970 0.000000
5498 -76.071198 26.353880 -59.338734 0.000000
5992 -92.323586 -37.815567 -7.021034 0.000000
5993 -92.833664 -35.695255 -10.511547 0.000000
5994 -93.133713 -33.874985 -13.451980 0.000000
5995 -94.113853 -32.354767 -9.961467 0.000000
5996 -95.264023 -28.974264 -9.401383 0.000000
5997 -96.294174 -25.553761 -8.811297 0.000000
6813 -85.272545 -49.267250 -17.462572 0.000000
6814 -83.132240 -52.757763 -17.562586 0.000000
6815 -83.652313 -50.627457 -21.003092 0.000000
6816 -81.902054 -51.907639 -24.523609 0.000000
6817 -80.011780 -53.087814 -27.994122 0.000000
6818 -78.061493 -54.157970 -31.244600 0.000000
6819 -80.331825 -50.767475 -31.194590 0.000000
6820 -80.521858 -48.357117 -34.355057 0.000000
6821 -80.591866 -45.876751 -37.455513 0.000000
6822 -80.281815 -43.866459 -40.415951 0.000000
6823 -82.342125 -42.856308 -37.225479 0.000000
6824 -83.992371 -39.785854 -36.945438 0.000000
6826 -93.173714 -26.263866 -25.143700 0.000000
6827 -91.753502 -27.584059 -28.694225 0.000000
6828 -92.873672 -24.223564 -28.114140 0.000000
6829 -92.453606 -22.143259 -31.054571 0.000000
6832 -92.843666 -16.752466 -33.204884 0.000000
6833 -93.653786 -13.441978 -32.424774 0.000000
6834 -94.353889 -10.121490 -31.604654 0.000000
7038 -85.742615 16.372412 -48.817184 0.000000
7742 -86.662758 -47.907055 -14.042068 0.000000
7743 -87.182831 -45.786739 -17.482573 0.000000
7744 -87.562889 -43.576416 -20.903078 0.000000
7745 -87.792923 -41.296082 -24.283573 0.000000
7746 -87.812927 -39.375793 -27.214006 0.000000
7747 -89.353157 -38.095608 -23.833508 0.000000
7748 -90.793365 -34.845131 -23.343437 0.000000
7749 -92.123558 -31.554644 -22.823359 0.000000
7750 -93.313736 -32.024715 -16.412416 0.000000
7751 -93.383751 -30.124435 -19.352850 0.000000
7752 -93.343742 -28.194149 -22.263277 0.000000
7753 -94.423904 -24.833656 -21.673191 0.000000
7754 -95.394051 -21.433155 -21.053099 0.000000
7755 -96.244171 -18.012651 -20.403004 0.000000
7918 -74.600975 29.474339 -59.738792 0.000000
7920 -73.010750 32.564796 -60.098846 0.000000
9267 -90.653343 2.030299 -42.196209 0.000000
9268 -88.923096 3.290485 -45.656719 0.000000
9269 -90.093262 5.320783 -43.106342 0.000000
9270 -89.413162 8.621269 -43.966473 0.000000
9271 -88.643051 11.891751 -44.766590 0.000000
9374 -94.903969 -30.904547 6.450949 0.000000
9375 -95.584068 -29.214302 3.510517 0.000000
9400 -96.924271 -23.663483 7.021034 0.000000
9401 -96.664230 -25.433744 3.510517 0.000000
9402 -96.264168 -27.143997 0.000000 0.000000
9403 -96.694237 -25.373734 -2.940433 0.000000
9404 -97.014282 -23.573469 -5.890867 0.000000
9420 -96.494209 -12.071776 -23.383442 0.000000
9421 -95.994133 -10.091486 -26.183853 0.000000
9422 -95.394051 -8.101192 -28.954264 0.000000
9423 -94.663933 -6.090896 -31.684664 0.000000
9425 -94.823959 -2.030299 -31.734671 0.000000
9426 -93.823807 -4.060598 -34.405067 0.000000
9427 -92.873672 -2.030299 -37.045456 0.000000
9428 -91.823517 0.000000 -39.645836 0.000000
9429 -90.653343 -2.030299 -42.196209 0.000000
9475 -72.010597 -64.959564 -24.433596 0.000000
9480 -75.961189 -55.188126 -34.455074 0.000000
9495 -87.672913 -37.455513 -30.234451 0.000000
9496 -87.412872 -35.475224 -33.214890 0.000000
9498 -90.173279 -28.884253 -32.204742 0.000000
9928 -79.641724 22.973381 -55.968239 0.000000
9950 -61.949120 42.456245 -66.049721 0.000000
9951 -64.269463 39.055748 -65.939705 0.000000
