#!ascii label, from subject  
407
6 -27.644068 -85.082527 -44.726585 0.000000
32 0.000000 -100.014725 0.000000 0.000000
87 5.280777 -68.830132 -72.370651 0.000000
88 -22.813358 -70.210342 -67.469933 0.000000
136 -14.372116 -96.204163 -23.253424 0.000000
158 13.822034 -42.536259 -89.453171 0.000000
206 -14.312106 -86.502731 -48.117085 0.000000
207 -11.911754 -79.271660 -59.798801 0.000000
208 -25.473751 -78.391533 -56.638336 0.000000
305 -0.280041 -96.654228 -25.713783 0.000000
306 -7.251067 -99.054581 -11.731727 0.000000
349 -5.550817 -60.158852 -79.701729 0.000000
350 9.681425 -56.438309 -82.002068 0.000000
351 -1.230181 -46.846897 -88.353012 0.000000
352 2.720401 -34.625095 -93.793808 0.000000
353 -12.461835 -38.365646 -91.513474 0.000000
445 -8.861305 -70.240341 -70.640404 0.000000
446 -19.722902 -60.688934 -77.011337 0.000000
550 -36.635391 -86.502731 -34.315052 0.000000
551 -39.265778 -78.391533 -48.117085 0.000000
568 -21.213121 -91.513474 -34.315052 0.000000
577 6.630976 -91.633484 -39.515816 0.000000
578 -7.631124 -92.443611 -37.395504 0.000000
628 21.013094 -64.669525 -73.340790 0.000000
686 -21.023094 -85.992653 -46.536850 0.000000
687 -19.952936 -82.722176 -52.547733 0.000000
688 -26.623920 -81.932060 -50.807484 0.000000
782 7.851156 -99.704681 0.000000 0.000000
784 3.510517 -99.704681 -7.021034 0.000000
785 -0.130019 -99.174591 -12.901898 0.000000
786 -3.630534 -99.774689 -5.880866 0.000000
829 -10.931609 -55.258133 -82.642174 0.000000
830 -3.400501 -53.687908 -84.312416 0.000000
831 -8.761290 -48.577148 -86.982803 0.000000
832 -6.861010 -42.716286 -90.173279 0.000000
833 -14.392118 -44.296520 -88.513031 0.000000
979 -17.422565 -74.991043 -63.839397 0.000000
980 -10.411532 -74.951035 -65.389633 0.000000
981 -15.872337 -70.410370 -69.230194 0.000000
982 -14.332109 -65.669670 -74.060898 0.000000
983 -21.313137 -65.609657 -72.410652 0.000000
1258 -33.414917 -89.693207 -29.004269 0.000000
1276 10.251509 -93.613777 -33.664955 0.000000
1277 -7.341080 -96.674232 -24.543612 0.000000
1278 -3.970585 -94.793953 -31.634657 0.000000
1279 -11.041625 -94.633934 -30.424479 0.000000
1280 -14.452127 -92.203568 -35.945290 0.000000
1281 -17.832624 -94.083847 -28.854248 0.000000
1373 -44.816597 -74.480965 -49.467281 0.000000
1374 -38.205624 -74.951035 -54.087959 0.000000
1404 10.661570 -72.540680 -68.020012 0.000000
1406 13.191941 -66.969856 -73.100754 0.000000
1407 11.791736 -49.647308 -86.012665 0.000000
1408 17.572586 -54.067959 -82.282120 0.000000
1413 16.032360 -36.165325 -91.863518 0.000000
1414 -2.870422 -30.384472 -95.244026 0.000000
1524 -13.141934 -83.092232 -54.087959 0.000000
1525 -18.742758 -79.031631 -58.358593 0.000000
1526 -24.203564 -74.480965 -62.209156 0.000000
1700 10.441538 -97.254311 -20.883076 0.000000
1701 6.790999 -96.134155 -26.743937 0.000000
1702 3.370496 -97.954414 -19.902929 0.000000
1703 -3.780556 -98.164452 -18.782766 0.000000
1704 -10.841596 -97.864403 -17.532581 0.000000
1779 -0.140021 -64.689522 -76.271233 0.000000
1780 7.501105 -62.839252 -77.441399 0.000000
1781 2.070305 -58.478607 -81.111938 0.000000
1782 4.240624 -51.807625 -85.442581 0.000000
1783 6.320930 -44.836601 -89.183136 0.000000
1784 8.291221 -38.675694 -91.863518 0.000000
1785 0.750110 -40.836014 -91.293434 0.000000
1786 -4.890720 -36.605389 -92.943680 0.000000
1994 3.800559 -73.780861 -67.409927 0.000000
1995 -4.810708 -79.021629 -61.118996 0.000000
1996 -3.280483 -74.540970 -66.599800 0.000000
1997 -1.790264 -69.710266 -71.690552 0.000000
1998 -7.221063 -65.359619 -75.361092 0.000000
1999 -12.671865 -60.578918 -78.561562 0.000000
2000 -18.022654 -55.478168 -81.241959 0.000000
2290 -32.214745 -85.992653 -39.615833 0.000000
2291 -33.534935 -81.932060 -46.536850 0.000000
2292 -38.075603 -82.722176 -41.356091 0.000000
2293 -43.826450 -79.031631 -42.856308 0.000000
2294 -49.317257 -74.991043 -44.136497 0.000000
2335 -7.851156 -99.704681 0.000000 0.000000
2336 -11.481689 -99.174591 -5.880866 0.000000
2337 -15.112225 -98.164452 -11.781734 0.000000
2338 -18.672749 -96.674232 -17.542583 0.000000
2341 -22.273279 -94.633934 -23.473455 0.000000
2342 -25.683781 -92.203568 -29.004269 0.000000
2343 -29.014271 -89.303146 -34.425064 0.000000
2344 -24.483604 -88.513031 -39.615833 0.000000
2368 3.190470 -94.453903 -32.724819 0.000000
2369 -0.510075 -92.283585 -38.555679 0.000000
2371 -11.001619 -89.693207 -42.856308 0.000000
2372 -17.822622 -89.303146 -41.356091 0.000000
2482 -32.474781 -78.651581 -52.547733 0.000000
2483 -31.294607 -74.951035 -58.358593 0.000000
2484 -29.984415 -70.910439 -63.839397 0.000000
2487 -28.544203 -66.289757 -69.230194 0.000000
2521 15.402267 -60.758945 -77.941475 0.000000
2522 23.253424 -58.208569 -77.941475 0.000000
2530 10.471541 -32.214745 -94.103859 0.000000
2606 -24.353584 -85.592590 -45.656719 0.000000
2607 -23.843510 -84.032372 -48.707169 0.000000
2608 -27.143997 -83.552299 -47.797035 0.000000
2702 3.930578 -99.934708 0.000000 0.000000
2703 5.680836 -99.794685 -3.510517 0.000000
2704 1.760259 -99.934708 -3.510517 0.000000
2705 -0.060009 -99.804695 -6.450949 0.000000
2706 -1.820268 -99.954720 -2.940433 0.000000
2749 -13.602003 -52.667751 -83.922356 0.000000
2750 -9.861451 -51.957649 -84.892494 0.000000
2751 -12.511842 -49.327259 -86.092674 0.000000
2752 -11.581705 -46.466839 -87.802925 0.000000
2753 -15.332257 -47.176945 -86.842789 0.000000
2899 -20.132963 -72.660690 -65.709671 0.000000
2900 -16.662453 -72.750710 -66.579803 0.000000
2901 -19.362850 -70.360359 -68.400070 0.000000
2902 -18.612740 -68.060013 -70.880440 0.000000
2903 -22.083250 -67.950005 -69.980301 0.000000
3195 13.692015 -93.063698 -33.975002 0.000000
3196 12.041773 -94.433899 -30.674513 0.000000
3197 -10.861599 -96.504211 -23.913521 0.000000
3198 -9.191353 -95.714096 -27.504049 0.000000
3199 -12.711872 -95.494057 -26.853952 0.000000
3200 -14.442126 -94.413902 -29.654366 0.000000
3201 -16.112371 -95.204018 -26.063837 0.000000
3324 7.981175 -70.740417 -70.250343 0.000000
3325 11.931757 -69.810280 -70.620399 0.000000
3326 9.241360 -67.959999 -72.800720 0.000000
3327 12.811886 -46.136787 -87.812927 0.000000
3328 15.732315 -48.417126 -86.092674 0.000000
3329 16.752466 -44.856606 -87.812927 0.000000
3331 17.542583 -41.296082 -89.383163 0.000000
3333 14.932198 -39.375793 -90.713348 0.000000
3496 -10.921608 -86.602745 -48.817184 0.000000
3497 -10.341522 -84.912491 -51.817631 0.000000
3498 -13.732021 -84.852486 -51.137527 0.000000
3499 -22.733345 -80.621872 -54.638042 0.000000
3500 -19.362850 -80.921906 -55.488163 0.000000
3501 -22.123257 -78.761597 -57.538467 0.000000
3502 -21.483162 -76.821312 -60.328884 0.000000
3503 -24.853659 -76.481262 -59.458752 0.000000
3795 6.911017 -97.664368 -20.403004 0.000000
3796 5.190764 -98.434486 -16.952494 0.000000
3797 -3.690543 -99.184601 -12.321814 0.000000
3798 -1.950287 -98.734535 -15.852334 0.000000
3799 -5.520813 -98.684525 -15.272248 0.000000
3800 -7.311076 -98.074432 -18.172674 0.000000
3801 -9.051332 -98.524498 -14.642156 0.000000
3924 -2.850420 -62.479198 -78.051491 0.000000
3925 0.970143 -61.639072 -78.761597 0.000000
3926 -1.740256 -59.368736 -80.471848 0.000000
3927 -2.320342 -50.307407 -86.412720 0.000000
3928 0.420062 -52.787773 -84.952499 0.000000
3929 1.510222 -49.367268 -86.972801 0.000000
3930 5.280777 -48.357117 -87.382866 0.000000
3931 2.550375 -45.876751 -88.833076 0.000000
3932 3.530520 -42.856308 -90.293289 0.000000
3933 -0.240035 -43.866459 -89.883232 0.000000
3934 -9.671424 -40.565971 -90.903381 0.000000
3935 -5.880866 -39.685841 -91.613487 0.000000
3936 -8.681278 -37.515522 -92.303589 0.000000
3937 -7.691132 -34.455074 -93.573769 0.000000
3938 -11.481689 -35.335205 -92.853668 0.000000
4373 3.060451 -76.121208 -64.799538 0.000000
4374 -9.131344 -81.231956 -57.628487 0.000000
4375 -5.570820 -81.091942 -58.278580 0.000000
4376 -8.371232 -79.201653 -60.498909 0.000000
4377 -9.641419 -72.640694 -68.060013 0.000000
4378 -6.851008 -74.801010 -66.039719 0.000000
4379 -6.080895 -72.450661 -68.680107 0.000000
4380 -2.540374 -72.180626 -69.190186 0.000000
4381 -5.330785 -70.020309 -71.210487 0.000000
4382 -4.510664 -67.589951 -73.580833 0.000000
4383 -8.041183 -67.839989 -73.050751 0.000000
4384 -17.042507 -63.229309 -75.591125 0.000000
4385 -13.511990 -63.169304 -76.361237 0.000000
4386 -16.202385 -60.678932 -77.841461 0.000000
4387 -15.362262 -58.078548 -79.961769 0.000000
4388 -18.882780 -58.118557 -79.171654 0.000000
5084 -34.445068 -86.302704 -36.985443 0.000000
5085 -35.165176 -84.412430 -40.505962 0.000000
5086 -37.385506 -84.682465 -37.865574 0.000000
5090 -46.596859 -77.051346 -43.526409 0.000000
5198 -9.671424 -99.504646 -2.940433 0.000000
5199 -13.571999 -99.044579 -2.940433 0.000000
5201 -17.222534 -98.124443 -8.841302 0.000000
5202 -19.002798 -97.484352 -11.771733 0.000000
5203 -16.902487 -97.474350 -14.672159 0.000000
5204 -20.783060 -96.724236 -14.652158 0.000000
5211 -24.413593 -94.773956 -20.603033 0.000000
5212 -26.173853 -93.613777 -23.533464 0.000000
5213 -23.993532 -93.473755 -26.253862 0.000000
5214 -27.874102 -92.383591 -26.293869 0.000000
5215 -35.045158 -88.152977 -31.684664 0.000000
5216 -31.234598 -89.553185 -31.734671 0.000000
5217 -32.854836 -87.982956 -34.405067 0.000000
5218 -30.634510 -87.702911 -37.045456 0.000000
5272 3.260480 -96.454201 -26.243862 0.000000
5273 4.990735 -95.354042 -29.754381 0.000000
5274 1.460215 -95.634079 -29.234303 0.000000
5275 -5.800854 -93.683792 -34.545086 0.000000
5276 -2.240330 -93.613777 -35.125172 0.000000
5277 -4.070600 -92.423599 -38.005596 0.000000
5279 -5.910870 -91.123413 -40.796005 0.000000
5280 -7.591117 -89.723206 -43.526409 0.000000
5281 -9.321372 -91.123413 -40.155910 0.000000
5282 -17.842627 -91.913528 -35.155178 0.000000
5283 -16.152380 -90.813370 -38.675694 0.000000
5284 -19.532875 -90.483322 -37.865574 0.000000
5285 -21.163115 -88.963097 -40.505962 0.000000
5286 -22.863365 -90.063263 -36.985443 0.000000
5558 -36.425362 -80.211807 -47.346970 0.000000
5559 -33.024860 -80.341827 -49.567295 0.000000
5560 -35.905289 -78.591568 -50.377419 0.000000
5561 -37.605534 -73.090752 -56.978390 0.000000
5562 -34.775120 -75.011040 -56.268284 0.000000
5563 -34.145027 -73.090752 -59.118698 0.000000
5564 -30.654512 -72.970741 -61.138996 0.000000
5574 -27.794092 -63.959415 -71.690552 0.000000
5652 19.802914 -67.619957 -70.990456 0.000000
5656 24.873661 -63.349331 -73.280785 0.000000
5657 8.601267 -59.688789 -79.791748 0.000000
5658 11.461687 -61.849102 -77.761444 0.000000
5659 12.551847 -58.648628 -80.041779 0.000000
5661 20.433008 -56.188271 -80.181801 0.000000
5679 5.510811 -36.675396 -92.883667 0.000000
5680 9.381381 -35.475224 -93.043694 0.000000
5681 6.600972 -33.444923 -94.023842 0.000000
5842 -17.682604 -86.302704 -47.346970 0.000000
5843 -17.152525 -84.682465 -50.377419 0.000000
5844 -20.503017 -84.412430 -49.567295 0.000000
5845 -23.303429 -82.382126 -51.707611 0.000000
5846 -26.063837 -80.211807 -53.757915 0.000000
6021 3.440506 -99.044579 -13.451980 0.000000
6022 1.690249 -99.504646 -9.961467 0.000000
6023 -1.880277 -99.554657 -9.401383 0.000000
6024 -5.450802 -99.474640 -8.811297 0.000000
6099 -8.251215 -57.748501 -81.241959 0.000000
6100 -4.480659 -56.968384 -82.082085 0.000000
6101 -7.171056 -54.508022 -83.542305 0.000000
6102 -6.090896 -51.167534 -85.712616 0.000000
6103 -5.000736 -47.747028 -87.732918 0.000000
6104 -4.050596 -44.816597 -89.323151 0.000000
6105 -7.821151 -45.676723 -88.633049 0.000000
6106 -10.641566 -43.536407 -89.413162 0.000000
6107 -13.441978 -41.356091 -90.063263 0.000000
6369 -14.682160 -77.191360 -61.869106 0.000000
6370 -11.171644 -77.161362 -62.639217 0.000000
6371 -13.922050 -75.021042 -64.659523 0.000000
6372 -13.151937 -72.740700 -67.369919 0.000000
6373 -12.371821 -70.370361 -69.980301 0.000000
6374 -11.601707 -68.010010 -72.410652 0.000000
6375 -15.112225 -68.080025 -71.690552 0.000000
6376 -17.832624 -65.679665 -73.280785 0.000000
6377 -20.533024 -63.189301 -74.761002 0.000000
6904 15.322255 -91.553474 -37.225479 0.000000
6905 11.881749 -92.183571 -36.945438 0.000000
6906 8.441242 -92.683640 -36.615391 0.000000
6907 -3.810561 -96.724236 -25.143700 0.000000
6908 -2.120312 -95.784103 -28.694225 0.000000
6909 -5.660833 -95.814110 -28.114140 0.000000
6910 -7.511106 -94.773956 -31.054571 0.000000
6911 -9.341375 -93.613777 -33.934994 0.000000
6912 -11.051627 -92.383591 -36.695400 0.000000
6913 -12.751877 -93.473755 -33.204884 0.000000
6914 -16.162378 -93.223724 -32.424774 0.000000
6915 -19.532875 -92.853668 -31.604654 0.000000
7079 -42.066193 -76.481262 -48.817184 0.000000
7080 -38.765709 -76.721291 -51.137527 0.000000
7081 -41.546116 -74.781006 -51.817631 0.000000
7136 14.622152 -71.560539 -68.330055 0.000000
7137 15.882339 -68.770126 -70.860435 0.000000
7138 17.112520 -65.869698 -73.280785 0.000000
7139 10.741581 -53.087814 -84.082375 0.000000
7140 13.632007 -55.298141 -82.212105 0.000000
7141 14.692163 -51.907639 -84.222397 0.000000
7142 18.622740 -50.627457 -84.222397 0.000000
7152 -0.080012 -32.524788 -94.573921 0.000000
7153 3.780556 -31.344614 -94.903969 0.000000
7393 -9.741434 -83.122238 -54.758060 0.000000
7394 -12.531845 -81.231956 -56.978390 0.000000
7395 -16.562437 -82.962219 -53.347855 0.000000
7396 -15.952349 -81.131943 -56.268284 0.000000
7397 -15.332257 -79.201653 -59.118698 0.000000
7398 -18.092663 -77.051346 -61.138996 0.000000
7399 -20.823065 -74.781006 -63.059284 0.000000
7400 -23.523462 -72.390656 -64.879555 0.000000
7808 12.141787 -96.264168 -24.283573 0.000000
7809 10.311519 -95.684090 -27.214006 0.000000
7810 8.621269 -96.754242 -23.833508 0.000000
7811 5.080748 -97.124298 -23.343437 0.000000
7812 1.550228 -97.364334 -22.823359 0.000000
7813 1.620239 -98.644516 -16.412416 0.000000
7814 -0.200029 -98.124443 -19.352850 0.000000
7815 -2.030299 -97.484352 -22.263277 0.000000
7816 -5.560819 -97.474350 -21.673191 0.000000
7817 -9.091337 -97.354324 -21.053099 0.000000
7818 -12.611857 -97.094292 -20.403004 0.000000
7989 2.570378 -66.809830 -74.380951 0.000000
7990 6.400942 -65.889694 -74.971031 0.000000
7991 3.690543 -63.819397 -76.921326 0.000000
7992 4.790705 -60.708939 -79.341675 0.000000
7993 5.880866 -57.498463 -81.622017 0.000000
7994 -0.670099 -56.128265 -82.782188 0.000000
7995 3.160465 -55.188126 -83.352272 0.000000
7996 6.961025 -54.157970 -83.792336 0.000000
7997 8.021181 -50.767475 -85.802628 0.000000
7998 9.061334 -47.276958 -87.662903 0.000000
7999 10.081484 -43.716434 -89.383163 0.000000
8000 11.061628 -40.635983 -90.713348 0.000000
8001 7.311076 -41.786152 -90.573334 0.000000
8002 4.520666 -39.785854 -91.653488 0.000000
8003 1.730255 -37.745560 -92.603630 0.000000
8004 -3.060451 -41.806156 -90.803368 0.000000
8005 -2.070305 -38.745705 -92.183571 0.000000
8006 -1.090160 -35.645245 -93.443756 0.000000
8007 -3.880571 -33.514931 -94.153862 0.000000
8008 -6.680983 -31.344614 -94.743950 0.000000
8403 17.482573 -98.434486 2.940433 0.000000
8406 13.571999 -99.044579 2.940433 0.000000
8563 7.241066 -73.210777 -67.759972 0.000000
8564 4.540668 -71.350510 -69.940292 0.000000
8567 -1.250184 -78.741585 -61.649075 0.000000
8568 -7.621122 -77.051346 -63.309322 0.000000
8569 -4.050596 -76.831306 -63.899406 0.000000
8570 -0.490072 -76.511261 -64.409485 0.000000
8571 0.260038 -74.210922 -67.049873 0.000000
8572 1.010149 -71.810577 -69.610245 0.000000
8573 1.740256 -69.320198 -72.080612 0.000000
8574 -0.970143 -67.239891 -74.030891 0.000000
8575 -3.680542 -65.069580 -75.861168 0.000000
8576 -6.390941 -62.799244 -77.581421 0.000000
8577 -10.781587 -65.559654 -74.761002 0.000000
8578 -9.951465 -63.019279 -77.021339 0.000000
8579 -9.121343 -60.408890 -79.181656 0.000000
8580 -11.811739 -57.948528 -80.651871 0.000000
8581 -14.492133 -55.408157 -81.992073 0.000000
9430 -29.944408 -85.592590 -42.196209 0.000000
9431 -30.604504 -83.552299 -45.656719 0.000000
9432 -32.904846 -84.032372 -43.106342 0.000000
9433 -35.825272 -82.382126 -43.966473 0.000000
9434 -38.705700 -80.621872 -44.766590 0.000000
9435 -40.315937 -82.962219 -38.675694 0.000000
9436 -40.976032 -80.921906 -42.136204 0.000000
9437 -41.566120 -78.761597 -45.516697 0.000000
9438 -44.356533 -76.821312 -46.196800 0.000000
9439 -47.096931 -74.781006 -46.826893 0.000000
9565 -3.930578 -99.934708 0.000000 0.000000
9566 -5.740845 -99.804695 -2.940433 0.000000
9567 -7.561113 -99.554657 -5.890867 0.000000
9568 -9.371379 -99.184601 -8.811297 0.000000
9569 -15.402267 -98.644516 -5.890867 0.000000
9570 -13.301958 -98.734535 -8.831300 0.000000
9571 -11.191648 -98.684525 -11.761731 0.000000
9572 -12.981912 -98.074432 -14.662157 0.000000
9573 -14.762173 -97.354324 -17.552586 0.000000
9574 -16.532433 -96.504211 -20.413004 0.000000
9581 -22.613329 -95.814110 -17.632597 0.000000
9582 -20.483015 -95.714096 -20.523022 0.000000
9583 -18.332699 -95.494057 -23.383442 0.000000
9584 -20.062952 -94.413902 -26.183853 0.000000
9585 -21.773205 -93.223724 -28.954264 0.000000
9586 -23.463453 -91.913528 -31.684664 0.000000
9587 -29.574354 -91.023392 -29.034275 0.000000
9588 -27.364029 -90.813370 -31.734671 0.000000
9589 -25.133701 -90.483322 -34.405067 0.000000
9590 -26.763941 -88.963097 -37.045456 0.000000
9591 -28.374176 -87.322853 -39.645836 0.000000
9592 -26.083839 -86.842789 -42.196209 0.000000
9658 8.531256 -94.953979 -30.234451 0.000000
9659 6.720989 -94.093849 -33.214890 0.000000
9660 4.910723 -93.123711 -36.145321 0.000000
9661 -0.390057 -94.683937 -32.204742 0.000000
9662 1.340197 -93.433754 -35.665249 0.000000
9663 3.060451 -92.023544 -39.065750 0.000000
9668 -9.271364 -88.222984 -46.196800 0.000000
9669 -12.661863 -88.152977 -45.516697 0.000000
9670 -12.741876 -91.023392 -39.435806 0.000000
9671 -14.422123 -89.553185 -42.136204 0.000000
9672 -16.072365 -87.982956 -44.766590 0.000000
9673 -19.432861 -87.702911 -43.966473 0.000000
9674 -22.773354 -87.322853 -43.106342 0.000000
10000 -30.104431 -82.002068 -48.707169 0.000000
10001 -29.564352 -80.341827 -51.707611 0.000000
10002 -28.994268 -78.591568 -54.638042 0.000000
10003 -35.365208 -76.851318 -53.347855 0.000000
10004 -31.904697 -76.851318 -55.488163 0.000000
10005 -28.404182 -76.721291 -57.538467 0.000000
10006 -27.774088 -74.781006 -60.328884 0.000000
10007 -27.113993 -72.740700 -63.059284 0.000000
10008 -26.423889 -70.620399 -65.709671 0.000000
10016 -29.284311 -68.650108 -66.579803 0.000000
10017 -25.693783 -68.300056 -68.400070 0.000000
10018 -24.953674 -65.999710 -70.880440 0.000000
10019 -24.173559 -63.619366 -73.280785 0.000000
10020 -23.383442 -61.169003 -75.591125 0.000000
10117 10.351524 -64.959564 -75.341095 0.000000
10118 14.302107 -63.919411 -75.581123 0.000000
10119 18.222681 -62.769241 -75.711151 0.000000
10120 16.502430 -57.468460 -80.181801 0.000000
10121 19.342848 -59.528763 -78.001480 0.000000
10122 22.153261 -61.489048 -75.711151 0.000000
10144 12.171792 -37.455513 -91.933533 0.000000
10145 13.251949 -34.215034 -93.043694 0.000000
