#!ascii label, from subject  
171
59 -87.062820 43.396389 23.253424 0.000000
60 -80.911911 58.788658 0.000000 0.000000
62 -81.842049 27.334024 50.577446 0.000000
63 -94.733948 16.252392 27.644068 0.000000
182 -77.851463 40.345940 48.117085 0.000000
183 -85.562592 35.825272 37.395504 0.000000
280 -96.114151 23.873514 13.992060 0.000000
281 -98.684525 8.231212 14.012063 0.000000
395 -91.973541 37.505520 11.731727 0.000000
397 -84.852486 51.617599 11.741728 0.000000
662 -75.291084 46.576855 46.536850 0.000000
663 -79.431694 44.546558 41.356091 0.000000
899 -89.733208 40.545971 17.532581 0.000000
900 -88.693054 44.706581 11.781734 0.000000
901 -86.182686 47.627014 17.542583 0.000000
907 -83.252258 20.613035 51.447575 0.000000
909 -85.742615 24.733641 45.166649 0.000000
910 -86.592751 39.745850 30.424479 0.000000
911 -88.933090 33.064865 31.634657 0.000000
912 -89.673203 36.855423 24.543612 0.000000
1475 -83.972359 46.036774 28.854248 0.000000
1476 -83.122238 50.427422 23.473455 0.000000
1480 -80.031776 33.914993 49.467281 0.000000
1481 -83.972359 31.684664 44.136497 0.000000
1482 -81.902054 38.175621 42.856308 0.000000
1483 -83.222252 42.246216 35.945290 0.000000
1643 -78.221512 61.929115 -7.031035 0.000000
1657 -97.034279 12.281808 20.893076 0.000000
1658 -97.704376 16.102371 14.042068 0.000000
1883 -93.763802 34.285046 5.880866 0.000000
1885 -90.773361 41.566120 5.880866 0.000000
1886 -87.192833 48.627155 5.890867 0.000000
1887 -83.102234 55.348145 5.890867 0.000000
1899 -87.612892 28.994268 38.555679 0.000000
1900 -90.823364 26.163849 32.724819 0.000000
2062 -80.001778 17.962643 57.278435 0.000000
2067 -74.961029 38.175621 54.087959 0.000000
2068 -72.510674 44.546558 52.547733 0.000000
2582 -73.870872 49.607300 45.656719 0.000000
2583 -76.011192 48.647160 43.106342 0.000000
2819 -88.443016 41.996185 20.403004 0.000000
2820 -88.022957 44.126495 17.552586 0.000000
2821 -86.672752 45.536701 20.413004 0.000000
2827 -82.592163 23.983532 51.047516 0.000000
2828 -84.562454 22.693340 48.347118 0.000000
2829 -83.842346 26.053837 47.907055 0.000000
2830 -86.892792 41.606129 26.853952 0.000000
2831 -88.192986 38.325642 27.504049 0.000000
2832 -88.423019 40.155910 23.913521 0.000000
2833 -89.773216 38.735706 21.053099 0.000000
3097 -83.162247 55.568176 0.000000 0.000000
3099 -82.062080 57.068398 -3.520518 0.000000
3419 -82.282120 47.266960 31.604654 0.000000
3420 -81.932060 49.517288 28.954264 0.000000
3427 -78.991623 37.155468 48.817184 0.000000
3428 -81.031921 36.075310 46.196800 0.000000
3429 -79.921761 39.285782 45.516697 0.000000
3430 -80.021782 46.536850 37.865574 0.000000
3431 -81.371979 43.416389 38.675694 0.000000
3432 -81.902054 45.376678 35.155178 0.000000
3433 -83.662315 44.176506 32.424774 0.000000
3721 -96.794250 18.122667 17.482573 0.000000
3722 -96.984276 20.002945 14.032066 0.000000
4139 -92.923676 35.925285 8.811297 0.000000
4140 -92.343597 37.955589 5.890867 0.000000
4141 -91.433456 39.565823 8.811297 0.000000
4142 -86.842789 48.197098 11.771733 0.000000
4143 -88.002953 46.696873 8.841302 0.000000
4144 -86.082672 50.157383 8.821300 0.000000
4145 -85.212540 52.027660 5.890867 0.000000
4146 -84.032372 53.517876 8.821300 0.000000
4148 -82.592163 52.507725 20.603033 0.000000
4170 -84.832489 33.784973 40.796005 0.000000
4171 -85.842628 30.354469 41.376095 0.000000
4172 -86.642754 32.434776 38.005596 0.000000
4173 -90.443314 31.614655 28.694225 0.000000
4174 -89.933243 29.634361 32.204742 0.000000
4180 -92.153564 35.745262 15.272248 0.000000
4182 -93.183716 34.165028 12.321814 0.000000
4183 -94.103859 32.554794 9.401383 0.000000
4541 -76.041191 34.955147 54.758060 0.000000
4542 -73.380798 37.025452 56.978390 0.000000
4546 -71.140480 47.617008 51.707611 0.000000
4980 -76.671288 63.349331 -10.521549 0.000000
4981 -79.231667 60.118855 -10.551554 0.000000
4982 -77.621429 61.489048 -14.042068 0.000000
5048 -97.944420 10.261511 17.462572 0.000000
5049 -97.434341 8.211208 21.003092 0.000000
5050 -98.264465 6.190911 17.562586 0.000000
5800 -76.611275 43.486401 47.346970 0.000000
5801 -78.701576 42.476250 44.766590 0.000000
5802 -77.401390 45.586708 43.966473 0.000000
5803 -78.071487 47.617008 40.505962 0.000000
5976 -96.084145 25.693783 10.511547 0.000000
5977 -97.024284 21.863218 10.511547 0.000000
6227 -90.903381 39.055748 14.642156 0.000000
6228 -90.403305 41.136055 11.761731 0.000000
6229 -89.263138 42.656277 14.662157 0.000000
6230 -87.482880 46.196800 14.672159 0.000000
6231 -85.572594 49.657307 14.652158 0.000000
6246 -86.142677 37.815567 33.934994 0.000000
6247 -87.302849 34.465073 34.545086 0.000000
6248 -87.812927 36.425362 31.054571 0.000000
6249 -89.373154 34.985149 28.114140 0.000000
6250 -90.813370 33.514931 25.143700 0.000000
6252 -90.993393 35.415215 21.673191 0.000000
6253 -91.023392 37.265484 18.172674 0.000000
6773 -99.264610 6.190911 10.521549 0.000000
6774 -98.934563 4.120606 14.042068 0.000000
7283 -85.562592 44.736584 26.063837 0.000000
7284 -85.162529 46.946911 23.383442 0.000000
7285 -83.592308 48.257103 26.183853 0.000000
7286 -81.481995 51.707611 26.253862 0.000000
7294 -80.981918 30.644510 50.047367 0.000000
7295 -82.972214 29.534348 47.396976 0.000000
7296 -82.052078 32.824833 46.826893 0.000000
7297 -82.992218 34.955147 43.526409 0.000000
7298 -83.782333 37.025452 40.155910 0.000000
7299 -80.711876 41.386093 42.136204 0.000000
7300 -82.632164 40.245922 39.435806 0.000000
7301 -84.442429 39.055748 36.695400 0.000000
7302 -84.962502 41.016041 33.204884 0.000000
7303 -85.332558 42.916317 29.654366 0.000000
7673 -79.631714 60.408890 -3.520518 0.000000
7705 -95.964134 14.272101 24.293575 0.000000
7706 -96.454201 16.212387 20.903078 0.000000
7707 -97.444344 14.202091 17.482573 0.000000
7708 -98.274460 12.181792 14.042068 0.000000
7709 -97.814392 17.982647 10.541552 0.000000
7710 -98.464493 14.052068 10.541552 0.000000
7711 -98.944565 10.111488 10.521549 0.000000
8267 -94.503906 32.614803 2.940433 0.000000
8268 -93.833809 34.615097 0.000000 0.000000
8269 -93.143707 36.305344 2.940433 0.000000
8270 -91.643486 39.945877 2.940433 0.000000
8271 -90.003258 43.516403 2.940433 0.000000
8272 -89.793221 43.166355 8.831300 0.000000
8273 -89.053108 45.136646 5.890867 0.000000
8274 -88.212990 47.046925 2.940433 0.000000
8275 -86.292702 50.477432 2.940433 0.000000
8276 -84.242401 53.837925 2.950434 0.000000
8277 -82.062080 57.098408 2.950434 0.000000
8278 -84.702469 49.057220 20.523022 0.000000
8279 -84.142387 51.117527 17.632597 0.000000
8280 -83.462288 53.107819 14.732169 0.000000
8283 -82.672173 55.048103 11.771733 0.000000
8284 -81.772041 56.898376 8.841302 0.000000
8306 -93.533768 17.722610 30.674513 0.000000
8307 -84.912491 28.224155 44.676579 0.000000
8308 -86.742767 26.883957 41.896168 0.000000
8309 -88.463028 25.523758 39.065750 0.000000
8310 -88.343002 31.054571 35.125172 0.000000
8311 -89.273140 27.594063 35.665249 0.000000
8312 -90.083260 24.103548 36.145321 0.000000
8313 -91.573479 22.683340 33.214890 0.000000
8314 -92.943680 21.233126 30.234451 0.000000
8322 -95.154007 29.144289 9.961467 0.000000
8323 -94.903969 30.904547 6.450949 0.000000
8757 -81.682022 19.302843 54.398006 0.000000
8758 -81.061935 22.693340 54.017948 0.000000
8759 -80.341827 26.053837 53.567886 0.000000
8768 -79.501701 29.534348 53.017803 0.000000
8769 -78.581566 32.824833 52.447720 0.000000
8770 -77.561417 36.075310 51.817631 0.000000
8771 -76.451256 39.285782 51.137527 0.000000
8772 -72.230637 40.245922 56.268284 0.000000
8773 -73.780861 41.386093 53.347855 0.000000
8774 -75.241081 42.476250 50.377419 0.000000
8775 -73.940887 45.586708 49.567295 0.000000
8776 -72.550674 48.647160 48.707169 0.000000
9305 -80.711876 58.638634 -7.031035 0.000000
