#!ascii label, from subject  
129
13 -26.293869 80.911911 52.577736 0.000000
93 -51.287548 69.390213 50.577446 0.000000
94 -36.185326 58.788658 72.370651 0.000000
262 -39.165764 75.881172 52.077667 0.000000
264 -35.955292 84.032372 40.615978 0.000000
391 -12.921903 84.402420 52.077667 0.000000
455 -44.186504 64.749535 62.109142 0.000000
456 -31.624655 70.720406 63.259312 0.000000
742 -32.804829 78.581566 52.457722 0.000000
743 -37.655544 80.161804 46.466839 0.000000
744 -31.214594 82.722176 46.736877 0.000000
995 -42.426243 55.348145 71.690552 0.000000
996 -46.476841 58.378593 66.599800 0.000000
997 -40.285931 61.929115 67.409927 0.000000
998 -37.995594 67.899994 62.839252 0.000000
999 -34.015007 64.949562 68.020012 0.000000
1536 -38.135616 52.257690 76.271233 0.000000
1624 -45.326672 72.810715 51.447575 0.000000
1625 -50.017365 73.900879 45.166649 0.000000
1626 -43.966473 77.191360 45.936764 0.000000
1873 -19.652893 82.852203 52.457722 0.000000
1874 -23.373442 85.272545 46.736877 0.000000
1875 -16.652451 86.982803 46.466839 0.000000
2016 -53.937943 63.469341 55.368153 0.000000
2018 -50.347416 61.098995 61.118996 0.000000
2019 -47.857048 67.239891 56.488319 0.000000
2020 -41.806156 70.530388 57.278435 0.000000
2021 -35.485222 73.490814 57.818512 0.000000
2022 -29.044275 76.051193 58.098553 0.000000
2024 -32.694817 48.527145 81.111938 0.000000
2025 -30.864544 55.248131 77.441399 0.000000
2211 -54.648045 74.360947 38.555679 0.000000
2662 -29.564352 79.791748 52.547733 0.000000
2663 -32.034718 80.711876 49.627304 0.000000
2664 -28.774237 81.882057 49.697315 0.000000
2915 -39.335789 57.098408 72.080612 0.000000
2916 -41.396091 58.688637 69.610245 0.000000
2917 -38.265636 60.398895 69.940292 0.000000
2918 -37.175472 63.479347 67.759972 0.000000
2919 -35.125172 61.919109 70.250343 0.000000
3067 -54.167973 67.549942 50.047367 0.000000
3069 -53.727905 69.790276 47.396976 0.000000
3667 -42.266220 74.390945 51.797626 0.000000
3668 -44.676579 75.051048 48.727169 0.000000
3669 -41.596123 76.591278 49.047218 0.000000
3670 -36.825420 82.152092 43.566414 0.000000
3671 -40.025894 80.761887 43.346382 0.000000
4117 -16.292398 83.682327 52.297695 0.000000
4118 -18.162674 84.982513 49.497284 0.000000
4119 -14.792177 85.752625 49.307259 0.000000
4423 -45.366680 61.619072 64.409485 0.000000
4424 -48.437130 59.778801 63.899406 0.000000
4425 -47.296963 62.969269 61.649075 0.000000
4426 -49.137230 64.219452 58.848663 0.000000
4427 -46.046776 66.039719 59.338734 0.000000
4428 -44.856606 68.930145 56.918381 0.000000
4429 -43.026333 67.699966 59.738792 0.000000
4430 -34.835129 69.350212 63.079285 0.000000
4431 -36.775414 70.750420 60.378887 0.000000
4432 -33.574944 72.150620 60.578918 0.000000
4433 -32.284756 74.811012 57.988537 0.000000
4434 -30.364470 73.440811 60.718937 0.000000
4439 -29.884398 46.506847 83.352272 0.000000
4440 -29.044275 49.977360 81.622017 0.000000
4441 -31.804682 51.927647 79.341675 0.000000
4890 -49.297256 76.011192 42.366238 0.000000
4891 -52.377708 74.190918 41.896168 0.000000
4892 -51.607594 76.241226 39.065750 0.000000
4906 -25.813799 86.142677 43.776443 0.000000
5944 -36.005299 77.271378 52.297695 0.000000
5945 -38.435658 78.071487 49.307259 0.000000
5946 -35.255188 79.431694 49.497284 0.000000
5947 -34.455074 81.491997 46.626862 0.000000
5948 -33.614948 83.442284 43.706436 0.000000
6214 -9.521402 85.022507 51.797626 0.000000
6215 -11.371674 86.412720 49.047218 0.000000
6397 -45.466690 53.517876 71.210487 0.000000
6398 -47.506992 55.048103 68.680107 0.000000
6399 -44.476547 56.898376 69.190186 0.000000
6400 -43.406387 60.188866 67.049873 0.000000
6401 -42.266220 63.379333 64.799538 0.000000
6402 -41.116055 66.369774 62.509201 0.000000
6403 -39.175766 64.969574 65.179596 0.000000
6404 -36.025303 66.469780 65.469635 0.000000
6405 -32.844833 67.889992 65.689667 0.000000
6407 -27.794092 40.826008 86.972801 0.000000
7420 -43.376385 52.027660 73.580833 0.000000
7421 -40.305931 53.837925 74.030891 0.000000
7422 -37.185474 55.568176 74.380951 0.000000
7630 -48.337116 71.140480 51.047516 0.000000
7631 -50.687462 71.690552 47.907055 0.000000
7632 -47.717026 73.410805 48.347118 0.000000
7633 -47.026924 75.591125 45.576710 0.000000
7634 -46.266808 77.671440 42.766293 0.000000
7635 -40.836014 78.731590 46.226803 0.000000
7636 -43.176353 79.261665 43.076340 0.000000
8239 -22.983383 81.932060 52.547733 0.000000
8240 -24.853659 83.162247 49.697315 0.000000
8241 -21.523169 84.122383 49.627304 0.000000
8242 -20.022947 86.182686 46.626862 0.000000
8622 -52.647755 66.479782 53.017803 0.000000
8626 -49.507286 56.488319 66.039719 0.000000
8629 -52.167679 62.329174 58.278580 0.000000
8630 -50.927494 65.399628 55.968239 0.000000
8631 -49.597301 68.360062 53.567886 0.000000
8632 -46.626862 70.080315 54.017948 0.000000
8633 -43.596416 71.720558 54.398006 0.000000
8634 -40.515961 73.260780 54.718052 0.000000
8635 -39.925877 69.260193 60.098846 0.000000
8636 -38.665691 72.060608 57.578476 0.000000
8637 -37.345497 74.731003 54.988094 0.000000
8638 -34.175030 76.091202 55.178120 0.000000
8639 -30.944553 77.371391 55.308136 0.000000
8640 -27.694075 78.541557 55.378147 0.000000
8647 -35.445221 50.437424 78.761597 0.000000
8648 -34.525082 53.797916 76.921326 0.000000
8649 -33.554939 57.068398 74.971031 0.000000
8658 -32.464783 60.408890 72.800720 0.000000
8659 -31.374617 63.489349 70.620399 0.000000
8666 -25.143700 77.391396 58.148560 0.000000
8667 -23.763498 79.821747 55.378147 0.000000
8668 -20.443010 80.781891 55.308136 0.000000
8669 -17.082514 81.652016 55.178120 0.000000
8670 -13.712018 82.412132 54.988094 0.000000
8673 -10.281513 83.082230 54.718052 0.000000
9195 -53.087814 72.030602 44.676579 0.000000
9213 -27.314020 84.072372 46.776886 0.000000
9214 -29.744379 84.862488 43.776443 0.000000
9215 -32.114727 85.522583 40.715992 0.000000
