#!ascii label, from subject  
172
22 58.788658 80.911911 0.000000 0.000000
52 44.926617 86.282700 23.253424 0.000000
112 68.170029 69.390213 -23.253424 0.000000
114 80.911911 58.788658 0.000000 0.000000
247 64.089439 75.881172 -11.731727 0.000000
248 75.311089 64.749535 -11.741728 0.000000
249 70.720406 70.720406 0.000000 0.000000
260 52.397709 84.032372 -13.992060 0.000000
382 52.357708 84.402420 11.731727 0.000000
390 38.305637 91.633484 11.741728 0.000000
727 61.589069 78.581566 -5.880866 0.000000
728 67.579948 73.490814 -5.880866 0.000000
729 64.949562 76.051193 0.000000 0.000000
738 52.257690 85.272545 0.000000 0.000000
740 55.768211 82.722176 -7.021034 0.000000
741 58.398594 80.161804 -12.901898 0.000000
877 48.757175 85.542587 17.532581 0.000000
878 54.648045 81.632019 18.782766 0.000000
888 37.605534 89.653198 23.473455 0.000000
889 34.265041 92.283585 17.692604 0.000000
890 41.726143 89.183136 17.542583 0.000000
891 45.476696 88.292999 11.781734 0.000000
1102 69.730263 65.639656 -28.854248 0.000000
1105 78.311531 61.929115 -5.890867 0.000000
1107 83.102234 55.348145 -5.890867 0.000000
1108 87.192833 48.627155 -5.890867 0.000000
1109 85.272545 52.257690 0.000000 0.000000
1143 62.769241 73.900879 -24.543612 0.000000
1597 66.289757 72.810715 -17.532581 0.000000
1598 71.930588 67.239891 -17.542583 0.000000
1599 69.920296 70.530388 -11.781734 0.000000
1600 73.200768 67.899994 -5.890867 0.000000
1601 76.051193 64.949562 0.000000 0.000000
1622 54.848072 81.231956 -19.902929 0.000000
1623 60.758945 77.191360 -18.782766 0.000000
1852 55.708199 82.852203 5.880866 0.000000
1853 61.449047 78.601570 7.021034 0.000000
1854 58.188564 80.311821 12.901898 0.000000
1872 49.007214 86.982803 5.880866 0.000000
2163 67.449921 73.510818 7.021034 0.000000
2164 73.090752 67.909996 7.021034 0.000000
2165 78.221512 61.929115 7.031035 0.000000
2167 80.111794 58.208569 14.052068 0.000000
2168 83.072235 55.248131 7.031035 0.000000
2647 60.218868 79.791748 -2.940433 0.000000
2648 63.309322 77.371391 -2.940433 0.000000
2649 61.919109 78.541557 0.000000 0.000000
2658 55.568176 83.162247 0.000000 0.000000
2659 54.057957 84.072372 -3.510517 0.000000
2660 57.318436 81.882057 -3.510517 0.000000
2661 58.718647 80.711876 -6.450949 0.000000
2797 46.866901 85.962654 20.403004 0.000000
2798 49.857338 84.102386 21.053099 0.000000
2808 41.296082 88.042961 23.383442 0.000000
2809 39.685841 89.483170 20.523022 0.000000
2810 43.356380 87.792923 20.413004 0.000000
2811 45.276665 87.432869 17.552586 0.000000
3022 68.990158 67.549942 -26.063837 0.000000
3024 70.970444 66.479782 -23.383442 0.000000
3025 79.661728 60.398895 -2.950434 0.000000
3026 80.771889 58.688637 -5.890867 0.000000
3027 82.062080 57.098408 -2.950434 0.000000
3028 84.242401 53.837925 -2.950434 0.000000
3029 83.162247 55.568176 0.000000 0.000000
3063 65.509644 71.690552 -23.913521 0.000000
3065 66.419777 69.790276 -26.853952 0.000000
3622 65.229607 74.390945 -14.642156 0.000000
3623 68.150032 71.720558 -14.662157 0.000000
3624 67.059868 73.260780 -11.761731 0.000000
3625 69.200188 72.150620 -2.940433 0.000000
3626 70.440369 70.750420 -5.890867 0.000000
3627 72.000595 69.350212 -2.940433 0.000000
3628 74.670990 66.469780 -2.940433 0.000000
3629 73.440811 67.889992 0.000000 0.000000
3656 50.777477 85.522583 -10.511547 0.000000
3662 53.657898 82.682167 -16.952494 0.000000
3663 61.289021 78.071487 -12.321814 0.000000
3664 59.608776 78.731590 -15.852334 0.000000
3665 62.469196 76.591278 -15.272248 0.000000
3666 63.559361 75.051048 -18.172674 0.000000
4072 54.067959 83.682327 8.811297 0.000000
4073 56.988392 81.652016 9.401383 0.000000
4074 55.308136 82.412132 12.321814 0.000000
4106 36.305344 92.023544 14.732169 0.000000
4107 32.494785 93.433754 14.752171 0.000000
4108 34.525082 93.123711 11.771733 0.000000
4113 48.957203 86.412720 11.761731 0.000000
4114 47.266960 87.692909 8.831300 0.000000
4115 50.717464 85.752625 8.811297 0.000000
4116 52.397709 84.982513 5.890867 0.000000
4755 73.670837 66.039719 -14.652158 0.000000
4756 74.610985 64.219452 -17.632597 0.000000
4757 76.291229 62.969269 -14.732169 0.000000
4770 62.629223 77.261375 10.511547 0.000000
4771 64.499496 76.111198 7.021034 0.000000
4776 75.711151 64.969574 7.031035 0.000000
4777 76.671288 63.349331 10.521549 0.000000
4782 80.851898 56.188271 17.582588 0.000000
4783 82.462143 54.818066 14.042068 0.000000
4784 81.662025 56.778362 10.551554 0.000000
5917 62.879257 77.271378 -8.811297 0.000000
5918 65.879692 74.731003 -8.811297 0.000000
5919 64.639519 76.091202 -5.890867 0.000000
5920 66.309753 74.811012 -2.940433 0.000000
5921 67.889992 73.440811 0.000000 0.000000
5938 50.707470 86.142677 -3.510517 0.000000
5939 52.457722 84.862488 -7.021034 0.000000
5940 54.127968 83.442284 -10.511547 0.000000
5941 55.438160 82.152092 -13.451980 0.000000
5942 57.118408 81.491997 -9.961467 0.000000
5943 60.038841 79.431694 -9.401383 0.000000
6187 50.587448 85.022507 14.642156 0.000000
6188 53.537884 83.082230 15.272248 0.000000
6189 51.737614 83.642319 18.172674 0.000000
6206 33.844982 91.123413 23.533464 0.000000
6207 32.174740 92.423599 20.643040 0.000000
6208 35.955292 91.023392 20.603033 0.000000
6209 38.025597 90.813370 17.632597 0.000000
6210 40.045895 90.473320 14.652158 0.000000
6211 41.926174 90.033257 11.771733 0.000000
6212 43.626419 88.793068 14.672159 0.000000
6213 47.146938 86.972801 14.662157 0.000000
6597 76.861313 63.379333 -8.821300 0.000000
6598 77.901466 61.619072 -11.771733 0.000000
6599 79.381683 60.188866 -8.841302 0.000000
6603 85.212540 52.027660 -5.890867 0.000000
6604 86.292702 50.477432 -2.940433 0.000000
6665 59.938828 76.011192 -25.143700 0.000000
7271 35.535233 89.723206 26.253862 0.000000
7272 39.265778 88.182976 26.183853 0.000000
7567 67.269897 71.140480 -20.403004 0.000000
7568 70.100327 68.360062 -20.413004 0.000000
7569 69.160179 70.080315 -17.552586 0.000000
7570 70.970444 68.930145 -14.672159 0.000000
7571 72.670692 67.699966 -11.771733 0.000000
7572 68.800125 72.060608 -8.831300 0.000000
7573 71.610542 69.260193 -8.841302 0.000000
7574 74.300941 66.369774 -8.821300 0.000000
7575 75.811165 64.969574 -5.890867 0.000000
7576 77.231369 63.479347 -2.950434 0.000000
7577 78.541557 61.919109 0.000000 0.000000
7624 55.978241 79.681725 -22.823359 0.000000
7625 56.668346 80.761887 -16.412416 0.000000
7626 57.838516 79.261665 -19.352850 0.000000
7627 58.938671 77.671440 -22.263277 0.000000
7628 61.799099 75.591125 -21.673191 0.000000
7629 64.579506 73.410805 -21.053099 0.000000
8182 57.278435 81.932060 2.940433 0.000000
8183 60.158852 79.821747 3.510517 0.000000
8184 58.608631 80.781891 6.450949 0.000000
8185 59.858814 79.501701 9.961467 0.000000
8186 60.998978 78.111496 13.451980 0.000000
8187 56.448311 81.021927 15.852334 0.000000
8225 30.414476 93.613777 17.712608 0.000000
8237 50.667461 86.182686 2.940433 0.000000
8238 54.017948 84.122383 2.940433 0.000000
9033 72.830719 65.399628 -20.523022 0.000000
9051 63.249310 77.391396 3.510517 0.000000
9052 66.249748 74.841019 3.510517 0.000000
9053 69.140175 72.180626 3.510517 0.000000
9055 70.330353 70.770416 7.031035 0.000000
9056 71.960587 69.370209 3.520518 0.000000
9057 74.630989 66.489784 3.520518 0.000000
9058 77.191360 63.489349 3.520518 0.000000
9059 79.631714 60.408890 3.520518 0.000000
9063 79.091637 57.468460 21.103107 0.000000
9064 78.421539 59.528763 17.582588 0.000000
9065 77.621429 61.489048 14.042068 0.000000
9066 79.231667 60.118855 10.551554 0.000000
9067 80.711876 58.638634 7.031035 0.000000
9068 82.062080 57.068398 3.520518 0.000000
9069 84.242401 53.797916 3.520518 0.000000
