#!ascii label, from subject  
25
31 -68.830132 -50.007362 -52.577736 0.000000
340 -57.488464 -51.937645 -63.259312 0.000000
820 -63.349331 -51.127529 -58.098553 0.000000
1385 -45.996769 -33.414917 -82.282120 0.000000
2492 -56.428303 -46.096786 -68.520088 0.000000
2495 -48.167091 -40.105904 -77.941475 0.000000
2740 -66.139732 -50.607449 -55.378147 0.000000
3304 -39.915874 -26.443893 -87.812927 0.000000
3305 -41.186062 -29.924404 -86.092674 0.000000
5586 -55.758209 -43.066338 -70.990456 0.000000
5587 -53.267841 -46.296818 -70.860435 0.000000
5588 -52.567738 -43.236362 -73.280785 0.000000
5592 -43.536407 -36.725403 -82.212105 0.000000
5593 -47.126938 -36.795418 -80.181801 0.000000
5594 -44.626572 -40.065895 -80.041779 0.000000
6084 -60.468903 -51.567593 -60.718937 0.000000
7100 -44.826599 -30.014418 -84.222397 0.000000
7101 -42.396240 -33.354908 -84.222397 0.000000
10028 -62.989277 -48.317112 -60.828953 0.000000
10029 -60.058842 -48.727169 -63.419338 0.000000
10031 -59.528763 -45.796738 -66.049721 0.000000
10032 -56.998386 -49.057220 -65.939705 0.000000
10033 -53.887932 -49.297256 -68.330055 0.000000
10041 -51.637604 -40.065895 -75.711151 0.000000
10042 -49.147232 -43.306374 -75.581123 0.000000
