#!ascii label, from subject  
32
95 -5.280777 68.830132 72.370651 0.000000
458 -21.013094 64.669525 73.340790 0.000000
459 -15.982352 75.801163 63.259312 0.000000
1005 -13.191941 66.969856 73.100754 0.000000
1006 -18.552731 70.460373 68.520088 0.000000
1007 -10.661570 72.540680 68.020012 0.000000
1008 -9.171350 77.271378 62.839252 0.000000
1009 -3.800559 73.780861 67.409927 0.000000
1542 1.790264 69.710266 71.690552 0.000000
2925 -9.241360 67.959999 72.800720 0.000000
2926 -11.931757 69.810280 70.620399 0.000000
2927 -7.981175 70.740417 70.250343 0.000000
2928 -7.241066 73.210777 67.759972 0.000000
2929 -4.540668 71.350510 69.940292 0.000000
4448 -22.153261 61.489048 75.711151 0.000000
4453 -17.282545 73.190773 65.939705 0.000000
4454 -21.233126 72.040604 66.049721 0.000000
4465 5.330785 70.020309 71.210487 0.000000
4466 2.540374 72.180626 69.190186 0.000000
4467 6.080895 72.450661 68.680107 0.000000
6415 -17.112520 65.869698 73.280785 0.000000
6416 -19.802914 67.619957 70.990456 0.000000
6417 -15.882339 68.770126 70.860435 0.000000
6418 -14.622152 71.560539 68.330055 0.000000
6419 -13.331964 74.230927 65.689667 0.000000
6420 -12.581852 76.581276 63.079285 0.000000
6421 -9.921460 74.951035 65.469635 0.000000
6422 -6.490956 75.581123 65.179596 0.000000
7434 -1.740256 69.320198 72.080612 0.000000
8662 -22.493313 69.240196 68.570091 0.000000
8677 -1.010149 71.810577 69.610245 0.000000
8678 -0.260038 74.210922 67.049873 0.000000
