#!ascii label, from subject  
71
24 0.000000 100.014725 0.000000 0.000000
387 7.251067 99.054581 11.731727 0.000000
388 15.642302 98.784538 0.000000 0.000000
389 22.873365 96.654228 11.741728 0.000000
737 3.510517 99.704681 -7.021034 0.000000
745 -3.510517 99.704681 7.021034 0.000000
746 -11.361672 99.114586 7.021034 0.000000
747 -7.851156 99.704681 0.000000 0.000000
885 10.841596 97.864403 17.532581 0.000000
886 15.112225 98.164452 11.781734 0.000000
887 18.672749 96.674232 17.542583 0.000000
898 3.780556 98.164452 18.782766 0.000000
1863 3.630534 99.774689 5.880866 0.000000
1864 7.851156 99.704681 0.000000 0.000000
1865 11.481689 99.174591 5.880866 0.000000
1866 19.302843 97.954414 5.890867 0.000000
1882 0.130019 99.174591 12.901898 0.000000
2191 11.361672 99.114586 -7.021034 0.000000
2655 -1.820268 99.954720 -2.940433 0.000000
2656 -0.060009 99.804695 -6.450949 0.000000
2657 1.760259 99.934708 -3.510517 0.000000
2665 -1.760259 99.934708 3.510517 0.000000
2666 -5.680836 99.794685 3.510517 0.000000
2667 -3.930578 99.934708 0.000000 0.000000
2668 -5.740845 99.804695 -2.940433 0.000000
2806 14.762173 97.354324 17.552586 0.000000
2807 16.532433 96.504211 20.413004 0.000000
3648 3.440506 99.044579 -13.451980 0.000000
3650 5.190764 98.434486 -16.952494 0.000000
4095 5.450802 99.474640 8.811297 0.000000
4096 7.561113 99.554657 5.890867 0.000000
4097 9.371379 99.184601 8.811297 0.000000
4098 19.002798 97.484352 11.771733 0.000000
4099 17.222534 98.124443 8.841302 0.000000
4100 21.103107 97.364334 8.821300 0.000000
4101 23.153408 97.124298 5.890867 0.000000
4135 5.520813 98.684525 15.272248 0.000000
4136 1.950287 98.734535 15.852334 0.000000
4137 3.690543 99.184601 12.321814 0.000000
4138 1.880277 99.554657 9.401383 0.000000
4838 11.751730 99.324615 0.000000 0.000000
4839 9.611416 99.494644 -3.510517 0.000000
4840 13.511990 99.034576 -3.510517 0.000000
5934 1.690249 99.504646 -9.961467 0.000000
5935 5.260775 99.324615 -10.511547 0.000000
5949 -5.260775 99.324615 10.511547 0.000000
5951 -7.441095 99.494644 7.021034 0.000000
5952 -9.611416 99.494644 3.510517 0.000000
6201 9.051332 98.524498 14.642156 0.000000
6202 11.191648 98.684525 11.761731 0.000000
6203 12.981912 98.074432 14.662157 0.000000
6204 16.902487 97.474350 14.672159 0.000000
6205 20.783060 96.724236 14.652158 0.000000
6226 7.311076 98.074432 18.172674 0.000000
6647 19.512873 98.094437 0.000000 0.000000
6648 17.442568 98.414490 -3.520518 0.000000
8211 1.820268 99.954720 2.940433 0.000000
8212 3.930578 99.934708 0.000000 0.000000
8213 5.740845 99.804695 2.940433 0.000000
8214 9.671424 99.504646 2.940433 0.000000
8215 13.571999 99.044579 2.940433 0.000000
8216 13.301958 98.734535 8.831300 0.000000
8217 15.402267 98.644516 5.890867 0.000000
8218 17.482573 98.434486 2.940433 0.000000
8219 21.343142 97.664368 2.940433 0.000000
8222 20.483015 95.714096 20.523022 0.000000
8264 -3.440506 99.044579 13.451980 0.000000
8265 -1.690249 99.504646 9.961467 0.000000
8266 0.060009 99.804695 6.450949 0.000000
9133 5.680836 99.794685 -3.510517 0.000000
9134 7.441095 99.494644 -7.021034 0.000000
