#!ascii label, from subject  
32
1259 69.730263 -65.639656 -28.854248 0.000000
1302 73.640839 -63.469341 -23.473455 0.000000
1303 74.981041 -59.498760 -29.004269 0.000000
1527 80.031776 -33.914993 -49.467281 0.000000
2398 75.971184 -55.198128 -34.425064 0.000000
2399 76.611275 -50.637451 -39.615833 0.000000
2426 79.431694 -44.546558 -41.356091 0.000000
3179 68.990158 -67.549942 -26.063837 0.000000
3222 70.970444 -66.479782 -23.383442 0.000000
3223 71.730560 -64.589508 -26.183853 0.000000
3504 78.991623 -37.155468 -48.817184 0.000000
5350 73.010750 -60.568916 -31.684664 0.000000
5351 75.521118 -57.378448 -31.734671 0.000000
5352 73.520821 -58.428604 -34.405067 0.000000
5353 73.940887 -56.238281 -37.045456 0.000000
5419 80.021782 -46.536850 -37.865574 0.000000
5420 78.071487 -47.617008 -40.505962 0.000000
5421 78.591568 -49.577297 -36.985443 0.000000
6954 74.350945 -61.519058 -26.253862 0.000000
6955 72.410652 -62.619217 -28.954264 0.000000
7401 80.981918 -30.644510 -50.047367 0.000000
7402 79.501701 -29.534348 -53.017803 0.000000
7403 78.581566 -32.824833 -52.447720 0.000000
8594 77.931473 -28.224155 -55.968239 0.000000
9751 77.911469 -54.087959 -31.734671 0.000000
9752 78.291527 -51.867634 -34.405067 0.000000
9753 76.331238 -52.947792 -37.045456 0.000000
9829 82.052078 -32.824833 -46.826893 0.000000
9830 81.031921 -36.075310 -46.196800 0.000000
9831 79.921761 -39.285782 -45.516697 0.000000
9833 80.711876 -41.386093 -42.136204 0.000000
9834 78.701576 -42.476250 -44.766590 0.000000
