#!ascii label, from subject  
90
3 27.644068 85.082527 44.726585 0.000000
57 0.700103 86.282700 50.577446 0.000000
175 21.213121 91.513474 34.315052 0.000000
177 14.312106 86.502731 48.117085 0.000000
178 7.631124 92.443611 37.395504 0.000000
461 11.911754 79.271660 59.798801 0.000000
655 24.483604 88.513031 39.615833 0.000000
657 21.023094 85.992653 46.536850 0.000000
658 17.822622 89.303146 41.356091 0.000000
894 -2.970437 89.183136 45.166649 0.000000
895 11.041625 94.633934 30.424479 0.000000
896 3.970585 94.793953 31.634657 0.000000
1013 18.742758 79.031631 58.358593 0.000000
1471 7.521107 86.602745 49.467281 0.000000
1472 4.180615 89.653198 44.136497 0.000000
1473 11.001619 89.693207 42.856308 0.000000
1474 14.452127 92.203568 35.945290 0.000000
1878 0.510075 92.283585 38.555679 0.000000
1879 -3.190470 94.453903 32.724819 0.000000
2034 -0.810119 82.532150 56.488319 0.000000
2036 4.810708 79.021629 61.118996 0.000000
2037 6.330932 83.052223 55.368153 0.000000
2038 13.141934 83.092232 54.087959 0.000000
2039 19.952936 82.722176 52.547733 0.000000
2040 26.623920 81.932060 50.807484 0.000000
2575 26.083839 86.842789 42.196209 0.000000
2577 24.353584 85.592590 45.656719 0.000000
2578 22.773354 87.322853 43.106342 0.000000
2814 -1.130166 87.792923 47.907055 0.000000
2816 9.191353 95.714096 27.504049 0.000000
3412 10.921608 86.602745 48.817184 0.000000
3413 9.271364 88.222984 46.196800 0.000000
3414 12.661863 88.152977 45.516697 0.000000
3415 19.532875 90.483322 37.865574 0.000000
3416 16.152380 90.813370 38.675694 0.000000
3417 17.842627 91.913528 35.155178 0.000000
3418 16.162378 93.223724 32.424774 0.000000
4125 5.910870 91.123413 40.796005 0.000000
4126 2.350346 91.023392 41.376095 0.000000
4127 4.070600 92.423599 38.005596 0.000000
4128 2.120312 95.784103 28.694225 0.000000
4129 0.390057 94.683937 32.204742 0.000000
4130 -1.460215 95.634079 29.234303 0.000000
4468 11.171644 77.161362 62.639217 0.000000
4470 8.371232 79.201653 60.498909 0.000000
4471 5.570820 81.091942 58.278580 0.000000
4472 9.131344 81.231956 57.628487 0.000000
4473 9.741434 83.122238 54.758060 0.000000
4474 12.531845 81.231956 56.978390 0.000000
4476 19.362850 80.921906 55.488163 0.000000
4477 22.733345 80.621872 54.638042 0.000000
4478 23.303429 82.382126 51.707611 0.000000
5787 22.863365 90.063263 36.985443 0.000000
5791 17.682604 86.302704 47.346970 0.000000
5792 16.082367 87.982956 44.766590 0.000000
5793 19.432861 87.702911 43.966473 0.000000
5794 21.163115 88.963097 40.505962 0.000000
6219 9.341375 93.613777 33.934994 0.000000
6220 5.800854 93.683792 34.545086 0.000000
6221 7.511106 94.773956 31.054571 0.000000
6222 5.660833 95.814110 28.114140 0.000000
6429 15.332257 79.201653 59.118698 0.000000
7273 4.120606 86.492729 50.047367 0.000000
7274 2.440359 88.042961 47.396976 0.000000
7275 5.860863 88.182976 46.826893 0.000000
7276 7.591117 89.723206 43.526409 0.000000
7277 9.321372 91.123413 40.155910 0.000000
7278 14.422123 89.553185 42.136204 0.000000
7279 12.741876 91.023392 39.435806 0.000000
7280 11.051627 92.383591 36.695400 0.000000
7281 12.751877 93.473755 33.204884 0.000000
7282 14.442126 94.413902 29.654366 0.000000
8250 0.610090 89.483170 44.676579 0.000000
8251 -1.230181 90.813370 41.896168 0.000000
8252 -3.060451 92.023544 39.065750 0.000000
8253 2.240330 93.613777 35.125172 0.000000
8254 -1.340197 93.433754 35.665249 0.000000
8676 -0.050007 84.462433 53.567886 0.000000
8683 2.000294 80.841904 58.848663 0.000000
8684 2.760406 82.842194 55.968239 0.000000
8685 3.520518 84.732475 53.017803 0.000000
8686 6.931021 84.872498 52.447720 0.000000
8687 10.341522 84.912491 51.817631 0.000000
8688 13.732021 84.852486 51.137527 0.000000
8689 15.952349 81.131943 56.268284 0.000000
8690 16.562437 82.962219 53.347855 0.000000
8691 17.152525 84.682465 50.377419 0.000000
8692 20.503017 84.412430 49.567295 0.000000
8693 23.843510 84.032372 48.707169 0.000000
8694 27.143997 83.552299 47.797035 0.000000
