#!ascii label, from subject  
14
379 26.543907 38.625687 88.353012 0.000000
1089 33.874985 39.415802 85.442581 0.000000
3984 13.441978 41.356091 90.063263 0.000000
4051 16.982500 41.476105 89.413162 0.000000
4703 24.023537 41.566120 87.732918 0.000000
4705 27.694075 42.066193 86.412720 0.000000
4706 37.465515 39.725845 83.792336 0.000000
6567 30.234451 39.055748 86.972801 0.000000
6568 32.694817 36.015301 87.382866 0.000000
6569 36.325348 36.355350 85.802628 0.000000
6570 39.895874 36.635391 84.082375 0.000000
8157 20.523022 41.546116 88.633049 0.000000
8158 23.063395 38.635689 89.323151 0.000000
8978 42.396240 33.354908 84.222397 0.000000
