#!ascii label, from subject  
35
58 -13.822034 95.124001 27.644068 0.000000
525 -29.664368 91.313438 28.014122 0.000000
1155 -17.112520 92.403603 34.235039 0.000000
1156 -25.063690 90.493324 34.425064 0.000000
1157 -21.813210 93.523766 27.924109 0.000000
1629 -10.441538 97.254311 20.883076 0.000000
1630 -18.302694 96.084145 20.893076 0.000000
2220 -26.253862 94.173866 21.083103 0.000000
3075 -15.482279 93.833809 30.964558 0.000000
3076 -19.482868 93.033691 31.104578 0.000000
3077 -17.832624 94.403893 27.804092 0.000000
3676 -12.671865 97.654373 17.482573 0.000000
4123 -11.881749 92.183571 36.945438 0.000000
4908 -27.394032 90.973389 31.244600 0.000000
4910 -31.314611 89.703209 31.244600 0.000000
4913 -20.503017 96.324181 17.462572 0.000000
4914 -22.303284 95.204018 21.003092 0.000000
4915 -24.483604 95.364037 17.562586 0.000000
6687 -18.722755 90.823364 37.455513 0.000000
6689 -21.113108 91.523468 34.355057 0.000000
6690 -23.463453 92.083557 31.194590 0.000000
6691 -25.763792 92.493614 27.994122 0.000000
7641 -12.141787 96.264168 24.283573 0.000000
7642 -16.072365 95.684090 24.293575 0.000000
7643 -14.382117 96.744247 20.903078 0.000000
7644 -16.602442 97.064293 17.482573 0.000000
7645 -18.782766 97.224312 14.042068 0.000000
8247 -15.322255 91.553474 37.225479 0.000000
8248 -13.692015 93.063698 33.975002 0.000000
8249 -12.041773 94.433899 30.674513 0.000000
8258 -10.311519 95.684090 27.214006 0.000000
8259 -8.621269 96.754242 23.833508 0.000000
9222 -20.082956 94.883972 24.433596 0.000000
9223 -24.053541 93.933823 24.523609 0.000000
9224 -27.984119 92.823662 24.573616 0.000000
