#!ascii label, from subject  
121
41 42.536259 -30.904547 -85.082527 0.000000
157 36.185326 -58.788658 -72.370651 0.000000
210 71.710556 -35.825272 -59.798801 0.000000
357 55.498169 -23.873514 -79.701729 0.000000
361 32.634804 -23.713491 -91.513474 0.000000
450 64.069435 -30.134436 -70.640404 0.000000
451 51.627598 -37.505520 -77.011337 0.000000
627 39.855865 -45.406685 -79.701729 0.000000
630 28.534199 -37.175472 -88.353012 0.000000
837 49.167236 -27.474043 -82.642174 0.000000
839 43.496399 -23.343437 -86.982803 0.000000
841 37.675549 -27.374029 -88.513031 0.000000
988 68.070015 -33.064865 -65.389633 0.000000
1402 44.256516 -48.627155 -75.361092 0.000000
1403 38.135616 -52.257690 -76.271233 0.000000
1410 27.023979 -44.406540 -85.442581 0.000000
1530 69.370209 -42.246216 -58.358593 0.000000
1793 61.489048 -20.122961 -76.271233 0.000000
2007 69.880287 -26.163849 -66.599800 0.000000
2008 65.749680 -23.253424 -71.690552 0.000000
2009 59.928825 -27.063984 -75.361092 0.000000
2010 53.697903 -30.774530 -78.561562 0.000000
2011 47.196945 -34.285046 -81.241959 0.000000
2516 45.856750 -41.566120 -78.561562 0.000000
2517 41.326084 -38.275635 -82.642174 0.000000
2524 32.694817 -48.527145 -81.111938 0.000000
2525 34.305050 -41.436100 -84.312416 0.000000
2526 35.645245 -34.145027 -86.982803 0.000000
2527 30.664515 -30.524494 -90.173279 0.000000
2528 25.473751 -26.743937 -92.943680 0.000000
2757 45.886753 -29.214302 -83.922356 0.000000
2758 46.366825 -25.433744 -84.892494 0.000000
2759 43.046337 -27.143997 -86.092674 0.000000
2760 40.615978 -25.373734 -87.802925 0.000000
2761 40.135910 -29.154291 -86.842789 0.000000
3322 40.305931 -53.837925 -74.030891 0.000000
3323 37.185474 -55.568176 -74.380951 0.000000
3947 58.538620 -22.013241 -78.051491 0.000000
3949 55.918228 -20.002945 -80.471848 0.000000
4400 66.109734 -31.614655 -68.060013 0.000000
4401 69.020164 -29.634361 -66.039719 0.000000
4402 67.029861 -28.164146 -68.680107 0.000000
4403 67.859985 -24.723639 -69.190186 0.000000
4404 64.949562 -26.703930 -71.210487 0.000000
4405 62.889256 -25.173708 -73.580833 0.000000
4406 62.039131 -28.614212 -73.050751 0.000000
4408 55.898228 -32.364765 -76.361237 0.000000
4409 52.697758 -34.165028 -77.841461 0.000000
4410 50.487434 -32.554794 -79.961769 0.000000
4411 49.437279 -35.925285 -79.171654 0.000000
5644 42.086197 -47.046925 -77.581421 0.000000
5645 45.096638 -45.136646 -77.021339 0.000000
5646 42.886311 -43.516403 -79.181656 0.000000
5647 43.616421 -39.945877 -80.651871 0.000000
5648 40.615978 -41.876167 -81.241959 0.000000
5665 31.804682 -51.927647 -79.341675 0.000000
5666 29.044275 -49.977360 -81.622017 0.000000
5667 27.794092 -40.826008 -86.972801 0.000000
5668 30.684517 -42.956326 -84.952499 0.000000
5669 31.444628 -39.335789 -86.412720 0.000000
5670 35.005154 -37.815567 -85.712616 0.000000
5671 32.114727 -35.695255 -87.732918 0.000000
5672 33.174881 -32.354767 -88.633049 0.000000
5673 29.614359 -33.874985 -89.323151 0.000000
5675 24.453598 -30.124435 -92.183571 0.000000
5676 21.833214 -28.194149 -93.443756 0.000000
6113 52.377708 -25.693783 -81.241959 0.000000
6114 52.797768 -21.863218 -82.082085 0.000000
6115 49.627304 -23.663483 -83.542305 0.000000
6116 46.786884 -21.603180 -85.712616 0.000000
6119 41.026039 -21.553171 -88.633049 0.000000
6120 38.125610 -23.573469 -89.413162 0.000000
6121 35.175179 -25.553761 -90.063263 0.000000
6383 68.880142 -37.815567 -61.869106 0.000000
6384 69.940292 -34.465073 -62.639217 0.000000
6387 63.099293 -33.514931 -69.980301 0.000000
6388 61.098995 -32.054718 -72.410652 0.000000
7130 46.386829 -50.157383 -73.050751 0.000000
7131 43.376385 -52.027660 -73.580833 0.000000
7132 41.226070 -50.477432 -75.861168 0.000000
7133 39.025745 -48.867191 -78.051491 0.000000
7148 25.983824 -35.345203 -89.883232 0.000000
7407 72.230637 -40.245922 -56.268284 0.000000
7408 70.590393 -39.055748 -59.118698 0.000000
8597 70.930450 -31.054571 -63.309322 0.000000
8598 71.820572 -27.594063 -63.899406 0.000000
8600 70.660400 -22.683340 -67.049873 0.000000
8601 68.600098 -21.233126 -69.610245 0.000000
8602 66.459778 -19.762909 -72.080612 0.000000
8603 63.659370 -21.703194 -74.030891 0.000000
8604 60.748943 -23.613476 -75.861168 0.000000
8605 57.748501 -25.483751 -77.581421 0.000000
8606 59.018684 -30.514492 -74.761002 0.000000
8607 56.858368 -28.944262 -77.021339 0.000000
8608 54.638042 -27.334024 -79.181656 0.000000
8609 51.467575 -29.144289 -80.651871 0.000000
8610 48.217098 -30.904547 -81.992073 0.000000
8611 44.896610 -32.614803 -83.212257 0.000000
10101 50.947502 -41.136055 -75.591125 0.000000
10102 47.256958 -46.696873 -74.761002 0.000000
10103 48.057076 -43.166355 -76.361237 0.000000
10104 48.777176 -39.565823 -77.841461 0.000000
10105 46.566856 -37.955589 -79.961769 0.000000
10106 44.286518 -36.305344 -81.992073 0.000000
10107 41.966175 -34.615097 -83.922356 0.000000
10125 33.554939 -57.068398 -74.971031 0.000000
10126 34.525082 -53.797916 -76.921326 0.000000
10127 35.445221 -50.437424 -78.761597 0.000000
10128 36.305344 -47.006920 -80.471848 0.000000
10129 29.884398 -46.506847 -83.352272 0.000000
10130 33.534935 -45.016628 -82.782188 0.000000
10131 37.115463 -43.456398 -82.082085 0.000000
10132 37.845570 -39.885868 -83.542305 0.000000
10133 38.515671 -36.245335 -84.892494 0.000000
10134 39.125759 -32.554794 -86.092674 0.000000
10135 36.685402 -30.784531 -87.802925 0.000000
10136 34.195034 -28.974264 -89.413162 0.000000
10137 31.674665 -27.133993 -90.903381 0.000000
10138 27.053984 -32.024715 -90.803368 0.000000
10139 28.084135 -28.654219 -91.613487 0.000000
10140 29.074280 -25.243717 -92.303589 0.000000
