#!ascii label, from subject  
160
12 -42.536259 30.904547 85.082527 0.000000
46 -44.726585 0.000000 89.453171 0.000000
92 -59.728790 43.396389 67.469933 0.000000
100 -67.089867 16.252392 72.370651 0.000000
223 -44.176506 15.642302 88.353012 0.000000
224 -56.658340 8.231212 82.002068 0.000000
225 -55.498169 23.873514 79.701729 0.000000
226 -64.069435 30.134436 70.640404 0.000000
362 -32.634804 23.713491 91.513474 0.000000
692 -47.196945 34.285046 81.241959 0.000000
703 -43.496399 23.343437 86.982803 0.000000
704 -50.007362 19.822918 84.312416 0.000000
705 -49.167236 27.474043 82.642174 0.000000
706 -53.697903 30.774530 78.561562 0.000000
856 -33.304901 15.962350 92.943680 0.000000
992 -63.359325 46.036774 62.209156 0.000000
1026 -62.079140 12.281808 77.441399 0.000000
1027 -62.539204 4.130608 77.941475 0.000000
1028 -67.769981 8.151200 73.100754 0.000000
1029 -72.740700 4.130608 68.520088 0.000000
1030 -72.280640 12.271806 68.020012 0.000000
1032 -71.350510 19.182823 67.409927 0.000000
1033 -62.059139 36.855423 69.230194 0.000000
1034 -68.070015 33.064865 65.389633 0.000000
1035 -65.939705 39.745850 63.839397 0.000000
1551 -44.586567 7.851156 89.183136 0.000000
1552 -50.867489 4.130608 86.012665 0.000000
1553 -50.577446 11.981764 85.442581 0.000000
1554 -56.258282 16.102371 81.111938 0.000000
1555 -61.489048 20.122961 76.271233 0.000000
1556 -65.749680 23.253424 71.690552 0.000000
1557 -59.928825 27.063984 75.361092 0.000000
1558 -58.028542 33.924992 74.060898 0.000000
1802 -37.675549 27.374029 88.513031 0.000000
1820 -39.345791 4.070600 91.863518 0.000000
1821 -39.065750 11.911754 91.293434 0.000000
1822 -38.505669 19.732904 90.173279 0.000000
2064 -69.880287 26.163849 66.599800 0.000000
2065 -73.670837 28.994268 61.118996 0.000000
2612 -44.896610 32.614803 83.212257 0.000000
2623 -43.046337 27.143997 86.092674 0.000000
2624 -46.366825 25.433744 84.892494 0.000000
2625 -45.886753 29.214302 83.922356 0.000000
2626 -48.217098 30.904547 81.992073 0.000000
2912 -61.579063 44.736584 64.879555 0.000000
2945 -47.837044 -2.070305 87.812927 0.000000
2946 -64.639519 14.272101 74.971031 0.000000
2947 -64.979568 10.221505 75.341095 0.000000
2948 -67.489929 12.211798 72.800720 0.000000
2949 -70.080315 10.221505 70.620399 0.000000
2950 -69.740273 14.272101 70.250343 0.000000
2951 -71.860573 15.742317 67.759972 0.000000
2952 -69.260193 17.722610 69.940292 0.000000
2953 -60.928967 40.155910 68.400070 0.000000
2954 -64.039429 38.325642 66.579803 0.000000
2955 -62.879257 41.606129 65.709671 0.000000
2956 -64.689522 42.916317 63.059284 0.000000
3543 -44.416538 11.751730 88.833076 0.000000
3544 -47.627014 9.921460 87.382866 0.000000
3545 -47.416981 13.822034 86.972801 0.000000
3546 -52.797768 21.863218 82.082085 0.000000
3547 -53.177830 17.982647 82.782188 0.000000
3548 -55.918228 20.002945 80.471848 0.000000
3549 -58.918674 18.122667 78.761597 0.000000
3550 -58.538620 22.013241 78.051491 0.000000
3551 -60.748943 23.613476 75.861168 0.000000
3552 -57.748501 25.483751 77.581421 0.000000
3553 -52.697758 34.165028 77.841461 0.000000
3554 -55.898228 32.364765 76.361237 0.000000
3555 -54.868076 35.745262 75.591125 0.000000
3556 -56.958389 37.265484 73.280785 0.000000
3962 -35.175179 25.553761 90.063263 0.000000
3963 -34.195034 28.974264 89.413162 0.000000
3964 -31.674665 27.133993 90.903381 0.000000
4000 -36.575382 6.090896 92.883667 0.000000
4001 -39.235775 7.991176 91.653488 0.000000
4002 -36.435364 10.021475 92.603630 0.000000
4003 -32.994854 19.852922 92.303589 0.000000
4004 -35.925285 17.862631 91.613487 0.000000
4005 -35.595242 21.733198 90.903381 0.000000
4006 -38.125610 23.573469 89.413162 0.000000
4511 -53.807919 6.190911 84.082375 0.000000
4512 -53.907932 2.070305 84.222397 0.000000
4513 -56.808365 4.120606 82.212105 0.000000
4514 -65.319611 2.070305 75.711151 0.000000
4533 -64.949562 26.703930 71.210487 0.000000
4534 -67.859985 24.723639 69.190186 0.000000
4535 -67.029861 28.164146 68.680107 0.000000
4537 -70.930450 31.054571 63.309322 0.000000
5871 -43.866459 19.512873 87.732918 0.000000
5872 -47.136940 17.752613 86.412720 0.000000
5873 -46.786884 21.603180 85.712616 0.000000
5874 -49.627304 23.663483 83.542305 0.000000
5875 -52.377708 25.693783 81.241959 0.000000
5876 -54.638042 27.334024 79.181656 0.000000
5877 -51.467575 29.144289 80.651871 0.000000
5878 -50.487434 32.554794 79.961769 0.000000
6122 -30.054424 21.833214 92.853668 0.000000
6123 -29.074280 25.243717 92.303589 0.000000
6146 -33.564938 12.051774 93.443756 0.000000
6148 -30.394474 17.962643 93.573769 0.000000
6392 -65.059578 47.266960 59.458752 0.000000
6452 -59.418747 10.261511 79.791748 0.000000
6453 -59.648785 6.190911 80.041779 0.000000
6454 -62.369183 8.211208 77.761444 0.000000
6455 -65.209602 6.150906 75.581123 0.000000
6456 -67.940002 4.080601 73.280785 0.000000
6457 -70.420372 2.060303 70.990456 0.000000
6458 -70.310356 6.140904 70.860435 0.000000
6459 -72.570679 8.211208 68.330055 0.000000
6460 -74.721001 10.261511 65.689667 0.000000
6462 -74.350945 13.722019 65.469635 0.000000
6463 -73.890877 17.182529 65.179596 0.000000
6464 -73.340790 20.613035 64.799538 0.000000
6465 -63.099293 33.514931 69.980301 0.000000
6466 -66.109734 31.614655 68.060013 0.000000
6467 -65.119583 34.985149 67.369919 0.000000
6468 -67.049873 36.425362 64.659523 0.000000
7455 -44.696583 3.930578 89.383163 0.000000
7456 -47.837044 2.070305 87.812927 0.000000
7457 -47.767033 5.990882 87.662903 0.000000
7458 -50.757473 8.061187 85.802628 0.000000
7459 -53.667900 10.111488 83.792336 0.000000
7460 -50.337410 15.912342 84.952499 0.000000
7461 -53.467873 14.052068 83.352272 0.000000
7462 -56.508320 12.181792 81.622017 0.000000
7463 -59.218719 14.202091 79.341675 0.000000
7464 -61.829102 16.212387 76.921326 0.000000
7465 -64.339470 18.202679 74.380951 0.000000
7466 -66.459778 19.762909 72.080612 0.000000
7467 -63.659370 21.703194 74.030891 0.000000
7468 -62.889256 25.173708 73.580833 0.000000
7469 -62.039131 28.614212 73.050751 0.000000
7470 -56.858368 28.944262 77.021339 0.000000
7471 -59.018684 30.514492 74.761002 0.000000
7472 -61.098995 32.054718 72.410652 0.000000
7473 -60.078846 35.415215 71.690552 0.000000
7474 -58.978680 38.735706 70.880440 0.000000
8042 -40.135910 29.154291 86.842789 0.000000
8044 -36.685402 30.784531 87.802925 0.000000
8047 -28.084135 28.654219 91.613487 0.000000
8081 -42.066193 -2.040300 90.713348 0.000000
8089 -39.375793 0.000000 91.933533 0.000000
8090 -42.066193 2.040300 90.713348 0.000000
8091 -41.996185 5.960877 90.573334 0.000000
8092 -41.856163 9.881454 90.293289 0.000000
8093 -41.646130 13.782028 89.883232 0.000000
8094 -36.205326 13.942053 92.183571 0.000000
8095 -38.815716 15.832331 90.803368 0.000000
8096 -41.366089 17.702606 89.323151 0.000000
8097 -41.026039 21.553171 88.633049 0.000000
8098 -40.615978 25.373734 87.802925 0.000000
8733 -50.907494 0.000000 86.092674 0.000000
8736 -59.748798 2.070305 80.181801 0.000000
8760 -68.600098 21.233126 69.610245 0.000000
8761 -70.660400 22.683340 67.049873 0.000000
8762 -72.620689 24.103548 64.409485 0.000000
8763 -69.020164 29.634361 66.039719 0.000000
8764 -71.820572 27.594063 63.899406 0.000000
8765 -74.500961 25.523758 61.649075 0.000000
