#!ascii label, from subject  
122
80 -50.147381 70.210342 -50.577446 0.000000
201 -36.955441 71.140480 -59.798801 0.000000
275 -56.588333 78.361534 -25.713783 0.000000
432 -60.058842 60.688934 -52.077667 0.000000
538 -68.810135 60.158852 -40.615978 0.000000
539 -59.228718 70.240341 -39.515816 0.000000
960 -55.238129 65.609657 -51.447575 0.000000
961 -54.167973 61.559055 -57.278435 0.000000
962 -49.157234 66.289757 -56.488319 0.000000
963 -29.984415 70.910439 -63.839397 0.000000
964 -35.635246 66.759827 -65.389633 0.000000
1183 -73.470818 58.478607 -34.425064 0.000000
1185 -64.169449 65.359619 -40.165913 0.000000
1186 -63.319317 69.710266 -33.664955 0.000000
1512 -44.816597 74.480965 -49.467281 0.000000
1513 -43.696430 70.910439 -55.368153 0.000000
1645 -69.580238 70.460373 -14.042068 0.000000
1646 -65.609657 72.540680 -20.883076 0.000000
1647 -61.999123 73.780861 -26.743937 0.000000
1648 -60.298878 77.271378 -19.902929 0.000000
1649 -54.648045 81.632019 -18.782766 0.000000
1968 -64.599510 55.478168 -52.457722 0.000000
1973 -42.556263 66.759827 -61.118996 0.000000
2253 -73.890877 53.687908 -40.745998 0.000000
2254 -69.030159 55.258133 -46.736877 0.000000
2255 -64.599510 60.578918 -46.466839 0.000000
2256 -59.828812 65.669670 -45.936764 0.000000
2257 -54.828072 70.410370 -45.166649 0.000000
2258 -58.098553 74.540970 -32.724819 0.000000
2259 -53.837925 74.951035 -38.555679 0.000000
2260 -49.317257 74.991043 -44.136497 0.000000
2880 -52.717762 67.950005 -51.047516 0.000000
2881 -52.237690 65.999710 -54.017948 0.000000
2882 -49.687313 68.300056 -53.567886 0.000000
2883 -26.423889 70.620399 -65.709671 0.000000
2884 -29.284311 68.650108 -66.579803 0.000000
2885 -25.693783 68.300056 -68.400070 0.000000
3481 -41.546116 74.781006 -51.817631 0.000000
3701 -68.570091 72.040604 -10.541552 0.000000
3702 -66.699814 73.190773 -14.032066 0.000000
3703 -67.649956 71.560539 -17.482573 0.000000
3704 -64.719528 74.230927 -17.452570 0.000000
3705 -62.999271 74.951035 -20.403004 0.000000
3706 -62.049133 76.581276 -16.952494 0.000000
4320 -62.369183 58.118557 -52.297695 0.000000
4321 -61.809093 56.018250 -55.178120 0.000000
4322 -59.528763 58.618626 -54.988094 0.000000
4323 -51.087521 61.839104 -59.738792 0.000000
4328 -40.355938 71.080460 -57.628487 0.000000
4329 -43.156349 68.880142 -58.278580 0.000000
4330 -39.785854 68.990158 -60.498909 0.000000
4990 -71.200485 59.368736 -37.545528 0.000000
4991 -73.740852 56.128265 -37.615540 0.000000
4992 -71.410515 56.968384 -40.715992 0.000000
4993 -71.520531 54.508022 -43.776443 0.000000
4994 -68.970154 57.748501 -43.706436 0.000000
4995 -66.859840 57.948528 -46.626862 0.000000
4996 -66.749825 60.408890 -43.566414 0.000000
4997 -61.739082 67.839989 -39.865868 0.000000
4998 -62.039131 65.559654 -43.076340 0.000000
4999 -59.578773 68.010010 -42.766293 0.000000
5000 -57.358440 68.080025 -45.576710 0.000000
5001 -57.058403 70.370361 -42.366238 0.000000
5002 -59.328735 76.121208 -26.243862 0.000000
5003 -60.088844 74.210922 -29.754381 0.000000
5004 -57.388451 76.511261 -29.234303 0.000000
5006 -53.217838 77.051346 -35.125172 0.000000
5007 -51.027515 77.161362 -38.005596 0.000000
5008 -51.607594 75.021042 -41.376095 0.000000
6336 -57.678490 63.189301 -51.797626 0.000000
6337 -57.158417 61.169003 -54.718052 0.000000
6338 -54.738056 63.619366 -54.398006 0.000000
6339 -51.697609 63.959415 -56.918381 0.000000
6340 -48.577148 64.209457 -59.338734 0.000000
6341 -33.494930 71.080460 -61.869106 0.000000
6342 -36.315342 68.990158 -62.639217 0.000000
6343 -32.824833 68.880142 -64.659523 0.000000
6344 -32.114727 66.579803 -67.369919 0.000000
6737 -75.631134 57.498463 -31.244600 0.000000
6738 -73.100754 60.708939 -31.194590 0.000000
6739 -70.870430 61.639072 -34.355057 0.000000
6740 -68.540085 62.479198 -37.455513 0.000000
6741 -66.529793 62.799244 -40.415951 0.000000
6742 -66.209740 65.069580 -37.225479 0.000000
6743 -63.799393 67.589951 -36.945438 0.000000
6744 -61.309025 70.020309 -36.615391 0.000000
6746 -54.588032 78.741585 -28.694225 0.000000
7368 -47.506992 72.390656 -50.047367 0.000000
7369 -46.956913 70.620399 -53.017803 0.000000
7370 -44.276520 72.740700 -52.447720 0.000000
7371 -40.976032 72.970741 -54.758060 0.000000
7677 -70.330353 70.770416 -7.031035 0.000000
7684 -63.839397 73.210777 -23.833508 0.000000
7685 -61.199009 75.581123 -23.343437 0.000000
7686 -58.478607 77.861458 -22.823359 0.000000
7688 -57.508465 79.501701 -19.352850 0.000000
7689 -55.658195 80.061783 -22.263277 0.000000
8501 -56.578327 59.038692 -57.578476 0.000000
8507 -46.456841 68.650108 -55.968239 0.000000
8508 -45.896755 66.579803 -58.848663 0.000000
8509 -45.266666 64.439484 -61.649075 0.000000
8510 -39.125759 66.819832 -63.309322 0.000000
9317 -75.961189 55.188126 -34.455074 0.000000
9323 -66.859840 55.408157 -49.627304 0.000000
9324 -64.649513 58.078548 -49.497284 0.000000
9325 -62.369183 60.678932 -49.307259 0.000000
9326 -64.439484 63.019279 -43.346382 0.000000
9327 -62.259163 63.169304 -46.226803 0.000000
9328 -59.988831 63.229309 -49.047218 0.000000
9329 -57.568474 65.679665 -48.727169 0.000000
9330 -55.078106 68.060013 -48.347118 0.000000
9331 -52.517731 70.360359 -47.907055 0.000000
9332 -62.709229 71.810577 -30.234451 0.000000
9333 -60.748943 72.180626 -33.214890 0.000000
9334 -58.708641 72.450661 -36.145321 0.000000
9335 -55.338146 76.831306 -32.204742 0.000000
9336 -55.998241 74.801010 -35.665249 0.000000
9337 -56.568325 72.640694 -39.065750 0.000000
9338 -54.378002 72.740700 -41.896168 0.000000
9339 -52.107674 72.750710 -44.676579 0.000000
9340 -49.767323 72.660690 -47.396976 0.000000
9341 -47.096931 74.781006 -46.826893 0.000000
