#!ascii label, from subject  
128
18 -26.293869 -80.911911 52.577736 0.000000
67 -51.287548 -69.390213 50.577446 0.000000
134 -13.822034 -95.124001 27.644068 0.000000
187 -62.419193 -61.569061 48.117085 0.000000
294 -20.302988 -89.113113 40.615978 0.000000
409 -39.165764 -75.881172 52.077667 0.000000
463 -66.689819 -48.447128 56.638336 0.000000
464 -77.851463 -40.345940 48.117085 0.000000
774 -23.373442 -85.272545 46.736877 0.000000
922 -45.326672 -72.810715 51.447575 0.000000
1058 -61.609066 -52.917789 58.358593 0.000000
1192 -80.031776 -33.914993 49.467281 0.000000
1240 -10.251509 -93.613777 33.664955 0.000000
1489 -56.988392 -65.639656 49.467281 0.000000
1681 -13.501988 -90.593338 40.165913 0.000000
1682 -17.112520 -92.403603 34.235039 0.000000
1915 -32.804829 -78.581566 52.457722 0.000000
1916 -31.214594 -82.722176 46.736877 0.000000
1917 -37.655544 -80.161804 46.466839 0.000000
2041 -69.700264 -50.637451 50.807484 0.000000
2042 -75.291084 -46.576855 46.536850 0.000000
2043 -72.510674 -44.546558 52.547733 0.000000
2044 -74.961029 -38.175621 54.087959 0.000000
2089 -35.485222 -73.490814 57.818512 0.000000
2090 -41.806156 -70.530388 57.278435 0.000000
2091 -47.857048 -67.239891 56.488319 0.000000
2094 -53.937943 -63.469341 55.368153 0.000000
2095 -59.478752 -59.498760 54.087959 0.000000
2096 -64.769539 -55.198128 52.547733 0.000000
2327 -28.224155 -86.862785 40.745998 0.000000
2328 -25.063690 -90.493324 34.425064 0.000000
2329 -21.813210 -93.523766 27.924109 0.000000
2332 -18.302694 -96.084145 20.893076 0.000000
2694 -24.853659 -83.162247 49.697315 0.000000
2842 -48.337116 -71.140480 51.047516 0.000000
3113 -82.052078 -32.824833 46.826893 0.000000
3160 -12.041773 -94.433899 30.674513 0.000000
3442 -59.738792 -63.639370 48.817184 0.000000
3760 -18.492722 -88.102974 43.566414 0.000000
3762 -16.912489 -89.913239 40.415951 0.000000
3763 -15.322255 -91.553474 37.225479 0.000000
3764 -18.722755 -90.823364 37.455513 0.000000
4207 -36.005299 -77.271378 52.297695 0.000000
4208 -35.255188 -79.431694 49.497284 0.000000
4209 -38.435658 -78.071487 49.307259 0.000000
4480 -68.230042 -49.577297 53.757915 0.000000
4481 -71.140480 -47.617008 51.707611 0.000000
4482 -69.650253 -46.536850 54.638042 0.000000
4484 -72.230637 -40.245922 56.268284 0.000000
4593 -32.284756 -74.811012 57.988537 0.000000
4594 -33.574944 -72.150620 60.578918 0.000000
4596 -39.925877 -69.260193 60.098846 0.000000
4597 -43.026333 -67.699966 59.738792 0.000000
4598 -44.856606 -68.930145 56.918381 0.000000
4599 -46.046776 -66.039719 59.338734 0.000000
4606 -52.167679 -62.329174 58.278580 0.000000
4607 -55.128113 -60.348885 57.628487 0.000000
4608 -56.738354 -61.519058 54.758060 0.000000
4609 -57.888523 -58.348591 56.978390 0.000000
4610 -64.189445 -50.717464 57.538467 0.000000
4611 -63.229309 -54.087959 55.488163 0.000000
4612 -65.779678 -51.867634 54.638042 0.000000
4613 -67.269897 -52.947792 51.707611 0.000000
5017 -76.611275 -43.486401 47.346970 0.000000
5019 -78.701576 -42.476250 44.766590 0.000000
5175 -33.614948 -83.442284 43.706436 0.000000
5176 -29.744379 -84.862488 43.776443 0.000000
5177 -32.114727 -85.522583 40.715992 0.000000
5181 -23.463453 -92.083557 31.194590 0.000000
5188 -24.483604 -95.364037 17.562586 0.000000
5189 -22.303284 -95.204018 21.003092 0.000000
6002 -21.853218 -87.262848 43.706436 0.000000
6268 -42.266220 -74.390945 51.797626 0.000000
6269 -41.596123 -76.591278 49.047218 0.000000
6270 -44.676579 -75.051048 48.727169 0.000000
6434 -68.070015 -45.376678 57.538467 0.000000
6510 -58.958679 -55.058105 59.118698 0.000000
6754 -78.991623 -37.155468 48.817184 0.000000
6755 -79.921761 -39.285782 45.516697 0.000000
6756 -81.031921 -36.075310 46.196800 0.000000
7315 -54.167973 -67.549942 50.047367 0.000000
7764 -11.881749 -92.183571 36.945438 0.000000
7765 -13.692015 -93.063698 33.975002 0.000000
7766 -15.482279 -93.833809 30.964558 0.000000
8353 -29.564352 -79.791748 52.547733 0.000000
8354 -28.774237 -81.882057 49.697315 0.000000
8355 -32.034718 -80.711876 49.627304 0.000000
8356 -34.455074 -81.491997 46.626862 0.000000
8357 -36.825420 -82.152092 43.566414 0.000000
8358 -40.836014 -78.731590 46.226803 0.000000
8695 -71.080460 -51.637604 47.797035 0.000000
8697 -72.550674 -48.647160 48.707169 0.000000
8698 -73.940887 -45.586708 49.567295 0.000000
8699 -75.241081 -42.476250 50.377419 0.000000
8700 -70.980446 -43.416389 55.488163 0.000000
8701 -73.780861 -41.386093 53.347855 0.000000
8702 -76.451256 -39.285782 51.137527 0.000000
8703 -77.561417 -36.075310 51.817631 0.000000
8833 -30.944553 -77.371391 55.308136 0.000000
8834 -34.175030 -76.091202 55.178120 0.000000
8835 -37.345497 -74.731003 54.988094 0.000000
8836 -36.775414 -70.750420 60.378887 0.000000
8837 -38.665691 -72.060608 57.578476 0.000000
8838 -40.515961 -73.260780 54.718052 0.000000
8839 -43.596416 -71.720558 54.398006 0.000000
8840 -46.626862 -70.080315 54.017948 0.000000
8841 -49.597301 -68.360062 53.567886 0.000000
8848 -49.137230 -64.219452 58.848663 0.000000
8849 -50.927494 -65.399628 55.968239 0.000000
8850 -52.647755 -66.479782 53.017803 0.000000
8851 -55.498169 -64.589508 52.447720 0.000000
8852 -58.278580 -62.619217 51.817631 0.000000
8853 -60.988976 -60.568916 51.137527 0.000000
8854 -60.588917 -56.258282 56.268284 0.000000
8855 -62.159153 -57.378448 53.347855 0.000000
8856 -63.649368 -58.428604 50.377419 0.000000
8857 -66.199738 -56.238281 49.567295 0.000000
8858 -68.680107 -53.967949 48.707169 0.000000
9539 -27.314020 -84.072372 46.776886 0.000000
9540 -25.813799 -86.142677 43.776443 0.000000
9541 -24.283573 -88.062965 40.715992 0.000000
9543 -26.663927 -88.753059 37.615540 0.000000
9544 -22.703342 -89.873230 37.545528 0.000000
9545 -21.113108 -91.523468 34.355057 0.000000
9546 -19.482868 -93.033691 31.104578 0.000000
9547 -17.832624 -94.403893 27.804092 0.000000
9555 -20.082956 -94.883972 24.433596 0.000000
9556 -16.072365 -95.684090 24.293575 0.000000
