#!ascii label, from subject  
81
159 22.113256 -16.062366 -96.204163 0.000000
360 33.764969 -8.111195 -93.793808 0.000000
633 11.161643 -8.111195 -99.054581 0.000000
641 22.403299 0.000000 -97.474350 0.000000
1346 12.571850 25.523758 -95.884117 0.000000
1437 28.014122 -12.121784 -95.244026 0.000000
1438 28.154146 -4.070600 -95.884117 0.000000
1439 22.333288 -8.061187 -97.154297 0.000000
1440 16.822475 -4.060598 -98.504501 0.000000
1441 16.672455 -12.111782 -97.864403 0.000000
1796 50.577446 -11.981764 -85.442581 0.000000
1797 44.586567 -7.851156 -89.183136 0.000000
1798 39.345791 -4.070600 -91.863518 0.000000
1799 39.065750 -11.911754 -91.293434 0.000000
2532 14.562144 -18.742758 -97.154297 0.000000
2533 9.061334 -14.742170 -98.504501 0.000000
2534 3.460510 -10.651567 -99.384636 0.000000
2557 33.874985 0.000000 -94.103859 0.000000
2558 28.154146 4.070600 -95.884117 0.000000
2559 22.333288 8.061187 -97.154297 0.000000
2560 16.822475 4.060598 -98.504501 0.000000
2561 11.201650 0.000000 -99.384636 0.000000
3267 18.352701 17.422565 -96.764244 0.000000
3269 19.402857 14.102077 -97.094292 0.000000
3357 25.073690 -14.102077 -95.784103 0.000000
3358 25.183708 -10.091486 -96.264168 0.000000
3359 22.233273 -12.071776 -96.764244 0.000000
3360 19.512873 -10.091486 -97.574364 0.000000
3361 19.402857 -14.102077 -97.094292 0.000000
3953 47.627014 -9.921460 -87.382866 0.000000
3954 44.416538 -11.751730 -88.833076 0.000000
3955 41.856163 -9.881454 -90.293289 0.000000
5687 11.821740 -16.752466 -97.894409 0.000000
5688 8.001178 -18.032654 -98.054436 0.000000
5690 2.400353 -13.962054 -99.004570 0.000000
5747 36.575382 -6.090896 -92.883667 0.000000
5748 36.635391 -2.040300 -93.043694 0.000000
5749 33.844982 -4.060598 -94.023842 0.000000
5750 25.293724 -2.040300 -96.744247 0.000000
5751 28.184149 0.000000 -95.964134 0.000000
5752 25.293724 2.040300 -96.744247 0.000000
5753 25.263721 6.070893 -96.584213 0.000000
5754 22.383295 4.030593 -97.394333 0.000000
5755 19.582882 6.060892 -97.894409 0.000000
5756 19.622887 2.030299 -98.054436 0.000000
5757 14.002061 -6.090896 -98.844551 0.000000
5758 14.022064 -2.030299 -99.004570 0.000000
5759 11.191648 -4.060598 -99.304619 0.000000
5760 8.401237 -2.030299 -99.644669 0.000000
5761 8.381234 -6.090896 -99.474640 0.000000
7193 30.904547 -10.121490 -94.573921 0.000000
7194 30.984560 -6.090896 -94.903969 0.000000
7195 28.104136 -8.101192 -95.644081 0.000000
7196 25.263721 -6.070893 -96.584213 0.000000
7197 22.383295 -4.030593 -97.394333 0.000000
7198 19.622887 -2.030299 -98.054436 0.000000
7199 19.582882 -6.060892 -97.894409 0.000000
7200 16.762468 -8.101192 -98.264465 0.000000
7201 13.932051 -10.121490 -98.524498 0.000000
8033 41.996185 -5.960877 -90.573334 0.000000
8034 39.235775 -7.991176 -91.653488 0.000000
8035 36.435364 -10.021475 -92.603630 0.000000
8037 36.205326 -13.942053 -92.183571 0.000000
8038 33.564938 -12.051774 -93.443756 0.000000
8039 30.674513 -14.052068 -94.153862 0.000000
8040 27.744081 -16.042362 -94.743950 0.000000
10152 18.352701 -17.422565 -96.764244 0.000000
10153 15.632300 -15.442274 -97.574364 0.000000
10154 12.881896 -13.441978 -98.264465 0.000000
10155 10.121490 -11.431683 -98.844551 0.000000
10156 5.200766 -16.012358 -98.584511 0.000000
10157 6.270924 -12.701871 -99.004570 0.000000
10158 7.321078 -9.391383 -99.304619 0.000000
10228 31.034567 -2.040300 -95.053993 0.000000
10229 31.034567 2.040300 -95.053993 0.000000
10233 22.233273 12.071776 -96.764244 0.000000
10234 19.512873 10.091486 -97.574364 0.000000
10235 16.762468 8.101192 -98.264465 0.000000
10236 14.002061 6.090896 -98.844551 0.000000
10237 16.832478 0.000000 -98.584511 0.000000
10238 14.022064 2.030299 -99.004570 0.000000
