#!ascii label, from subject  
39
86 -0.700103 -86.282700 -50.577446 0.000000
442 12.921903 -84.402420 -52.077667 0.000000
976 6.120901 -85.542587 -51.447575 0.000000
977 7.641125 -81.632019 -57.278435 0.000000
1990 19.652893 -82.852203 -52.457722 0.000000
1991 21.203119 -78.601570 -58.098553 0.000000
1992 14.492133 -80.311821 -57.818512 0.000000
2365 16.652451 -86.982803 -46.466839 0.000000
2518 23.883516 -73.510818 -63.469341 0.000000
2896 2.710399 -85.962654 -51.047516 0.000000
2897 3.470511 -84.102386 -54.017948 0.000000
4366 16.292398 -83.682327 -52.297695 0.000000
4367 17.082514 -81.652016 -55.178120 0.000000
4368 13.712018 -82.412132 -54.988094 0.000000
5265 20.022947 -86.182686 -46.626862 0.000000
5649 18.602739 -77.261375 -60.718937 0.000000
5650 22.563322 -76.111198 -60.828953 0.000000
6364 9.521402 -85.022507 -51.797626 0.000000
6365 10.281513 -83.082230 -54.718052 0.000000
6366 6.881013 -83.642319 -54.398006 0.000000
8554 22.983383 -81.932060 -52.547733 0.000000
8555 23.763498 -79.821747 -55.378147 0.000000
8556 20.443010 -80.781891 -55.308136 0.000000
8557 17.852629 -79.501701 -57.988537 0.000000
8558 15.242244 -78.111496 -60.578918 0.000000
8559 11.071630 -81.021927 -57.578476 0.000000
8560 11.841743 -78.851601 -60.378887 0.000000
9649 21.523169 -84.122383 -49.627304 0.000000
9650 18.162674 -84.982513 -49.497284 0.000000
9651 14.792177 -85.752625 -49.307259 0.000000
9653 13.241950 -87.692909 -46.226803 0.000000
9654 11.371674 -86.412720 -49.047218 0.000000
9655 7.971174 -86.972801 -48.727169 0.000000
9656 4.550670 -87.432869 -48.347118 0.000000
9657 1.130166 -87.792923 -47.907055 0.000000
10108 25.143700 -77.391396 -58.148560 0.000000
10109 26.483900 -74.841019 -60.828953 0.000000
10110 27.784088 -72.180626 -63.419338 0.000000
10113 29.034275 -69.370209 -65.939705 0.000000
