#!ascii label, from subject  
121
35 95.124001 -30.904547 0.000000 0.000000
76 95.944122 -16.062366 23.253424 0.000000
195 97.204308 0.000000 23.553467 0.000000
317 98.784538 -15.642302 0.000000 0.000000
321 91.973541 -37.505520 -11.731727 0.000000
425 98.994568 -8.111195 11.741728 0.000000
426 96.454201 -23.713491 11.731727 0.000000
581 91.783508 -37.175472 13.992060 0.000000
797 97.254311 -23.343437 0.000000 0.000000
798 97.774384 -19.822918 -7.021034 0.000000
799 95.914124 -27.474043 -7.021034 0.000000
800 94.283882 -30.774530 -12.901898 0.000000
801 93.763802 -34.285046 -5.880866 0.000000
947 96.884262 -8.061187 23.473455 0.000000
948 98.354477 -4.070600 17.692604 0.000000
949 97.714378 -12.121784 17.542583 0.000000
950 98.024422 -15.962350 11.781734 0.000000
951 96.424194 -19.932934 17.532581 0.000000
1505 95.634079 -4.060598 29.004269 0.000000
1506 94.993988 -12.111782 28.854248 0.000000
1954 99.124596 -11.911754 5.890867 0.000000
1955 97.874405 -19.732904 5.880866 0.000000
1956 96.014130 -27.374029 5.880866 0.000000
2378 94.213867 -22.893370 24.543612 0.000000
2379 94.523918 -26.743937 18.782766 0.000000
2380 94.363892 -30.524494 12.901898 0.000000
2381 93.743805 -34.145027 7.021034 0.000000
2389 90.753357 -41.436100 7.021034 0.000000
2390 92.403603 -38.275635 0.000000 0.000000
2391 90.773361 -41.566120 -5.880866 0.000000
2392 88.693054 -44.706581 -11.781734 0.000000
2717 96.264168 -27.143997 0.000000 0.000000
2718 96.664230 -25.433744 -3.510517 0.000000
2719 95.584068 -29.214302 -3.510517 0.000000
2720 94.903969 -30.904547 -6.450949 0.000000
2721 94.503906 -32.614803 -2.940433 0.000000
2867 96.494209 -12.071776 23.383442 0.000000
2868 97.364334 -10.091486 20.523022 0.000000
2869 96.894257 -14.102077 20.413004 0.000000
2870 97.144295 -16.042362 17.552586 0.000000
2871 96.244171 -18.012651 20.403004 0.000000
3469 94.663933 -6.090896 31.684664 0.000000
3470 95.394051 -8.101192 28.954264 0.000000
3832 99.324615 -11.751730 0.000000 0.000000
3834 98.994568 -13.822034 -3.520518 0.000000
3842 93.183716 -34.165028 -12.321814 0.000000
3844 92.153564 -35.745262 -15.272248 0.000000
3846 90.903381 -39.055748 -14.642156 0.000000
4285 98.734535 -6.090896 14.732169 0.000000
4286 98.904556 -2.040300 14.752171 0.000000
4290 99.524651 -7.991176 5.890867 0.000000
4291 99.124596 -10.021475 8.821300 0.000000
4292 97.314323 -19.852922 11.761731 0.000000
4293 98.014427 -17.862631 8.831300 0.000000
4294 97.224312 -21.733198 8.811297 0.000000
4295 97.014282 -23.573469 5.890867 0.000000
4296 96.294174 -25.553761 8.811297 0.000000
5303 94.423904 -24.833656 21.673191 0.000000
5305 92.013542 -35.345203 16.952494 0.000000
5306 93.313736 -32.024715 16.412416 0.000000
5307 93.133713 -33.874985 13.451980 0.000000
5308 94.113853 -32.354767 9.961467 0.000000
5309 92.833664 -35.695255 10.511547 0.000000
5331 91.653488 -39.885868 3.510517 0.000000
5332 90.823364 -41.876167 0.000000 0.000000
5333 91.643486 -39.945877 -2.940433 0.000000
5334 90.003258 -43.516403 -2.940433 0.000000
6043 98.094437 -19.512873 0.000000 0.000000
6044 98.364479 -17.752613 -3.510517 0.000000
6045 97.594360 -21.603180 -3.510517 0.000000
6046 96.924271 -23.663483 -7.021034 0.000000
6047 96.084145 -25.693783 -10.511547 0.000000
6048 95.264023 -27.334024 -13.451980 0.000000
6049 95.154007 -29.144289 -9.961467 0.000000
6050 94.103859 -32.554794 -9.401383 0.000000
6051 92.923676 -35.925285 -8.811297 0.000000
6313 97.124298 -4.030593 23.533464 0.000000
6314 97.844398 -2.040300 20.643040 0.000000
6315 97.684380 -6.070893 20.603033 0.000000
6316 98.114441 -8.101192 17.632597 0.000000
6317 98.414490 -10.121490 14.652158 0.000000
6318 98.584511 -12.051774 11.771733 0.000000
6319 97.934418 -14.052068 14.672159 0.000000
6320 97.294319 -17.962643 14.662157 0.000000
6321 96.494209 -21.833214 14.642156 0.000000
6929 90.593338 -38.615685 17.452570 0.000000
7353 96.474197 -2.030299 26.293869 0.000000
7354 96.314178 -6.060892 26.253862 0.000000
7355 95.994133 -10.091486 26.183853 0.000000
7356 95.524063 -14.102077 26.063837 0.000000
8459 99.484642 -9.881454 2.940433 0.000000
8460 99.014572 -13.782028 2.940433 0.000000
8461 98.644516 -13.942053 8.841302 0.000000
8462 98.574509 -15.832331 5.890867 0.000000
8463 98.394478 -17.702606 2.940433 0.000000
8464 97.624374 -21.553171 2.940433 0.000000
8465 96.694237 -25.373734 2.940433 0.000000
8466 95.624077 -29.154291 2.940433 0.000000
9682 94.263878 -15.442274 29.654366 0.000000
9683 94.753944 -17.422565 26.853952 0.000000
9692 95.134010 -19.492868 23.913521 0.000000
9693 95.394051 -21.433155 21.053099 0.000000
9694 95.534065 -23.353437 18.172674 0.000000
9695 95.564072 -25.243717 15.272248 0.000000
9696 93.383751 -30.124435 19.352850 0.000000
9697 94.503906 -28.654219 15.852334 0.000000
9698 95.474052 -27.133993 12.321814 0.000000
9699 95.264023 -28.974264 9.401383 0.000000
9700 94.943977 -30.784531 6.450949 0.000000
9701 94.503906 -32.554794 3.510517 0.000000
9722 90.223282 -40.826008 14.032066 0.000000
9725 91.353447 -39.335789 10.511547 0.000000
9726 92.323586 -37.815567 7.021034 0.000000
9727 93.153709 -36.245335 3.510517 0.000000
9728 93.833809 -34.615097 0.000000 0.000000
9729 93.143707 -36.305344 -2.940433 0.000000
9730 92.343597 -37.955589 -5.890867 0.000000
9731 91.433456 -39.565823 -8.811297 0.000000
9733 89.793221 -43.166355 -8.831300 0.000000
9734 90.403305 -41.136055 -11.761731 0.000000
9735 89.263138 -42.656277 -14.662157 0.000000
