#!ascii label, from subject  
30
142 80.911911 -58.788658 0.000000 0.000000
583 84.682465 -51.347557 14.012063 0.000000
1293 78.221512 -61.929115 7.031035 0.000000
1294 80.111794 -58.208569 14.052068 0.000000
1295 83.072235 -55.248131 7.031035 0.000000
1297 85.272545 -52.257690 0.000000 0.000000
1299 83.102234 -55.348145 -5.890867 0.000000
2394 80.351822 -58.378593 -11.781734 0.000000
3213 79.631714 -60.408890 3.520518 0.000000
3214 80.711876 -58.638634 7.031035 0.000000
3215 82.062080 -57.068398 3.520518 0.000000
3216 84.242401 -53.797916 3.520518 0.000000
3217 83.162247 -55.568176 0.000000 0.000000
3218 84.242401 -53.837925 -2.950434 0.000000
3219 82.062080 -57.098408 -2.950434 0.000000
5321 82.462143 -54.818066 14.042068 0.000000
5325 85.272545 -49.267250 17.462572 0.000000
6937 79.231667 -60.118855 10.551554 0.000000
6938 81.662025 -56.778362 10.551554 0.000000
6939 83.942360 -53.337849 10.521549 0.000000
6940 85.992653 -49.977360 10.521549 0.000000
6941 85.182541 -51.927647 7.031035 0.000000
6942 86.292702 -50.437424 3.520518 0.000000
6946 85.212540 -52.027660 -5.890867 0.000000
6947 84.032372 -53.517876 -8.821300 0.000000
7840 78.541557 -61.919109 0.000000 0.000000
7841 79.661728 -60.398895 -2.950434 0.000000
9738 80.771889 -58.688637 -5.890867 0.000000
9739 81.772041 -56.898376 -8.841302 0.000000
9740 82.672173 -55.048103 -11.771733 0.000000
