#!ascii label, from subject  
446
6 -27.644068 -85.082527 -44.726585 0.000000
40 -16.252392 -50.007362 -85.082527 0.000000
86 -0.700103 -86.282700 -50.577446 0.000000
87 5.280777 -68.830132 -72.370651 0.000000
88 -22.813358 -70.210342 -67.469933 0.000000
136 -14.372116 -96.204163 -23.253424 0.000000
154 -44.726585 -52.577736 -72.370651 0.000000
155 -36.185326 -26.293869 -89.453171 0.000000
206 -14.312106 -86.502731 -48.117085 0.000000
207 -11.911754 -79.271660 -59.798801 0.000000
349 -5.550817 -60.158852 -79.701729 0.000000
353 -12.461835 -38.365646 -91.513474 0.000000
442 12.921903 -84.402420 -52.077667 0.000000
444 2.310340 -78.361534 -62.109142 0.000000
445 -8.861305 -70.240341 -70.640404 0.000000
446 -19.722902 -60.688934 -77.011337 0.000000
550 -36.635391 -86.502731 -34.315052 0.000000
566 -22.873365 -96.654228 -11.741728 0.000000
567 -30.034422 -92.443611 -23.553467 0.000000
568 -21.213121 -91.513474 -34.315052 0.000000
577 6.630976 -91.633484 -39.515816 0.000000
578 -7.631124 -92.443611 -37.395504 0.000000
617 -34.125023 -62.029129 -70.640404 0.000000
618 -30.864544 -51.937645 -79.701729 0.000000
620 -41.006035 -39.965881 -82.002068 0.000000
621 -26.543907 -38.625687 -88.353012 0.000000
622 -22.543320 -26.413887 -93.793808 0.000000
686 -21.023094 -85.992653 -46.536850 0.000000
687 -19.952936 -82.722176 -52.547733 0.000000
688 -26.623920 -81.932060 -50.807484 0.000000
829 -10.931609 -55.258133 -82.642174 0.000000
830 -3.400501 -53.687908 -84.312416 0.000000
831 -8.761290 -48.577148 -86.982803 0.000000
833 -14.392118 -44.296520 -88.513031 0.000000
976 6.120901 -85.542587 -51.447575 0.000000
977 7.641125 -81.632019 -57.278435 0.000000
978 0.810119 -82.532150 -56.488319 0.000000
979 -17.422565 -74.991043 -63.839397 0.000000
980 -10.411532 -74.951035 -65.389633 0.000000
981 -15.872337 -70.410370 -69.230194 0.000000
982 -14.332109 -65.669670 -74.060898 0.000000
983 -21.313137 -65.609657 -72.410652 0.000000
1214 -40.876015 -86.602745 -28.854248 0.000000
1215 -42.496254 -83.092232 -35.945290 0.000000
1254 -26.953966 -96.134155 -5.890867 0.000000
1258 -33.414917 -89.693207 -29.004269 0.000000
1277 -7.341080 -96.674232 -24.543612 0.000000
1278 -3.970585 -94.793953 -31.634657 0.000000
1279 -11.041625 -94.633934 -30.424479 0.000000
1280 -14.452127 -92.203568 -35.945290 0.000000
1281 -17.832624 -94.083847 -28.854248 0.000000
1378 -39.525818 -57.458458 -71.690552 0.000000
1379 -32.574795 -57.118408 -75.361092 0.000000
1380 -37.915581 -52.417717 -76.271233 0.000000
1384 -43.576416 -26.553909 -86.012665 0.000000
1386 -38.725700 -33.234890 -86.012665 0.000000
1387 -33.874985 -39.415802 -85.442581 0.000000
1388 -31.464630 -32.554794 -89.183136 0.000000
1389 -24.603622 -32.594799 -91.293434 0.000000
1390 -29.444334 -26.423889 -91.863518 0.000000
1404 10.661570 -72.540680 -68.020012 0.000000
1522 -7.521107 -86.602745 -49.467281 0.000000
1523 -6.330932 -83.052223 -55.368153 0.000000
1524 -13.141934 -83.092232 -54.087959 0.000000
1525 -18.742758 -79.031631 -58.358593 0.000000
1526 -24.203564 -74.480965 -62.209156 0.000000
1687 -38.275635 -92.403603 0.000000 0.000000
1704 -10.841596 -97.864403 -17.532581 0.000000
1769 -40.685989 -19.862923 -89.183136 0.000000
1770 -34.225040 -19.832920 -91.863518 0.000000
1779 -0.140021 -64.689522 -76.271233 0.000000
1992 14.492133 -80.311821 -57.818512 0.000000
1993 9.171350 -77.271378 -62.839252 0.000000
1994 3.800559 -73.780861 -67.409927 0.000000
1995 -4.810708 -79.021629 -61.118996 0.000000
1996 -3.280483 -74.540970 -66.599800 0.000000
1997 -1.790264 -69.710266 -71.690552 0.000000
1998 -7.221063 -65.359619 -75.361092 0.000000
1999 -12.671865 -60.578918 -78.561562 0.000000
2000 -18.022654 -55.478168 -81.241959 0.000000
2290 -32.214745 -85.992653 -39.615833 0.000000
2337 -15.112225 -98.164452 -11.781734 0.000000
2338 -18.672749 -96.674232 -17.542583 0.000000
2339 -30.694517 -94.453903 -11.781734 0.000000
2340 -26.523903 -94.793953 -17.692604 0.000000
2341 -22.273279 -94.633934 -23.473455 0.000000
2342 -25.683781 -92.203568 -29.004269 0.000000
2343 -29.014271 -89.303146 -34.425064 0.000000
2344 -24.483604 -88.513031 -39.615833 0.000000
2367 2.970437 -89.183136 -45.166649 0.000000
2369 -0.510075 -92.283585 -38.555679 0.000000
2370 -4.180615 -89.653198 -44.136497 0.000000
2371 -11.001619 -89.693207 -42.856308 0.000000
2372 -17.822622 -89.303146 -41.356091 0.000000
2487 -28.544203 -66.289757 -69.230194 0.000000
2488 -27.003977 -61.559055 -74.060898 0.000000
2489 -25.363733 -56.458309 -78.561562 0.000000
2490 -23.633480 -51.127529 -82.642174 0.000000
2493 -50.037365 -46.426834 -73.100754 0.000000
2496 -43.006332 -46.426834 -77.441399 0.000000
2497 -36.045307 -46.096786 -81.111938 0.000000
2498 -28.804239 -45.436687 -84.312416 0.000000
2499 -21.463158 -44.456543 -86.982803 0.000000
2500 -19.552877 -38.595680 -90.173279 0.000000
2501 -17.562586 -32.494785 -92.943680 0.000000
2502 -15.532287 -26.273867 -95.244026 0.000000
2503 -27.404034 -19.912931 -94.103859 0.000000
2504 -20.393002 -19.842920 -95.884117 0.000000
2606 -24.353584 -85.592590 -45.656719 0.000000
2607 -23.843510 -84.032372 -48.707169 0.000000
2608 -27.143997 -83.552299 -47.797035 0.000000
2749 -13.602003 -52.667751 -83.922356 0.000000
2750 -9.861451 -51.957649 -84.892494 0.000000
2751 -12.511842 -49.327259 -86.092674 0.000000
2752 -11.581705 -46.466839 -87.802925 0.000000
2753 -15.332257 -47.176945 -86.842789 0.000000
2896 2.710399 -85.962654 -51.047516 0.000000
2897 3.470511 -84.102386 -54.017948 0.000000
2898 0.050007 -84.462433 -53.567886 0.000000
2899 -20.132963 -72.660690 -65.709671 0.000000
2900 -16.662453 -72.750710 -66.579803 0.000000
2901 -19.362850 -70.360359 -68.400070 0.000000
2902 -18.612740 -68.060013 -70.880440 0.000000
2903 -22.083250 -67.950005 -69.980301 0.000000
3174 -28.954264 -95.684090 -2.950434 0.000000
3178 -39.265778 -88.182976 -26.183853 0.000000
3197 -10.861599 -96.504211 -23.913521 0.000000
3198 -9.191353 -95.714096 -27.504049 0.000000
3199 -12.711872 -95.494057 -26.853952 0.000000
3200 -14.442126 -94.413902 -29.654366 0.000000
3201 -16.112371 -95.204018 -26.063837 0.000000
3296 -45.616714 -55.048103 -69.940292 0.000000
3297 -43.026333 -57.498463 -69.610245 0.000000
3298 -42.156208 -55.048103 -72.080612 0.000000
3299 -38.745705 -54.968090 -74.030891 0.000000
3300 -41.356091 -52.537735 -74.380951 0.000000
3304 -39.915874 -26.443893 -87.812927 0.000000
3305 -41.186062 -29.924404 -86.092674 0.000000
3306 -37.485516 -29.794384 -87.812927 0.000000
3307 -35.115170 -32.924847 -87.662903 0.000000
3308 -33.844982 -29.444334 -89.383163 0.000000
3309 -30.474485 -29.504341 -90.573334 0.000000
3310 -32.834835 -26.373882 -90.713348 0.000000
3324 7.981175 -70.740417 -70.250343 0.000000
3496 -10.921608 -86.602745 -48.817184 0.000000
3497 -10.341522 -84.912491 -51.817631 0.000000
3498 -13.732021 -84.852486 -51.137527 0.000000
3499 -22.733345 -80.621872 -54.638042 0.000000
3500 -19.362850 -80.921906 -55.488163 0.000000
3501 -22.123257 -78.761597 -57.538467 0.000000
3502 -21.483162 -76.821312 -60.328884 0.000000
3800 -7.311076 -98.074432 -18.172674 0.000000
3801 -9.051332 -98.524498 -14.642156 0.000000
3907 -44.356533 -19.962938 -87.382866 0.000000
3908 -42.846306 -16.602442 -88.833076 0.000000
3909 -39.675838 -16.602442 -90.293289 0.000000
3924 -2.850420 -62.479198 -78.051491 0.000000
3934 -9.671424 -40.565971 -90.903381 0.000000
4367 17.082514 -81.652016 -55.178120 0.000000
4368 13.712018 -82.412132 -54.988094 0.000000
4369 4.980733 -80.061783 -59.738792 0.000000
4370 8.411238 -79.501701 -60.098846 0.000000
4371 5.740845 -77.861458 -62.509201 0.000000
4372 6.490956 -75.581123 -65.179596 0.000000
4373 3.060451 -76.121208 -64.799538 0.000000
4374 -9.131344 -81.231956 -57.628487 0.000000
4375 -5.570820 -81.091942 -58.278580 0.000000
4376 -8.371232 -79.201653 -60.498909 0.000000
4377 -9.641419 -72.640694 -68.060013 0.000000
4378 -6.851008 -74.801010 -66.039719 0.000000
4379 -6.080895 -72.450661 -68.680107 0.000000
4380 -2.540374 -72.180626 -69.190186 0.000000
4381 -5.330785 -70.020309 -71.210487 0.000000
4382 -4.510664 -67.589951 -73.580833 0.000000
4383 -8.041183 -67.839989 -73.050751 0.000000
4384 -17.042507 -63.229309 -75.591125 0.000000
4385 -13.511990 -63.169304 -76.361237 0.000000
4386 -16.202385 -60.678932 -77.841461 0.000000
4387 -15.362262 -58.078548 -79.961769 0.000000
4388 -18.882780 -58.118557 -79.171654 0.000000
5084 -34.445068 -86.302704 -36.985443 0.000000
5085 -35.165176 -84.412430 -40.505962 0.000000
5086 -37.385506 -84.682465 -37.865574 0.000000
5087 -45.356674 -81.231956 -36.695400 0.000000
5200 -21.103107 -97.364334 -8.821300 0.000000
5201 -17.222534 -98.124443 -8.841302 0.000000
5202 -19.002798 -97.484352 -11.771733 0.000000
5203 -16.902487 -97.474350 -14.672159 0.000000
5204 -20.783060 -96.724236 -14.652158 0.000000
5208 -32.174740 -92.423599 -20.643040 0.000000
5209 -30.414476 -93.613777 -17.712608 0.000000
5210 -28.294167 -93.683792 -20.643040 0.000000
5211 -24.413593 -94.773956 -20.603033 0.000000
5212 -26.173853 -93.613777 -23.533464 0.000000
5213 -23.993532 -93.473755 -26.253862 0.000000
5214 -27.874102 -92.383591 -26.293869 0.000000
5215 -35.045158 -88.152977 -31.684664 0.000000
5216 -31.234598 -89.553185 -31.734671 0.000000
5217 -32.854836 -87.982956 -34.405067 0.000000
5218 -30.634510 -87.702911 -37.045456 0.000000
5270 6.390941 -88.793068 -45.576710 0.000000
5271 4.800707 -90.473320 -42.366238 0.000000
5275 -5.800854 -93.683792 -34.545086 0.000000
5276 -2.240330 -93.613777 -35.125172 0.000000
5277 -4.070600 -92.423599 -38.005596 0.000000
5278 -2.350346 -91.023392 -41.376095 0.000000
5279 -5.910870 -91.123413 -40.796005 0.000000
5280 -7.591117 -89.723206 -43.526409 0.000000
5281 -9.321372 -91.123413 -40.155910 0.000000
5282 -17.842627 -91.913528 -35.155178 0.000000
5283 -16.152380 -90.813370 -38.675694 0.000000
5284 -19.532875 -90.483322 -37.865574 0.000000
5285 -21.163115 -88.963097 -40.505962 0.000000
5286 -22.863365 -90.063263 -36.985443 0.000000
5569 -37.675549 -62.189156 -68.680107 0.000000
5571 -34.895138 -64.439484 -68.060013 0.000000
5572 -32.114727 -66.579803 -67.369919 0.000000
5573 -31.354614 -64.209457 -69.980301 0.000000
5574 -27.794092 -63.959415 -71.690552 0.000000
5575 -30.584501 -61.839104 -72.410652 0.000000
5576 -31.744675 -54.558029 -77.581421 0.000000
5577 -28.994268 -56.838367 -77.021339 0.000000
5578 -28.134142 -54.227985 -79.181656 0.000000
5579 -24.513609 -53.827927 -80.651871 0.000000
5580 -27.274015 -51.567593 -81.241959 0.000000
5592 -43.536407 -36.725403 -82.212105 0.000000
5594 -44.626572 -40.065895 -80.041779 0.000000
5595 -45.626717 -43.306374 -77.761444 0.000000
5596 -42.036186 -43.236362 -79.791748 0.000000
5597 -39.555820 -46.296818 -79.341675 0.000000
5598 -38.555679 -43.066338 -81.622017 0.000000
5599 -30.234451 -39.055748 -86.972801 0.000000
5600 -31.364618 -42.456245 -84.952499 0.000000
5601 -27.694075 -42.066193 -86.412720 0.000000
5602 -25.153704 -44.976624 -85.712616 0.000000
5603 -24.023537 -41.566120 -87.732918 0.000000
5604 -20.523022 -41.546116 -88.633049 0.000000
5605 -23.063395 -38.635689 -89.323151 0.000000
5606 -23.593473 -29.524345 -92.603630 0.000000
5607 -21.093105 -32.564796 -92.183571 0.000000
5608 -20.072954 -29.474339 -93.443756 0.000000
5609 -16.562437 -29.394329 -94.153862 0.000000
5610 -19.052805 -26.353880 -94.573921 0.000000
5611 -33.174881 -16.572439 -92.883667 0.000000
5612 -30.834538 -19.882925 -93.043694 0.000000
5613 -29.774382 -16.612444 -94.023842 0.000000
5615 -22.793354 -16.562437 -95.964134 0.000000
5617 -16.872482 -19.752907 -96.584213 0.000000
5842 -17.682604 -86.302704 -47.346970 0.000000
5843 -17.152525 -84.682465 -50.377419 0.000000
5844 -20.503017 -84.412430 -49.567295 0.000000
5845 -23.303429 -82.382126 -51.707611 0.000000
6099 -8.251215 -57.748501 -81.241959 0.000000
6100 -4.480659 -56.968384 -82.082085 0.000000
6101 -7.171056 -54.508022 -83.542305 0.000000
6102 -6.090896 -51.167534 -85.712616 0.000000
6103 -5.000736 -47.747028 -87.732918 0.000000
6105 -7.821151 -45.676723 -88.633049 0.000000
6106 -10.641566 -43.536407 -89.413162 0.000000
6107 -13.441978 -41.356091 -90.063263 0.000000
6364 9.521402 -85.022507 -51.797626 0.000000
6365 10.281513 -83.082230 -54.718052 0.000000
6366 6.881013 -83.642319 -54.398006 0.000000
6367 4.220621 -82.132095 -56.918381 0.000000
6368 1.560230 -80.491844 -59.338734 0.000000
6369 -14.682160 -77.191360 -61.869106 0.000000
6370 -11.171644 -77.161362 -62.639217 0.000000
6371 -13.922050 -75.021042 -64.659523 0.000000
6372 -13.151937 -72.740700 -67.369919 0.000000
6373 -12.371821 -70.370361 -69.980301 0.000000
6374 -11.601707 -68.010010 -72.410652 0.000000
6375 -15.112225 -68.080025 -71.690552 0.000000
6376 -17.832624 -65.679665 -73.280785 0.000000
6377 -20.533024 -63.189301 -74.761002 0.000000
6794 -38.775707 -86.602745 -31.604654 0.000000
6795 -39.595829 -84.852486 -35.155178 0.000000
6796 -41.726143 -84.912491 -32.424774 0.000000
6797 -44.626572 -83.122238 -33.204884 0.000000
6866 -24.933670 -96.454201 -8.821300 0.000000
6871 -33.844982 -91.123413 -23.533464 0.000000
6872 -31.744675 -91.123413 -26.293869 0.000000
6873 -35.535233 -89.723206 -26.253862 0.000000
6874 -37.175472 -88.222984 -28.954264 0.000000
6907 -3.810561 -96.724236 -25.143700 0.000000
6908 -2.120312 -95.784103 -28.694225 0.000000
6909 -5.660833 -95.814110 -28.114140 0.000000
6910 -7.511106 -94.773956 -31.054571 0.000000
6911 -9.341375 -93.613777 -33.934994 0.000000
6912 -11.051627 -92.383591 -36.695400 0.000000
6913 -12.751877 -93.473755 -33.204884 0.000000
6914 -16.162378 -93.223724 -32.424774 0.000000
6915 -19.532875 -92.853668 -31.604654 0.000000
7087 -40.365944 -59.888817 -69.190186 0.000000
7088 -36.845425 -59.778801 -71.210487 0.000000
7089 -33.364910 -59.618774 -73.050751 0.000000
7090 -36.075310 -57.328438 -73.580833 0.000000
7091 -35.265194 -54.808067 -75.861168 0.000000
7092 -34.415066 -52.217686 -78.051491 0.000000
7100 -44.826599 -30.014418 -84.222397 0.000000
7101 -42.396240 -33.354908 -84.222397 0.000000
7102 -39.895874 -36.635391 -84.082375 0.000000
7103 -37.465515 -39.725845 -83.792336 0.000000
7104 -36.325348 -36.355350 -85.802628 0.000000
7105 -32.694817 -36.015301 -87.382866 0.000000
7106 -29.024273 -35.615242 -88.833076 0.000000
7107 -25.593767 -35.635246 -89.883232 0.000000
7108 -28.054129 -32.594799 -90.293289 0.000000
7109 -27.043980 -29.534348 -91.653488 0.000000
7110 -26.013830 -26.433889 -92.883667 0.000000
7134 13.331964 -74.230927 -65.689667 0.000000
7390 -4.120606 -86.492729 -50.047367 0.000000
7391 -3.520518 -84.732475 -53.017803 0.000000
7392 -6.931021 -84.872498 -52.447720 0.000000
7393 -9.741434 -83.122238 -54.758060 0.000000
7394 -12.531845 -81.231956 -56.978390 0.000000
7395 -16.562437 -82.962219 -53.347855 0.000000
7396 -15.952349 -81.131943 -56.268284 0.000000
7397 -15.332257 -79.201653 -59.118698 0.000000
7398 -18.092663 -77.051346 -61.138996 0.000000
7399 -20.823065 -74.781006 -63.059284 0.000000
7400 -23.523462 -72.390656 -64.879555 0.000000
7778 -32.824833 -94.433899 -2.950434 0.000000
7779 -36.505375 -93.063698 -2.950434 0.000000
7816 -5.560819 -97.474350 -21.673191 0.000000
7817 -9.091337 -97.354324 -21.053099 0.000000
7818 -12.611857 -97.094292 -20.403004 0.000000
7956 -48.037075 -52.537735 -70.250343 0.000000
7965 -45.806744 -23.313431 -85.802628 0.000000
7966 -42.166206 -23.223417 -87.662903 0.000000
7967 -38.465664 -23.093399 -89.383163 0.000000
7968 -35.225185 -23.073397 -90.713348 0.000000
7969 -37.475517 -19.862923 -90.573334 0.000000
7970 -36.445362 -16.592443 -91.653488 0.000000
7989 2.570378 -66.809830 -74.380951 0.000000
8557 17.852629 -79.501701 -57.988537 0.000000
8558 15.242244 -78.111496 -60.578918 0.000000
8559 11.071630 -81.021927 -57.578476 0.000000
8560 11.841743 -78.851601 -60.378887 0.000000
8561 12.581852 -76.581276 -63.079285 0.000000
8562 9.921460 -74.951035 -65.469635 0.000000
8563 7.241066 -73.210777 -67.759972 0.000000
8564 4.540668 -71.350510 -69.940292 0.000000
8565 -2.760406 -82.842194 -55.968239 0.000000
8566 -2.000294 -80.841904 -58.848663 0.000000
8567 -1.250184 -78.741585 -61.649075 0.000000
8568 -7.621122 -77.051346 -63.309322 0.000000
8569 -4.050596 -76.831306 -63.899406 0.000000
8570 -0.490072 -76.511261 -64.409485 0.000000
8571 0.260038 -74.210922 -67.049873 0.000000
8572 1.010149 -71.810577 -69.610245 0.000000
8573 1.740256 -69.320198 -72.080612 0.000000
8574 -0.970143 -67.239891 -74.030891 0.000000
8575 -3.680542 -65.069580 -75.861168 0.000000
8576 -6.390941 -62.799244 -77.581421 0.000000
8577 -10.781587 -65.559654 -74.761002 0.000000
8578 -9.951465 -63.019279 -77.021339 0.000000
8579 -9.121343 -60.408890 -79.181656 0.000000
8580 -11.811739 -57.948528 -80.651871 0.000000
8581 -14.492133 -55.408157 -81.992073 0.000000
8582 -17.152525 -52.777771 -83.212257 0.000000
9430 -29.944408 -85.592590 -42.196209 0.000000
9431 -30.604504 -83.552299 -45.656719 0.000000
9432 -32.904846 -84.032372 -43.106342 0.000000
9435 -40.315937 -82.962219 -38.675694 0.000000
9570 -13.301958 -98.734535 -8.831300 0.000000
9571 -11.191648 -98.684525 -11.761731 0.000000
9572 -12.981912 -98.074432 -14.662157 0.000000
9573 -14.762173 -97.354324 -17.552586 0.000000
9574 -16.532433 -96.504211 -20.413004 0.000000
9575 -30.854540 -94.953979 -5.890867 0.000000
9576 -28.844246 -95.354042 -8.841302 0.000000
9577 -26.803947 -95.634079 -11.771733 0.000000
9578 -32.494785 -93.433754 -14.752171 0.000000
9579 -28.624212 -94.683937 -14.752171 0.000000
9580 -24.713636 -95.784103 -14.732169 0.000000
9581 -22.613329 -95.814110 -17.632597 0.000000
9582 -20.483015 -95.714096 -20.523022 0.000000
9583 -18.332699 -95.494057 -23.383442 0.000000
9584 -20.062952 -94.413902 -26.183853 0.000000
9585 -21.773205 -93.223724 -28.954264 0.000000
9586 -23.463453 -91.913528 -31.684664 0.000000
9587 -29.574354 -91.023392 -29.034275 0.000000
9588 -27.364029 -90.813370 -31.734671 0.000000
9589 -25.133701 -90.483322 -34.405067 0.000000
9590 -26.763941 -88.963097 -37.045456 0.000000
9591 -28.374176 -87.322853 -39.645836 0.000000
9592 -26.083839 -86.842789 -42.196209 0.000000
9654 11.371674 -86.412720 -49.047218 0.000000
9655 7.971174 -86.972801 -48.727169 0.000000
9656 4.550670 -87.432869 -48.347118 0.000000
9657 1.130166 -87.792923 -47.907055 0.000000
9660 4.910723 -93.123711 -36.145321 0.000000
9661 -0.390057 -94.683937 -32.204742 0.000000
9662 1.340197 -93.433754 -35.665249 0.000000
9663 3.060451 -92.023544 -39.065750 0.000000
9664 1.230181 -90.813370 -41.896168 0.000000
9665 -0.610090 -89.483170 -44.676579 0.000000
9666 -2.440359 -88.042961 -47.396976 0.000000
9667 -5.860863 -88.182976 -46.826893 0.000000
9668 -9.271364 -88.222984 -46.196800 0.000000
9669 -12.661863 -88.152977 -45.516697 0.000000
9670 -12.741876 -91.023392 -39.435806 0.000000
9671 -14.422123 -89.553185 -42.136204 0.000000
9672 -16.072365 -87.982956 -44.766590 0.000000
9673 -19.432861 -87.702911 -43.966473 0.000000
9674 -22.773354 -87.322853 -43.106342 0.000000
10008 -26.423889 -70.620399 -65.709671 0.000000
10016 -29.284311 -68.650108 -66.579803 0.000000
10017 -25.693783 -68.300056 -68.400070 0.000000
10018 -24.953674 -65.999710 -70.880440 0.000000
10019 -24.173559 -63.619366 -73.280785 0.000000
10020 -23.383442 -61.169003 -75.591125 0.000000
10021 -29.804388 -59.378738 -74.761002 0.000000
10022 -26.193857 -59.038692 -76.361237 0.000000
10023 -22.553322 -58.618626 -77.841461 0.000000
10024 -21.713196 -56.018250 -79.961769 0.000000
10025 -20.843069 -53.337849 -81.992073 0.000000
10026 -19.952936 -50.607449 -83.922356 0.000000
10033 -53.887932 -49.297256 -68.330055 0.000000
10034 -50.687462 -49.467281 -70.620399 0.000000
10035 -47.416981 -49.547295 -72.800720 0.000000
10043 -46.556854 -46.466839 -75.341095 0.000000
10044 -43.906464 -49.547295 -74.971031 0.000000
10045 -40.495964 -49.467281 -76.921326 0.000000
10046 -37.015446 -49.297256 -78.761597 0.000000
10047 -33.484928 -49.057220 -80.471848 0.000000
10048 -34.995152 -42.796295 -83.352272 0.000000
10049 -32.454777 -45.796738 -82.782188 0.000000
10050 -29.864395 -48.727169 -82.082085 0.000000
10051 -26.233864 -48.317112 -83.542305 0.000000
10052 -22.563322 -47.827042 -84.892494 0.000000
10053 -18.872780 -47.266960 -86.092674 0.000000
10054 -17.942642 -44.406540 -87.802925 0.000000
10055 -16.982500 -41.476105 -89.413162 0.000000
10056 -16.022360 -38.505669 -90.903381 0.000000
10057 -22.093252 -35.625248 -90.803368 0.000000
10058 -18.572733 -35.565235 -91.613487 0.000000
10059 -15.022211 -35.455219 -92.303589 0.000000
10060 -14.032066 -32.394772 -93.573769 0.000000
10063 -31.854689 -23.143406 -91.933533 0.000000
10064 -28.444185 -23.183413 -93.043694 0.000000
10065 -24.993679 -23.183413 -94.023842 0.000000
10066 -26.303873 -16.592443 -95.053993 0.000000
10067 -23.913521 -19.892927 -95.053993 0.000000
10068 -21.483162 -23.143406 -94.903969 0.000000
10069 -17.972645 -23.073397 -95.644081 0.000000
