#!ascii label, from subject  
275
7 72.370651 -52.577736 -44.726585 0.000000
89 81.842049 -27.334024 -50.577446 0.000000
90 67.089867 -16.252392 -72.370651 0.000000
143 87.062820 -43.396389 -23.253424 0.000000
160 67.089867 16.252392 -72.370651 0.000000
209 77.851463 -40.345940 -48.117085 0.000000
210 71.710556 -35.825272 -59.798801 0.000000
211 66.689819 -48.447128 -56.638336 0.000000
431 51.627598 37.505520 -77.011337 0.000000
447 84.262405 -13.802031 -52.077667 0.000000
448 77.031342 -8.221210 -63.259312 0.000000
449 75.231079 -22.013241 -62.109142 0.000000
569 70.950447 -61.569061 -34.315052 0.000000
570 62.419193 -61.569061 -48.117085 0.000000
586 78.641571 -57.138416 -23.553467 0.000000
587 80.481850 -48.447128 -34.315052 0.000000
596 85.562592 -35.825272 -37.395504 0.000000
625 56.238281 -57.138416 -59.798801 0.000000
689 75.291084 -46.576855 -46.536850 0.000000
690 72.510674 -44.546558 -52.547733 0.000000
691 69.700264 -50.637451 -50.807484 0.000000
984 83.252258 -20.613035 -51.447575 0.000000
985 80.001778 -17.962643 -57.278435 0.000000
986 78.741585 -24.733641 -56.488319 0.000000
988 68.070015 -33.064865 -65.389633 0.000000
1260 65.889694 -66.099724 -35.945290 0.000000
1303 74.981041 -59.498760 -29.004269 0.000000
1322 89.673203 -36.855423 -24.543612 0.000000
1323 88.933090 -33.064865 -31.634657 0.000000
1324 86.592751 -39.745850 -30.424479 0.000000
1325 83.222252 -42.246216 -35.945290 0.000000
1326 83.972359 -46.036774 -28.854248 0.000000
1396 56.988392 -65.639656 -49.467281 0.000000
1397 59.478752 -59.498760 -54.087959 0.000000
1398 53.937943 -63.469341 -55.368153 0.000000
1425 59.928825 27.063984 -75.361092 0.000000
1427 72.280640 -12.271806 -68.020012 0.000000
1428 72.740700 -4.130608 -68.520088 0.000000
1527 80.031776 -33.914993 -49.467281 0.000000
1528 77.031342 -31.684664 -55.368153 0.000000
1529 74.961029 -38.175621 -54.087959 0.000000
1530 69.370209 -42.246216 -58.358593 0.000000
1792 72.280640 12.271806 -68.020012 0.000000
2003 80.861900 -11.041625 -57.818512 0.000000
2004 76.321243 -15.152231 -62.839252 0.000000
2005 71.350510 -19.182823 -67.409927 0.000000
2006 73.670837 -28.994268 -61.118996 0.000000
2007 69.880287 -26.163849 -66.599800 0.000000
2345 71.830574 -57.218422 -39.615833 0.000000
2346 67.559944 -57.218422 -46.536850 0.000000
2347 66.909851 -61.779091 -41.356091 0.000000
2348 61.619072 -66.099724 -42.856308 0.000000
2349 56.078255 -70.070320 -44.136497 0.000000
2396 83.122238 -50.427422 -23.473455 0.000000
2397 79.751740 -52.917789 -29.004269 0.000000
2398 75.971184 -55.198128 -34.425064 0.000000
2399 76.611275 -50.637451 -39.615833 0.000000
2420 87.002808 -17.962643 -45.936764 0.000000
2421 85.742615 -24.733641 -45.166649 0.000000
2423 87.612892 -28.994268 -38.555679 0.000000
2424 83.972359 -31.684664 -44.136497 0.000000
2425 81.902054 -38.175621 -42.856308 0.000000
2426 79.431694 -44.546558 -41.356091 0.000000
2509 64.769539 -55.198128 -52.547733 0.000000
2510 61.609066 -52.917789 -58.358593 0.000000
2543 53.697903 30.774530 -78.561562 0.000000
2545 77.291382 0.000000 -63.469341 0.000000
2546 72.740700 4.130608 -68.520088 0.000000
2609 73.870872 -49.607300 -45.656719 0.000000
2610 72.550674 -48.647160 -48.707169 0.000000
2611 71.080460 -51.637604 -47.797035 0.000000
2904 82.592163 -23.983532 -51.047516 0.000000
2905 81.061935 -22.693340 -54.017948 0.000000
2906 80.341827 -26.053837 -53.567886 0.000000
3242 88.423019 -40.155910 -23.913521 0.000000
3243 88.192986 -38.325642 -27.504049 0.000000
3244 86.892792 -41.606129 -26.853952 0.000000
3245 85.332558 -42.916317 -29.654366 0.000000
3246 85.562592 -44.736584 -26.063837 0.000000
3316 54.167973 -67.549942 -50.047367 0.000000
3317 55.498169 -64.589508 -52.447720 0.000000
3318 52.647755 -66.479782 -53.017803 0.000000
3344 66.459778 19.762909 -72.080612 0.000000
3345 63.659370 21.703194 -74.030891 0.000000
3346 64.339470 18.202679 -74.380951 0.000000
3347 69.740273 -14.272101 -70.250343 0.000000
3348 70.080315 -10.221505 -70.620399 0.000000
3504 78.991623 -37.155468 -48.817184 0.000000
3505 77.561417 -36.075310 -51.817631 0.000000
3506 76.451256 -39.285782 -51.137527 0.000000
3507 69.650253 -46.536850 -54.638042 0.000000
3508 70.980446 -43.416389 -55.488163 0.000000
3509 68.070015 -45.376678 -57.538467 0.000000
3510 66.419777 -44.176506 -60.328884 0.000000
3511 65.059578 -47.266960 -59.458752 0.000000
4317 48.777176 39.565823 -77.841461 0.000000
4319 49.437279 35.925285 -79.171654 0.000000
4390 82.932213 -8.981321 -55.178120 0.000000
4391 82.612160 -12.421828 -54.988094 0.000000
4392 77.681435 -20.002945 -59.738792 0.000000
4393 78.211510 -16.572439 -60.098846 0.000000
4394 75.821159 -18.592737 -62.509201 0.000000
4395 73.890877 -17.182529 -65.179596 0.000000
4396 73.340790 -20.613035 -64.799538 0.000000
4397 74.430954 -33.784973 -57.628487 0.000000
4398 75.401100 -30.354469 -58.278580 0.000000
4399 72.740700 -32.434776 -60.498909 0.000000
4401 69.020164 -29.634361 -66.039719 0.000000
4403 67.859985 -24.723639 -69.190186 0.000000
5219 71.430511 -59.428749 -36.985443 0.000000
5220 69.410217 -59.528763 -40.505962 0.000000
5221 68.990158 -61.729088 -37.865574 0.000000
5223 63.809395 -66.149734 -39.435806 0.000000
5225 58.888668 -68.130035 -43.526409 0.000000
5233 52.377708 -74.190918 -41.896168 0.000000
5343 77.961472 -59.158707 -20.643040 0.000000
5345 80.351822 -55.858219 -20.643040 0.000000
5346 82.592163 -52.507725 -20.603033 0.000000
5347 80.941917 -53.827927 -23.533464 0.000000
5348 81.481995 -51.707611 -26.253862 0.000000
5349 79.241661 -55.058105 -26.293869 0.000000
5350 73.010750 -60.568916 -31.684664 0.000000
5351 75.521118 -57.378448 -31.734671 0.000000
5352 73.520821 -58.428604 -34.405067 0.000000
5353 73.940887 -56.238281 -37.045456 0.000000
5404 88.172981 -20.002945 -42.766293 0.000000
5405 86.422714 -21.363144 -45.576710 0.000000
5406 87.522888 -23.393442 -42.366238 0.000000
5410 87.302849 -34.465073 -34.545086 0.000000
5411 88.343002 -31.054571 -35.125172 0.000000
5412 86.642754 -32.434776 -38.005596 0.000000
5413 85.842628 -30.354469 -41.376095 0.000000
5414 84.832489 -33.784973 -40.796005 0.000000
5415 82.992218 -34.955147 -43.526409 0.000000
5416 83.782333 -37.025452 -40.155910 0.000000
5417 81.902054 -45.376678 -35.155178 0.000000
5418 81.371979 -43.416389 -38.675694 0.000000
5419 80.021782 -46.536850 -37.865574 0.000000
5420 78.071487 -47.617008 -40.505962 0.000000
5421 78.591568 -49.577297 -36.985443 0.000000
5626 65.029579 -59.428749 -47.346970 0.000000
5627 66.199738 -56.238281 -49.567295 0.000000
5628 63.649368 -58.428604 -50.377419 0.000000
5629 57.888523 -58.348591 -56.978390 0.000000
5630 60.588917 -56.258282 -56.268284 0.000000
5631 58.958679 -55.058105 -59.118698 0.000000
5712 57.748501 25.483751 -77.581421 0.000000
5713 56.858368 28.944262 -77.021339 0.000000
5714 54.638042 27.334024 -79.181656 0.000000
5717 79.231667 -6.180910 -60.718937 0.000000
5718 79.361679 -2.060303 -60.828953 0.000000
5719 77.231369 -4.120606 -63.419338 0.000000
5720 70.420372 -2.060303 -70.990456 0.000000
5721 72.800720 0.000000 -68.570091 0.000000
5722 70.420372 2.060303 -70.990456 0.000000
5723 70.310356 6.140904 -70.860435 0.000000
5847 76.611275 -43.486401 -47.346970 0.000000
5848 75.241081 -42.476250 -50.377419 0.000000
5849 73.940887 -45.586708 -49.567295 0.000000
5850 71.140480 -47.617008 -51.707611 0.000000
5851 68.230042 -49.577297 -53.757915 0.000000
6378 83.812340 -17.212532 -51.797626 0.000000
6379 82.192101 -15.892339 -54.718052 0.000000
6380 81.682022 -19.302843 -54.398006 0.000000
6381 79.421684 -21.363144 -56.918381 0.000000
6382 77.041336 -23.393442 -59.338734 0.000000
6383 68.880142 -37.815567 -61.869106 0.000000
6384 69.940292 -34.465073 -62.639217 0.000000
6875 70.380363 -63.639370 -31.604654 0.000000
6876 68.460075 -63.879406 -35.155178 0.000000
6952 76.201218 -60.348885 -23.533464 0.000000
6953 76.851318 -58.348591 -26.293869 0.000000
6954 74.350945 -61.519058 -26.253862 0.000000
6955 72.410652 -62.619217 -28.954264 0.000000
6990 89.373154 -34.985149 -28.114140 0.000000
6991 87.812927 -36.425362 -31.054571 0.000000
6992 86.142677 -37.815567 -33.934994 0.000000
6993 84.442429 -39.055748 -36.695400 0.000000
6994 84.962502 -41.016041 -33.204884 0.000000
6995 83.662315 -44.176506 -32.424774 0.000000
6996 82.282120 -47.266960 -31.604654 0.000000
7120 59.738792 -63.639370 -48.817184 0.000000
7121 60.988976 -60.568916 -51.137527 0.000000
7122 58.278580 -62.619217 -51.817631 0.000000
7123 56.738354 -61.519058 -54.758060 0.000000
7124 55.128113 -60.348885 -57.628487 0.000000
7173 60.748943 23.613476 -75.861168 0.000000
7175 74.721001 -10.261511 -65.689667 0.000000
7176 74.951035 -6.180910 -65.939705 0.000000
7177 72.570679 -8.211208 -68.330055 0.000000
7178 70.310356 -6.140904 -70.860435 0.000000
7401 80.981918 -30.644510 -50.047367 0.000000
7402 79.501701 -29.534348 -53.017803 0.000000
7403 78.581566 -32.824833 -52.447720 0.000000
7404 76.041191 -34.955147 -54.758060 0.000000
7405 73.380798 -37.025452 -56.978390 0.000000
7406 73.780861 -41.386093 -53.347855 0.000000
7407 72.230637 -40.245922 -56.268284 0.000000
7408 70.590393 -39.055748 -59.118698 0.000000
7409 67.689964 -41.016041 -61.138996 0.000000
8020 69.740273 14.272101 -70.250343 0.000000
8586 81.131943 -7.591117 -57.988537 0.000000
8587 79.001625 -9.641419 -60.578918 0.000000
8588 80.481850 -14.512136 -57.578476 0.000000
8589 78.651581 -13.111930 -60.378887 0.000000
8590 76.721291 -11.701722 -63.079285 0.000000
8591 74.350945 -13.722019 -65.469635 0.000000
8592 71.860573 -15.742317 -67.759972 0.000000
8593 69.260193 -17.722610 -69.940292 0.000000
8594 77.931473 -28.224155 -55.968239 0.000000
8595 76.261223 -26.883957 -58.848663 0.000000
8596 74.500961 -25.523758 -61.649075 0.000000
8597 70.930450 -31.054571 -63.309322 0.000000
8598 71.820572 -27.594063 -63.899406 0.000000
8599 72.620689 -24.103548 -64.409485 0.000000
8600 70.660400 -22.683340 -67.049873 0.000000
8601 68.600098 -21.233126 -69.610245 0.000000
8602 66.459778 -19.762909 -72.080612 0.000000
9593 72.140617 -54.928085 -42.196209 0.000000
9594 70.010307 -54.928085 -45.656719 0.000000
9595 69.750267 -57.258427 -43.106342 0.000000
9596 67.269897 -59.528763 -43.966473 0.000000
9597 64.719528 -61.729088 -44.766590 0.000000
9598 66.439781 -63.979420 -38.675694 0.000000
9599 64.299469 -63.979420 -42.136204 0.000000
9600 62.059139 -63.879406 -45.516697 0.000000
9601 59.348736 -65.919701 -46.196800 0.000000
9602 56.568325 -67.899994 -46.826893 0.000000
9603 53.727905 -69.790276 -47.396976 0.000000
9611 53.087814 -72.030602 -44.676579 0.000000
9745 84.702469 -49.057220 -20.523022 0.000000
9746 85.162529 -46.946911 -23.383442 0.000000
9747 83.592308 -48.257103 -26.183853 0.000000
9748 81.932060 -49.517288 -28.954264 0.000000
9749 80.171799 -50.717464 -31.684664 0.000000
9750 77.431404 -56.258282 -29.034275 0.000000
9751 77.911469 -54.087959 -31.734671 0.000000
9752 78.291527 -51.867634 -34.405067 0.000000
9753 76.331238 -52.947792 -37.045456 0.000000
9754 74.280930 -53.967949 -39.645836 0.000000
9755 74.540970 -51.637604 -42.196209 0.000000
9816 85.702614 -15.892339 -49.047218 0.000000
9817 85.182541 -19.302843 -48.727169 0.000000
9818 84.562454 -22.693340 -48.347118 0.000000
9819 83.842346 -26.053837 -47.907055 0.000000
9824 89.273140 -27.594063 -35.665249 0.000000
9825 88.463028 -25.523758 -39.065750 0.000000
9826 86.742767 -26.883957 -41.896168 0.000000
9827 84.912491 -28.224155 -44.676579 0.000000
9828 82.972214 -29.534348 -47.396976 0.000000
9829 82.052078 -32.824833 -46.826893 0.000000
9830 81.031921 -36.075310 -46.196800 0.000000
9831 79.921761 -39.285782 -45.516697 0.000000
9832 82.632164 -40.245922 -39.435806 0.000000
9833 80.711876 -41.386093 -42.136204 0.000000
9834 78.701576 -42.476250 -44.766590 0.000000
9835 77.401390 -45.586708 -43.966473 0.000000
9836 76.011192 -48.647160 -43.106342 0.000000
10081 68.680107 -53.967949 -48.707169 0.000000
10082 67.269897 -52.947792 -51.707611 0.000000
10083 65.779678 -51.867634 -54.638042 0.000000
10084 62.159153 -57.378448 -53.347855 0.000000
10085 63.229309 -54.087959 -55.488163 0.000000
10086 64.189445 -50.717464 -57.538467 0.000000
10087 62.539204 -49.517288 -60.328884 0.000000
10090 50.927494 -65.399628 -55.968239 0.000000
10091 52.167679 -62.329174 -58.278580 0.000000
10184 55.898228 32.364765 -76.361237 0.000000
10185 52.697758 34.165028 -77.841461 0.000000
10186 50.487434 32.554794 -79.961769 0.000000
10192 75.081055 -2.060303 -66.049721 0.000000
10193 75.081055 2.060303 -66.049721 0.000000
10194 74.951035 6.180910 -65.939705 0.000000
10195 72.570679 8.211208 -68.330055 0.000000
10196 70.080315 10.221505 -70.620399 0.000000
