#!ascii label, from subject  
71
95 -5.280777 68.830132 72.370651 0.000000
216 -9.681425 56.438309 82.002068 0.000000
217 5.550817 60.158852 79.701729 0.000000
458 -21.013094 64.669525 73.340790 0.000000
696 3.400501 53.687908 84.312416 0.000000
697 10.931609 55.258133 82.642174 0.000000
1003 -7.501105 62.839252 77.441399 0.000000
1004 -15.402267 60.758945 77.941475 0.000000
1005 -13.191941 66.969856 73.100754 0.000000
1006 -18.552731 70.460373 68.520088 0.000000
1007 -10.661570 72.540680 68.020012 0.000000
1008 -9.171350 77.271378 62.839252 0.000000
1009 -3.800559 73.780861 67.409927 0.000000
1539 -4.240624 51.807625 85.442581 0.000000
1540 -2.070305 58.478607 81.111938 0.000000
1541 0.140021 64.689522 76.271233 0.000000
1542 1.790264 69.710266 71.690552 0.000000
1543 7.221063 65.359619 75.361092 0.000000
2026 -17.572586 54.067959 82.282120 0.000000
2027 -23.253424 58.208569 77.941475 0.000000
2923 -6.400942 65.889694 74.971031 0.000000
2924 -10.351524 64.959564 75.341095 0.000000
2925 -9.241360 67.959999 72.800720 0.000000
2926 -11.931757 69.810280 70.620399 0.000000
2927 -7.981175 70.740417 70.250343 0.000000
2928 -7.241066 73.210777 67.759972 0.000000
2929 -4.540668 71.350510 69.940292 0.000000
3523 4.480659 56.968384 82.082085 0.000000
3524 0.670099 56.128265 82.782188 0.000000
3525 1.740256 59.368736 80.471848 0.000000
3526 -0.970143 61.639072 78.761597 0.000000
3527 2.850420 62.479198 78.051491 0.000000
3528 3.680542 65.069580 75.861168 0.000000
3529 6.390941 62.799244 77.581421 0.000000
4443 -10.741581 53.087814 84.082375 0.000000
4444 -14.692163 51.907639 84.222397 0.000000
4445 -13.632007 55.298141 82.212105 0.000000
4446 -18.222681 62.769241 75.711151 0.000000
4447 -19.342848 59.528763 78.001480 0.000000
4448 -22.153261 61.489048 75.711151 0.000000
5860 7.171056 54.508022 83.542305 0.000000
5861 8.251215 57.748501 81.241959 0.000000
5862 9.121343 60.408890 79.181656 0.000000
6411 -8.601267 59.688789 79.791748 0.000000
6412 -12.551847 58.648628 80.041779 0.000000
6413 -11.461687 61.849102 77.761444 0.000000
6414 -14.302107 63.919411 75.581123 0.000000
6415 -17.112520 65.869698 73.280785 0.000000
6416 -19.802914 67.619957 70.990456 0.000000
6417 -15.882339 68.770126 70.860435 0.000000
6418 -14.622152 71.560539 68.330055 0.000000
6419 -13.331964 74.230927 65.689667 0.000000
6421 -9.921460 74.951035 65.469635 0.000000
6422 -6.490956 75.581123 65.179596 0.000000
7426 -8.021181 50.767475 85.802628 0.000000
7427 -6.961025 54.157970 83.792336 0.000000
7428 -0.420062 52.787773 84.952499 0.000000
7429 -3.160465 55.188126 83.352272 0.000000
7430 -5.880866 57.498463 81.622017 0.000000
7431 -4.790705 60.708939 79.341675 0.000000
7432 -3.690543 63.819397 76.921326 0.000000
7433 -2.570378 66.809830 74.380951 0.000000
7434 -1.740256 69.320198 72.080612 0.000000
7435 0.970143 67.239891 74.030891 0.000000
7436 4.510664 67.589951 73.580833 0.000000
8652 -21.473160 52.757763 82.212105 0.000000
8653 -16.502430 57.468460 80.181801 0.000000
8654 -20.433008 56.188271 80.181801 0.000000
8655 -24.313578 54.818066 80.041779 0.000000
8677 -1.010149 71.810577 69.610245 0.000000
8678 -0.260038 74.210922 67.049873 0.000000
