#!ascii label, from subject  
121
84 -63.829395 -26.293869 -72.370651 0.000000
85 -73.830864 0.000000 -67.469933 0.000000
203 -86.692764 -13.121931 -48.117085 0.000000
204 -79.081642 -13.171938 -59.798801 0.000000
341 -58.928677 -13.311960 -79.701729 0.000000
440 -69.540237 -13.281955 -70.640404 0.000000
683 -88.282997 -6.580969 -46.536850 0.000000
684 -84.842491 -6.580969 -52.547733 0.000000
821 -55.928230 -6.670981 -82.642174 0.000000
822 -52.107674 -13.351965 -84.312416 0.000000
971 -76.701294 -6.600972 -63.839397 0.000000
972 -74.500961 -13.261951 -65.389633 0.000000
973 -71.870583 -6.660981 -69.230194 0.000000
974 -66.889847 -6.660981 -74.060898 0.000000
975 -68.990158 0.000000 -72.410652 0.000000
1381 -65.699677 -32.554794 -68.020012 0.000000
1382 -61.279018 -39.415802 -68.520088 0.000000
1383 -59.618774 -33.234890 -73.100754 0.000000
1519 -83.092232 -13.171938 -54.087959 0.000000
1520 -80.951920 -6.600972 -58.358593 0.000000
1765 -61.569061 -19.862923 -76.271233 0.000000
1766 -57.448460 -26.553909 -77.441399 0.000000
1767 -54.978092 -20.042950 -81.111938 0.000000
1983 -68.990158 -26.423889 -67.409927 0.000000
1985 -71.910583 -19.912931 -66.599800 0.000000
1986 -66.859840 -19.832920 -71.690552 0.000000
1987 -64.389481 -13.331964 -75.361092 0.000000
1988 -61.529053 -6.670981 -78.561562 0.000000
2316 -88.703056 -17.252539 -42.856308 0.000000
2494 -53.027805 -33.414917 -77.941475 0.000000
2604 -87.292847 -3.290485 -48.707169 0.000000
2891 -75.331085 -3.300486 -65.709671 0.000000
2892 -74.330940 -6.630976 -66.579803 0.000000
2893 -72.890724 -3.330490 -68.400070 0.000000
2894 -70.480377 -3.330490 -70.880440 0.000000
2895 -71.450523 0.000000 -69.980301 0.000000
3301 -64.809540 -29.444334 -70.250343 0.000000
3302 -62.709229 -32.924847 -70.620399 0.000000
3303 -61.779091 -29.794384 -72.800720 0.000000
3488 -85.742615 -16.372412 -48.817184 0.000000
3489 -83.952362 -16.402414 -51.817631 0.000000
3490 -84.942505 -13.161939 -51.137527 0.000000
3491 -83.702324 -3.290485 -54.638042 0.000000
3492 -82.942207 -6.590970 -55.488163 0.000000
3493 -81.742035 -3.300486 -57.538467 0.000000
3494 -79.701729 -3.300486 -60.328884 0.000000
3901 -60.298878 -16.602442 -78.051491 0.000000
3902 -58.318584 -19.962938 -78.761597 0.000000
3903 -56.998386 -16.692455 -80.471848 0.000000
4349 -69.880287 -29.534348 -65.179596 0.000000
4350 -71.450523 -26.433889 -64.799538 0.000000
4354 -72.070610 -13.281955 -68.060013 0.000000
4355 -73.250778 -16.592443 -66.039719 0.000000
4356 -70.780426 -16.612444 -68.680107 0.000000
4357 -69.430222 -19.882925 -69.190186 0.000000
4358 -68.240044 -16.572439 -71.210487 0.000000
4359 -65.679665 -16.592443 -73.580833 0.000000
4360 -67.009865 -13.311960 -73.050751 0.000000
4361 -65.399628 -3.330490 -75.591125 0.000000
4362 -64.249466 -6.670981 -76.361237 0.000000
4363 -62.719231 -3.340492 -77.841461 0.000000
4364 -59.978825 -3.340492 -79.961769 0.000000
5145 -87.682907 -20.503017 -43.526409 0.000000
5584 -58.188564 -39.725845 -70.990456 0.000000
5589 -54.107967 -26.623920 -79.791748 0.000000
5590 -55.278133 -30.014418 -77.761444 0.000000
5837 -87.542885 -9.851450 -47.346970 0.000000
5838 -85.842628 -9.861451 -50.377419 0.000000
5839 -86.612747 -6.580969 -49.567295 0.000000
5840 -85.542587 -3.290485 -51.707611 0.000000
6085 -57.478462 -10.001472 -81.241959 0.000000
6086 -55.568176 -13.341963 -82.082085 0.000000
6087 -54.057957 -10.021475 -83.542305 0.000000
6355 -77.951477 -9.891456 -61.869106 0.000000
6356 -76.841316 -13.221947 -62.639217 0.000000
6357 -75.651138 -9.941463 -64.659523 0.000000
6358 -73.250778 -9.961467 -67.369919 0.000000
6359 -70.750420 -9.971467 -69.980301 0.000000
6360 -68.270050 -9.981469 -72.410652 0.000000
6361 -69.420219 -6.660981 -71.690552 0.000000
6362 -67.980011 -3.330490 -73.280785 0.000000
7093 -66.479782 -35.615242 -65.689667 0.000000
7094 -64.269463 -39.055748 -65.939705 0.000000
7095 -63.539352 -36.015301 -68.330055 0.000000
7096 -60.488903 -36.355350 -70.860435 0.000000
7097 -57.358440 -36.635391 -73.280785 0.000000
7383 -81.131943 -13.181940 -56.978390 0.000000
7384 -84.012367 -9.881454 -53.347855 0.000000
7385 -82.092087 -9.901457 -56.268284 0.000000
7386 -80.061783 -9.891456 -59.118698 0.000000
7387 -78.871613 -6.610973 -61.138996 0.000000
7388 -77.561417 -3.300486 -63.059284 0.000000
7389 -76.121208 0.000000 -64.879555 0.000000
7957 -62.749233 -23.093399 -74.380951 0.000000
7958 -60.688934 -26.443893 -74.971031 0.000000
7959 -59.558765 -23.223417 -76.921326 0.000000
7960 -56.258282 -23.313431 -79.341675 0.000000
7962 -53.587887 -16.712460 -82.782188 0.000000
8533 -68.220039 -32.594799 -65.469635 0.000000
8534 -67.389915 -29.504341 -67.759972 0.000000
8535 -66.449776 -26.373882 -69.940292 0.000000
8539 -75.631134 -16.562437 -63.309322 0.000000
8540 -74.320938 -19.892927 -63.899406 0.000000
8541 -72.920731 -23.183413 -64.409485 0.000000
8542 -70.500381 -23.183413 -67.049873 0.000000
8543 -67.980011 -23.143406 -69.610245 0.000000
8544 -65.379623 -23.073397 -72.080612 0.000000
8545 -64.249466 -19.862923 -74.030891 0.000000
8546 -63.019279 -16.602442 -75.861168 0.000000
8547 -61.699085 -13.321961 -77.581421 0.000000
8548 -65.679665 -10.001472 -74.761002 0.000000
8549 -63.009274 -10.011474 -77.021339 0.000000
8550 -60.268871 -10.001472 -79.181656 0.000000
8551 -58.768650 -6.680983 -80.651871 0.000000
9505 -86.762772 -18.442715 -46.196800 0.000000
9506 -87.752914 -15.202237 -45.516697 0.000000
9509 -88.643051 -11.891751 -44.766590 0.000000
10030 -61.949120 -42.456245 -66.049721 0.000000
10036 -58.578617 -29.924404 -75.341095 0.000000
10037 -56.368298 -33.354908 -75.581123 0.000000
10038 -54.067959 -36.725403 -75.711151 0.000000
