#!ascii label, from subject  
93
33 58.788658 -80.911911 0.000000 0.000000
190 30.034422 -92.443611 23.553467 0.000000
310 63.719379 -75.801163 13.992060 0.000000
312 70.720406 -70.720406 0.000000 0.000000
413 52.357708 -84.402420 11.731727 0.000000
415 38.305637 -91.633484 11.741728 0.000000
416 22.873365 -96.654228 11.741728 0.000000
790 61.449047 -78.601570 7.021034 0.000000
791 67.449921 -73.510818 7.021034 0.000000
792 64.949562 -76.051193 0.000000 0.000000
929 48.757175 -85.542587 17.532581 0.000000
930 45.476696 -88.292999 11.781734 0.000000
931 41.726143 -89.183136 17.542583 0.000000
933 26.523903 -94.793953 17.692604 0.000000
943 54.648045 -81.632019 18.782766 0.000000
1494 37.605534 -89.653198 23.473455 0.000000
1712 69.580238 -70.460373 14.042068 0.000000
1716 73.200768 -67.899994 -5.890867 0.000000
1925 55.708199 -82.852203 5.880866 0.000000
1927 49.007214 -86.982803 5.880866 0.000000
1930 34.265041 -92.283585 17.692604 0.000000
1931 30.694517 -94.453903 11.781734 0.000000
1945 58.188564 -80.311821 12.901898 0.000000
2710 60.158852 -79.821747 3.510517 0.000000
2711 63.249310 -77.391396 3.510517 0.000000
2712 61.919109 -78.541557 0.000000 0.000000
2849 46.866901 -85.962654 20.403004 0.000000
2850 45.276665 -87.432869 17.552586 0.000000
2851 43.356380 -87.792923 20.413004 0.000000
2863 49.857338 -84.102386 21.053099 0.000000
3810 64.719528 -74.230927 17.452570 0.000000
3811 67.649956 -71.560539 17.482573 0.000000
3812 66.699814 -73.190773 14.032066 0.000000
3813 69.140175 -72.180626 3.510517 0.000000
3814 70.330353 -70.770416 7.031035 0.000000
3815 71.960587 -69.370209 3.520518 0.000000
3819 72.000595 -69.350212 -2.940433 0.000000
4229 54.067959 -83.682327 8.811297 0.000000
4230 52.397709 -84.982513 5.890867 0.000000
4231 50.717464 -85.752625 8.811297 0.000000
4232 41.926174 -90.033257 11.771733 0.000000
4233 43.746441 -89.503181 8.841302 0.000000
4237 33.844982 -91.123413 23.533464 0.000000
4238 35.955292 -91.023392 20.603033 0.000000
4239 32.174740 -92.423599 20.643040 0.000000
4240 24.713636 -95.784103 14.732169 0.000000
4241 28.624212 -94.683937 14.752171 0.000000
4242 26.803947 -95.634079 11.771733 0.000000
4243 28.844246 -95.354042 8.841302 0.000000
4244 24.933670 -96.454201 8.821300 0.000000
4246 21.103107 -97.364334 8.821300 0.000000
4270 53.537884 -83.082230 15.272248 0.000000
4271 56.448311 -81.021927 15.852334 0.000000
4272 55.308136 -82.412132 12.321814 0.000000
4273 56.988392 -81.652016 9.401383 0.000000
6030 62.629223 -77.261375 10.511547 0.000000
6031 65.639656 -74.721001 10.511547 0.000000
6032 64.499496 -76.111198 7.021034 0.000000
6033 66.249748 -74.841019 3.510517 0.000000
6034 67.889992 -73.440811 0.000000 0.000000
6035 69.200188 -72.150620 -2.940433 0.000000
6036 66.309753 -74.811012 -2.940433 0.000000
6281 50.587448 -85.022507 14.642156 0.000000
6282 48.957203 -86.412720 11.761731 0.000000
6283 47.146938 -86.972801 14.662157 0.000000
6284 43.626419 -88.793068 14.672159 0.000000
6285 40.045895 -90.473320 14.652158 0.000000
6287 28.294167 -93.683792 20.643040 0.000000
6289 22.613329 -95.814110 17.632597 0.000000
6290 20.783060 -96.724236 14.652158 0.000000
6291 19.002798 -97.484352 11.771733 0.000000
6307 51.737614 -83.642319 18.172674 0.000000
7835 68.570091 -72.040604 10.541552 0.000000
7836 71.400513 -69.240196 10.541552 0.000000
7845 70.440369 -70.750420 -5.890867 0.000000
8381 57.278435 -81.932060 2.940433 0.000000
8383 54.017948 -84.122383 2.940433 0.000000
8386 47.266960 -87.692909 8.831300 0.000000
8392 39.685841 -89.483170 20.523022 0.000000
8393 38.025597 -90.813370 17.632597 0.000000
8394 36.305344 -92.023544 14.732169 0.000000
8395 30.414476 -93.613777 17.712608 0.000000
8396 32.494785 -93.433754 14.752171 0.000000
8397 34.525082 -93.123711 11.771733 0.000000
8398 32.714813 -94.093849 8.841302 0.000000
8404 17.222534 -98.124443 8.841302 0.000000
8405 15.402267 -98.644516 5.890867 0.000000
8432 62.049133 -76.581276 16.952494 0.000000
8433 57.508465 -79.501701 19.352850 0.000000
8434 59.298725 -78.851601 16.412416 0.000000
8435 60.998978 -78.111496 13.451980 0.000000
8436 59.858814 -79.501701 9.961467 0.000000
8437 58.608631 -80.781891 6.450949 0.000000
