#!ascii label, from subject  
100
5 -72.370651 -52.577736 44.726585 0.000000
64 -68.170029 -69.390213 23.253424 0.000000
65 -80.911911 -58.788658 0.000000 0.000000
188 -60.518906 -70.300346 37.395504 0.000000
406 -75.311089 -64.749535 11.741728 0.000000
412 -57.038395 -78.031494 25.713783 0.000000
664 -71.830574 -57.218422 39.615833 0.000000
667 -67.559944 -57.218422 46.536850 0.000000
668 -66.909851 -61.779091 41.356091 0.000000
914 -66.289757 -72.810715 17.532581 0.000000
915 -69.920296 -70.530388 11.781734 0.000000
925 -64.549500 -70.070320 30.424479 0.000000
926 -58.928677 -74.360947 31.634657 0.000000
927 -62.769241 -73.900879 24.543612 0.000000
928 -60.758945 -77.191360 18.782766 0.000000
1193 -81.902054 -38.175621 42.856308 0.000000
1194 -83.972359 -31.684664 44.136497 0.000000
1491 -61.619072 -66.099724 42.856308 0.000000
1492 -65.889694 -66.099724 35.945290 0.000000
1670 -83.072235 -55.248131 -7.031035 0.000000
1907 -73.200768 -67.899994 5.890867 0.000000
1908 -78.311531 -61.929115 5.890867 0.000000
1920 -54.648045 -74.360947 38.555679 0.000000
1921 -52.947792 -78.291527 32.724819 0.000000
2042 -75.291084 -46.576855 46.536850 0.000000
2584 -72.140617 -54.928085 42.196209 0.000000
2586 -74.530968 -51.637604 42.196209 0.000000
2587 -70.010307 -54.928085 45.656719 0.000000
2588 -69.750267 -57.258427 43.106342 0.000000
2834 -67.269897 -71.140480 20.403004 0.000000
2835 -69.160179 -70.080315 17.552586 0.000000
2836 -70.100327 -68.360062 20.413004 0.000000
2845 -66.419777 -69.790276 26.853952 0.000000
2846 -63.699379 -72.030602 27.504049 0.000000
2847 -65.509644 -71.690552 23.913521 0.000000
2848 -64.579506 -73.410805 21.053099 0.000000
3142 -78.541557 -61.919109 0.000000 0.000000
3144 -79.631714 -60.408890 -3.520518 0.000000
3444 -62.059139 -63.879406 45.516697 0.000000
3445 -68.990158 -61.729088 37.865574 0.000000
3446 -66.439781 -63.979420 38.675694 0.000000
3447 -68.460075 -63.879406 35.155178 0.000000
3448 -67.869987 -65.919701 32.424774 0.000000
4187 -72.670692 -67.699966 11.771733 0.000000
4188 -71.610542 -69.260193 8.841302 0.000000
4189 -74.300941 -66.369774 8.821300 0.000000
4190 -75.811165 -64.969574 5.890867 0.000000
4191 -76.861313 -63.379333 8.821300 0.000000
4215 -58.348591 -70.240341 40.796005 0.000000
4216 -55.398155 -72.260635 41.376095 0.000000
4217 -57.618481 -72.380653 38.005596 0.000000
4218 -58.018539 -76.241226 28.694225 0.000000
4219 -55.968239 -76.371246 32.204742 0.000000
4220 -55.038101 -78.221512 29.234303 0.000000
4221 -52.007656 -80.081787 29.754381 0.000000
4222 -54.057957 -79.951767 26.243862 0.000000
4224 -55.978241 -79.681725 22.823359 0.000000
5017 -76.611275 -43.486401 47.346970 0.000000
5018 -77.401390 -45.586708 43.966473 0.000000
5019 -78.701576 -42.476250 44.766590 0.000000
5809 -65.029579 -59.428749 47.346970 0.000000
5810 -64.719528 -61.729088 44.766590 0.000000
5811 -67.269897 -59.528763 43.966473 0.000000
5812 -69.410217 -59.528763 40.505962 0.000000
6254 -65.229607 -74.390945 14.642156 0.000000
6255 -67.059868 -73.260780 11.761731 0.000000
6256 -68.150032 -71.720558 14.662157 0.000000
6257 -70.970444 -68.930145 14.672159 0.000000
6273 -62.589214 -70.240341 33.934994 0.000000
6274 -59.758801 -72.380653 34.545086 0.000000
6275 -61.779091 -72.260635 31.054571 0.000000
6276 -60.898964 -74.190918 28.114140 0.000000
6277 -59.938828 -76.011192 25.143700 0.000000
6278 -58.938671 -77.671440 22.263277 0.000000
6279 -61.799099 -75.591125 21.673191 0.000000
6280 -63.559361 -75.051048 18.172674 0.000000
6755 -79.921761 -39.285782 45.516697 0.000000
6756 -81.031921 -36.075310 46.196800 0.000000
6757 -82.992218 -34.955147 43.526409 0.000000
7318 -58.888668 -68.130035 43.526409 0.000000
7319 -61.098995 -68.240044 40.155910 0.000000
7320 -64.299469 -63.979420 42.136204 0.000000
7321 -63.809395 -66.149734 39.435806 0.000000
7322 -63.239311 -68.240044 36.695400 0.000000
7323 -65.259605 -68.130035 33.204884 0.000000
7324 -67.179886 -67.899994 29.654366 0.000000
7736 -82.062080 -57.068398 -3.520518 0.000000
7737 -84.242401 -53.797916 -3.520518 0.000000
8332 -74.670990 -66.469780 2.940433 0.000000
8333 -77.231369 -63.479347 2.950434 0.000000
8334 -79.661728 -60.398895 2.950434 0.000000
8367 -56.838367 -74.420952 35.125172 0.000000
8368 -53.827927 -76.371246 35.665249 0.000000
8695 -71.080460 -51.637604 47.797035 0.000000
8696 -73.870872 -49.607300 45.656719 0.000000
8697 -72.550674 -48.647160 48.707169 0.000000
8858 -68.680107 -53.967949 48.707169 0.000000
9349 -76.011192 -48.647160 43.106342 0.000000
9352 -80.711876 -41.386093 42.136204 0.000000
9359 -85.842628 -30.354469 41.376095 0.000000
