#!ascii label, from subject  
92
70 30.904547 -95.124001 0.000000 0.000000
139 44.726585 -85.082527 -27.644068 0.000000
299 64.089439 -75.881172 -11.731727 0.000000
300 57.038395 -78.031494 -25.713783 0.000000
301 52.407711 -84.032372 -13.992060 0.000000
574 38.325642 -91.313438 -14.012063 0.000000
780 58.398594 -80.161804 -12.901898 0.000000
1262 51.007507 -81.762039 -26.743937 0.000000
1263 52.947792 -78.291527 -32.724819 0.000000
1267 38.275635 -92.403603 0.000000 0.000000
1268 41.996185 -90.493324 -7.021034 0.000000
1269 34.735111 -93.523766 -7.031035 0.000000
1691 66.289757 -72.810715 -17.532581 0.000000
1692 62.769241 -73.900879 -24.543612 0.000000
1693 60.758945 -77.191360 -18.782766 0.000000
1694 54.848072 -81.231956 -19.902929 0.000000
1695 48.717171 -84.812477 -20.883076 0.000000
1696 23.343437 -97.254311 0.000000 0.000000
1697 26.873957 -96.084145 -7.031035 0.000000
2350 58.928677 -74.360947 -31.634657 0.000000
2356 49.067219 -86.862785 -7.021034 0.000000
2357 45.506699 -87.942947 -14.042068 0.000000
2358 41.666134 -88.493027 -20.893076 0.000000
2359 30.604504 -94.173866 -14.052068 0.000000
3181 66.419777 -69.790276 -26.853952 0.000000
3182 47.897049 -83.472290 -27.214006 0.000000
3183 48.917202 -81.832047 -30.234451 0.000000
3187 34.615097 -93.833809 0.000000 0.000000
3188 36.535378 -93.033691 -3.520518 0.000000
3189 32.844833 -94.403893 -3.520518 0.000000
3779 65.229607 -74.390945 -14.642156 0.000000
3780 63.559361 -75.051048 -18.172674 0.000000
3781 62.469196 -76.591278 -15.272248 0.000000
3782 55.438160 -82.152092 -13.451980 0.000000
3783 56.668346 -80.761887 -16.412416 0.000000
3784 53.657898 -82.682167 -16.952494 0.000000
3785 51.817631 -83.072235 -20.403004 0.000000
3786 50.597450 -84.492432 -17.452570 0.000000
5227 59.938828 -76.011192 -25.143700 0.000000
5228 60.898964 -74.190918 -28.114140 0.000000
5229 58.018539 -76.241226 -28.694225 0.000000
5244 47.276958 -88.062965 -3.510517 0.000000
5245 40.195915 -90.973389 -10.521549 0.000000
5246 43.786446 -89.303146 -10.541552 0.000000
5247 41.946178 -89.703209 -14.042068 0.000000
5248 43.616421 -88.282997 -17.482573 0.000000
5249 40.025894 -89.973251 -17.462572 0.000000
5251 28.764235 -95.204018 -10.551554 0.000000
6012 61.289021 -78.071487 -12.321814 0.000000
6013 60.038841 -79.431694 -9.401383 0.000000
6014 57.118408 -81.491997 -9.961467 0.000000
6015 54.127968 -83.442284 -10.511547 0.000000
6880 54.057957 -79.951767 -26.243862 0.000000
6881 55.038101 -78.221512 -29.234303 0.000000
6882 52.007656 -80.081787 -29.754381 0.000000
6889 41.876167 -90.823364 0.000000 0.000000
6890 43.736439 -89.873230 -3.520518 0.000000
6891 40.165913 -91.523468 -3.520518 0.000000
6892 38.395653 -92.083557 -7.031035 0.000000
6893 36.555382 -92.493614 -10.521549 0.000000
7787 67.269897 -71.140480 -20.403004 0.000000
7788 65.509644 -71.690552 -23.913521 0.000000
7789 64.579506 -73.410805 -21.053099 0.000000
7790 61.799099 -75.591125 -21.673191 0.000000
7791 58.938671 -77.671440 -22.263277 0.000000
7792 59.608776 -78.731590 -15.852334 0.000000
7793 57.838516 -79.261665 -19.352850 0.000000
7794 55.978241 -79.681725 -22.823359 0.000000
7795 52.977795 -81.562012 -23.343437 0.000000
7796 49.897343 -83.342270 -23.833508 0.000000
7797 46.756882 -85.012512 -24.283573 0.000000
7798 27.143997 -96.264168 0.000000 0.000000
7799 28.914255 -95.684090 -3.520518 0.000000
7800 25.133701 -96.744247 -3.520518 0.000000
9604 63.699379 -72.030602 -27.504049 0.000000
9605 61.779091 -72.260635 -31.054571 0.000000
9606 59.758801 -72.380653 -34.545086 0.000000
9607 55.968239 -76.371246 -32.204742 0.000000
9623 52.457722 -84.862488 -7.021034 0.000000
9624 50.777477 -85.522583 -10.511547 0.000000
9625 45.566704 -88.753059 -7.031035 0.000000
9626 47.326965 -87.472878 -10.541552 0.000000
9627 48.997211 -86.052666 -14.032066 0.000000
9628 47.146938 -86.452728 -17.482573 0.000000
9629 45.226658 -86.722763 -20.903078 0.000000
9630 43.236362 -86.852783 -24.293575 0.000000
9631 30.834538 -94.883972 -7.031035 0.000000
9632 32.694817 -93.933823 -10.551554 0.000000
9633 34.495079 -92.823662 -14.042068 0.000000
9636 36.255337 -91.543472 -17.562586 0.000000
9637 37.925583 -90.133270 -21.003092 0.000000
9638 39.525818 -88.563042 -24.433596 0.000000
