#!ascii label, from subject  
13
362 -32.634804 23.713491 91.513474 0.000000
843 -25.473751 26.743937 92.943680 0.000000
1802 -37.675549 27.374029 88.513031 0.000000
2623 -43.046337 27.143997 86.092674 0.000000
2624 -46.366825 25.433744 84.892494 0.000000
3962 -35.175179 25.553761 90.063263 0.000000
3963 -34.195034 28.974264 89.413162 0.000000
3964 -31.674665 27.133993 90.903381 0.000000
4006 -38.125610 23.573469 89.413162 0.000000
6123 -29.074280 25.243717 92.303589 0.000000
6124 -26.473896 23.353437 93.573769 0.000000
8047 -28.084135 28.654219 91.613487 0.000000
8098 -40.615978 25.373734 87.802925 0.000000
