#!ascii label, from subject  
158
36 85.082527 0.000000 -52.577736 0.000000
144 81.842049 27.334024 -50.577446 0.000000
145 94.733948 16.252392 -27.644068 0.000000
146 94.733948 -16.252392 -27.644068 0.000000
354 84.262405 13.802031 -52.077667 0.000000
355 75.231079 22.013241 -62.109142 0.000000
590 89.203133 22.013241 -39.515816 0.000000
591 91.023392 8.221210 -40.615978 0.000000
593 96.014130 0.000000 -28.014122 0.000000
594 91.023392 -8.221210 -40.615978 0.000000
634 71.710556 35.825272 -59.798801 0.000000
834 84.872498 6.911017 -52.457722 0.000000
835 80.861900 11.041625 -57.818512 0.000000
1309 92.203568 19.182823 -33.664955 0.000000
1310 90.333298 15.152231 -40.165913 0.000000
1311 93.163719 12.271806 -34.235039 0.000000
1315 97.034279 -12.281808 -20.893076 0.000000
1317 95.694084 -8.151200 -27.924109 0.000000
1318 93.813812 -4.130608 -34.425064 0.000000
1319 93.163719 -12.271806 -34.235039 0.000000
1321 92.203568 -19.182823 -33.664955 0.000000
1421 77.031342 31.684664 -55.368153 0.000000
1423 69.880287 26.163849 -66.599800 0.000000
1727 95.714096 -20.122961 -20.883076 0.000000
1728 93.523766 -23.253424 -26.743937 0.000000
1788 83.252258 20.613035 -51.447575 0.000000
1789 78.741585 24.733641 -56.488319 0.000000
1790 80.001778 17.962643 -57.278435 0.000000
2406 85.742615 24.733641 -45.166649 0.000000
2407 87.002808 17.962643 -45.936764 0.000000
2408 87.872932 11.041625 -46.466839 0.000000
2409 88.322998 4.120606 -46.736877 0.000000
2415 95.694084 8.151200 -27.924109 0.000000
2416 93.813812 4.130608 -34.425064 0.000000
2417 91.333443 0.000000 -40.745998 0.000000
2418 88.322998 -4.120606 -46.736877 0.000000
2539 73.670837 28.994268 -61.118996 0.000000
2540 68.070015 33.064865 -65.389633 0.000000
2541 62.059139 36.855423 -69.230194 0.000000
2754 85.022507 3.460510 -52.547733 0.000000
2755 83.142242 5.520813 -55.308136 0.000000
2879 57.808510 41.996185 -69.980301 0.000000
3229 93.533768 17.722610 -30.674513 0.000000
3230 92.743645 15.742317 -33.975002 0.000000
3231 94.023842 14.272101 -30.964558 0.000000
3235 95.964134 -14.272101 -24.293575 0.000000
3236 96.444199 -10.221505 -24.433596 0.000000
3237 95.294029 -12.211798 -27.804092 0.000000
3238 94.503906 -10.221505 -31.104578 0.000000
3239 94.023842 -14.272101 -30.964558 0.000000
3240 92.743645 -15.742317 -33.975002 0.000000
3241 93.533768 -17.722610 -30.674513 0.000000
3339 80.981918 30.644510 -50.047367 0.000000
3340 78.581566 32.824833 -52.447720 0.000000
3341 79.501701 29.534348 -53.017803 0.000000
3838 96.794250 -18.122667 -17.482573 0.000000
3939 83.812340 17.212532 -51.797626 0.000000
3940 81.682022 19.302843 -54.398006 0.000000
3941 82.192101 15.892339 -54.718052 0.000000
3943 78.651581 13.111930 -60.378887 0.000000
5365 90.083260 24.103548 -36.145321 0.000000
5369 87.522888 23.393442 -42.366238 0.000000
5370 86.422714 21.363144 -45.576710 0.000000
5371 88.172981 20.002945 -42.766293 0.000000
5372 90.733360 11.701722 -40.415951 0.000000
5373 89.173134 13.111930 -43.346382 0.000000
5374 89.513176 9.641419 -43.566414 0.000000
5375 88.152977 7.591117 -46.626862 0.000000
5376 89.743217 6.180910 -43.706436 0.000000
5388 96.924271 -2.070305 -24.573616 0.000000
5390 96.924271 2.070305 -24.573616 0.000000
5392 95.934128 4.080601 -27.994122 0.000000
5393 94.823959 6.140904 -31.194590 0.000000
5394 94.983986 2.060303 -31.244600 0.000000
5395 92.493614 -6.180910 -37.545528 0.000000
5396 92.643631 -2.060303 -37.615540 0.000000
5397 91.263435 -4.120606 -40.715992 0.000000
5398 89.903236 -2.060303 -43.776443 0.000000
5399 89.743217 -6.180910 -43.706436 0.000000
5400 88.152977 -7.591117 -46.626862 0.000000
5401 89.513176 -9.641419 -43.566414 0.000000
5407 92.743645 -26.703930 -26.243862 0.000000
5701 68.880142 37.815567 -61.869106 0.000000
5702 77.041336 23.393442 -59.338734 0.000000
5703 76.261223 26.883957 -58.848663 0.000000
5704 74.500961 25.523758 -61.649075 0.000000
5705 67.029861 28.164146 -68.680107 0.000000
5706 69.020164 29.634361 -66.039719 0.000000
5707 66.109734 31.614655 -68.060013 0.000000
5708 65.119583 34.985149 -67.369919 0.000000
5709 63.099293 33.514931 -69.980301 0.000000
6108 84.622459 10.361526 -52.297695 0.000000
6109 82.612160 12.421828 -54.988094 0.000000
6110 82.932213 8.981321 -55.178120 0.000000
6111 81.131943 7.591117 -57.988537 0.000000
6965 90.763359 20.613035 -36.615391 0.000000
6966 89.823227 18.592737 -39.865868 0.000000
6967 91.343437 17.182529 -36.945438 0.000000
6968 91.813507 13.722019 -37.225479 0.000000
6969 92.173561 10.261511 -37.455513 0.000000
6977 97.434341 -8.211208 -21.003092 0.000000
6978 96.764244 -6.150906 -24.523609 0.000000
6979 95.934128 -4.080601 -27.994122 0.000000
6980 94.983986 -2.060303 -31.244600 0.000000
6981 94.823959 -6.140904 -31.194590 0.000000
6982 93.573769 -8.211208 -34.355057 0.000000
6983 92.173561 -10.261511 -37.455513 0.000000
6984 90.733360 -11.701722 -40.415951 0.000000
6985 91.813507 -13.722019 -37.225479 0.000000
7164 76.041191 34.955147 -54.758060 0.000000
7165 74.430954 33.784973 -57.628487 0.000000
7166 73.340790 20.613035 -64.799538 0.000000
7167 72.620689 24.103548 -64.409485 0.000000
7870 96.454201 -16.212387 -20.903078 0.000000
7871 95.304031 -18.202679 -24.283573 0.000000
7872 94.193863 -19.762909 -27.214006 0.000000
7873 94.683937 -21.703194 -23.833508 0.000000
7874 93.933823 -25.173708 -23.343437 0.000000
7875 93.073700 -28.614212 -22.823359 0.000000
8010 82.592163 23.983532 -51.047516 0.000000
8011 80.341827 26.053837 -53.567886 0.000000
8012 81.061935 22.693340 -54.017948 0.000000
8013 79.421684 21.363144 -56.918381 0.000000
8014 77.681435 20.002945 -59.738792 0.000000
8015 80.481850 14.512136 -57.578476 0.000000
8016 78.211510 16.572439 -60.098846 0.000000
8017 75.821159 18.592737 -62.509201 0.000000
9774 83.842346 26.053837 -47.907055 0.000000
9775 84.562454 22.693340 -48.347118 0.000000
9776 85.182541 19.302843 -48.727169 0.000000
9777 85.702614 15.892339 -49.047218 0.000000
9778 88.723061 16.572439 -43.076340 0.000000
9779 87.492882 14.512136 -46.226803 0.000000
9780 86.122681 12.421828 -49.307259 0.000000
9781 86.442726 8.981321 -49.497284 0.000000
9782 86.652756 5.520813 -49.627304 0.000000
9783 86.772774 2.060303 -49.697315 0.000000
9801 95.294029 12.211798 -27.804092 0.000000
9802 94.503906 10.221505 -31.104578 0.000000
9803 93.573769 8.211208 -34.355057 0.000000
9804 92.493614 6.180910 -37.545528 0.000000
9805 93.893822 0.000000 -34.455074 0.000000
9806 92.643631 2.060303 -37.615540 0.000000
9807 91.263435 4.120606 -40.715992 0.000000
9808 89.903236 2.060303 -43.776443 0.000000
9809 88.403015 0.000000 -46.776886 0.000000
9810 86.772774 -2.060303 -49.697315 0.000000
9820 92.943680 -21.233126 -30.234451 0.000000
10171 77.931473 28.224155 -55.968239 0.000000
10172 75.401100 30.354469 -58.278580 0.000000
10173 72.740700 32.434776 -60.498909 0.000000
10174 71.820572 27.594063 -63.899406 0.000000
10175 70.930450 31.054571 -63.309322 0.000000
10176 69.940292 34.465073 -62.639217 0.000000
10177 67.049873 36.425362 -64.659523 0.000000
10178 64.039429 38.325642 -66.579803 0.000000
10179 60.928967 40.155910 -68.400070 0.000000
10180 58.978680 38.735706 -70.880440 0.000000
