#!ascii label, from subject  
172
23 95.124001 30.904547 0.000000 0.000000
74 95.944122 16.062366 23.253424 0.000000
75 100.014725 0.000000 0.000000 0.000000
113 87.062820 43.396389 -23.253424 0.000000
194 93.593781 8.111195 34.315052 0.000000
314 91.973541 37.505520 -11.731727 0.000000
316 96.114151 23.873514 -13.992060 0.000000
422 96.454201 23.713491 11.731727 0.000000
424 98.994568 8.111195 11.741728 0.000000
510 92.003540 29.604359 25.713783 0.000000
511 90.283295 21.303135 37.395504 0.000000
592 98.684525 8.231212 -14.012063 0.000000
674 91.743500 4.060598 39.615833 0.000000
794 93.763802 34.285046 -5.880866 0.000000
795 94.283882 30.774530 -12.901898 0.000000
796 95.914124 27.474043 -7.021034 0.000000
944 96.424194 19.932934 17.532581 0.000000
945 98.024422 15.962350 11.781734 0.000000
946 97.714378 12.121784 17.542583 0.000000
1121 87.922943 28.034126 38.555679 0.000000
1314 99.684669 4.130608 -7.031035 0.000000
1502 94.993988 12.111782 28.854248 0.000000
1718 89.733208 40.545971 -17.532581 0.000000
1719 89.673203 36.855423 -24.543612 0.000000
1720 92.193573 33.924992 -18.782766 0.000000
1721 94.203873 27.063984 -19.902929 0.000000
1724 99.684669 -4.130608 -7.031035 0.000000
1946 96.014130 27.374029 5.880866 0.000000
1947 97.254311 23.343437 0.000000 0.000000
1948 97.874405 19.732904 5.880866 0.000000
2152 71.830574 57.218422 -39.615833 0.000000
2154 75.971184 55.198128 -34.425064 0.000000
2155 79.751740 52.917789 -29.004269 0.000000
2156 83.122238 50.427422 -23.473455 0.000000
2159 86.182686 47.627014 -17.542583 0.000000
2160 88.693054 44.706581 -11.781734 0.000000
2161 90.773361 41.566120 -5.880866 0.000000
2162 92.403603 38.275635 0.000000 0.000000
2171 93.743805 34.145027 7.021034 0.000000
2172 94.363892 30.524494 12.901898 0.000000
2173 94.523918 26.743937 18.782766 0.000000
2174 94.213867 22.893370 24.543612 0.000000
2176 91.383446 25.523758 31.634657 0.000000
2177 93.413750 18.742758 30.424479 0.000000
2178 92.163567 14.742170 35.945290 0.000000
2411 97.704376 16.102371 -14.042068 0.000000
2413 99.024582 0.000000 -14.052068 0.000000
2714 94.503906 32.614803 -2.940433 0.000000
2715 94.903969 30.904547 -6.450949 0.000000
2716 95.584068 29.214302 -3.510517 0.000000
2864 96.244171 18.012651 20.403004 0.000000
2865 97.144295 16.042362 17.552586 0.000000
2866 96.894257 14.102077 20.413004 0.000000
3234 99.934708 2.070305 -3.520518 0.000000
3464 94.353889 10.121490 31.604654 0.000000
3465 95.394051 8.101192 28.954264 0.000000
3466 94.663933 6.090896 31.684664 0.000000
3824 90.903381 39.055748 -14.642156 0.000000
3825 91.023392 37.265484 -18.172674 0.000000
3826 92.153564 35.745262 -15.272248 0.000000
3827 95.264023 27.334024 -13.451980 0.000000
3828 94.313889 28.944262 -16.412416 0.000000
3829 95.214020 25.483751 -16.952494 0.000000
3830 95.023987 23.613476 -20.403004 0.000000
3831 95.984131 22.013241 -17.452570 0.000000
4274 96.294174 25.553761 8.811297 0.000000
4275 97.014282 23.573469 5.890867 0.000000
4276 97.224312 21.733198 8.811297 0.000000
4277 98.584511 12.051774 11.771733 0.000000
4278 98.644516 13.942053 8.841302 0.000000
4748 73.940887 56.238281 -37.045456 0.000000
4753 81.481995 51.707611 -26.253862 0.000000
4763 87.482880 46.196800 -14.672159 0.000000
4768 91.643486 39.945877 -2.940433 0.000000
4791 92.323586 37.815567 7.021034 0.000000
4792 92.833664 35.695255 10.511547 0.000000
4793 94.113853 32.354767 9.961467 0.000000
4794 93.133713 33.874985 13.451980 0.000000
4796 93.383751 30.124435 19.352850 0.000000
4797 93.343742 28.194149 22.263277 0.000000
4798 94.423904 24.833656 21.673191 0.000000
4799 93.173714 26.263866 25.143700 0.000000
4803 89.163124 24.683634 38.005596 0.000000
4804 89.723206 26.803947 35.125172 0.000000
4805 90.893379 23.433451 34.545086 0.000000
4806 92.453606 22.143259 31.054571 0.000000
4807 91.923531 20.042950 33.934994 0.000000
4808 92.843666 16.752466 33.204884 0.000000
4809 91.273430 18.032654 36.695400 0.000000
5377 98.094437 19.512873 0.000000 0.000000
5378 97.594360 21.603180 -3.510517 0.000000
5382 98.274460 12.181792 -14.042068 0.000000
5383 97.444344 14.202091 -17.482573 0.000000
5384 97.944420 10.261511 -17.462572 0.000000
5385 99.264610 -6.190911 -10.521549 0.000000
5386 99.434631 -2.070305 -10.551554 0.000000
5822 92.723648 6.090896 36.985443 0.000000
5823 93.823807 4.060598 34.405067 0.000000
5824 92.873672 2.030299 37.045456 0.000000
6038 92.923676 35.925285 -8.811297 0.000000
6039 93.183716 34.165028 -12.321814 0.000000
6040 94.103859 32.554794 -9.401383 0.000000
6041 95.154007 29.144289 -9.961467 0.000000
6042 96.084145 25.693783 -10.511547 0.000000
6308 96.494209 21.833214 14.642156 0.000000
6309 97.314323 19.852922 11.761731 0.000000
6310 97.294319 17.962643 14.662157 0.000000
6311 97.934418 14.052068 14.672159 0.000000
6312 98.414490 10.121490 14.652158 0.000000
6974 99.264610 6.190911 -10.521549 0.000000
7346 95.524063 14.102077 26.063837 0.000000
7347 96.494209 12.071776 23.383442 0.000000
7348 95.994133 10.091486 26.183853 0.000000
7850 88.443016 41.996185 -20.403004 0.000000
7851 88.423019 40.155910 -23.913521 0.000000
7852 89.773216 38.735706 -21.053099 0.000000
7853 90.993393 35.415215 -21.673191 0.000000
7854 92.083557 32.054718 -22.263277 0.000000
7855 93.293732 32.364765 -15.852334 0.000000
7856 93.253723 30.514492 -19.352850 0.000000
7862 99.934708 -2.070305 -3.520518 0.000000
8438 95.624077 29.154291 2.940433 0.000000
8439 96.264168 27.143997 0.000000 0.000000
8440 96.694237 25.373734 2.940433 0.000000
8441 97.624374 21.553171 2.940433 0.000000
8443 98.014427 17.862631 8.831300 0.000000
8449 97.364334 10.091486 20.523022 0.000000
8450 98.114441 8.101192 17.632597 0.000000
9028 77.911469 54.087959 -31.734671 0.000000
9030 81.932060 49.517288 -28.954264 0.000000
9031 83.592308 48.257103 -26.183853 0.000000
9032 85.162529 46.946911 -23.383442 0.000000
9040 84.702469 49.057220 -20.523022 0.000000
9041 86.672752 45.536701 -20.413004 0.000000
9042 88.022957 44.126495 -17.552586 0.000000
9043 89.263138 42.656277 -14.662157 0.000000
9044 90.403305 41.136055 -11.761731 0.000000
9046 89.793221 43.166355 -8.831300 0.000000
9047 91.433456 39.565823 -8.811297 0.000000
9048 92.343597 37.955589 -5.890867 0.000000
9049 93.143707 36.305344 -2.940433 0.000000
9050 93.833809 34.615097 0.000000 0.000000
9076 93.153709 36.245335 3.510517 0.000000
9077 94.503906 32.554794 3.510517 0.000000
9078 94.943977 30.784531 6.450949 0.000000
9079 95.264023 28.974264 9.401383 0.000000
9080 95.474052 27.133993 12.321814 0.000000
9081 93.313736 32.024715 16.412416 0.000000
9082 94.503906 28.654219 15.852334 0.000000
9083 95.564072 25.243717 15.272248 0.000000
9084 95.534065 23.353437 18.172674 0.000000
9085 95.394051 21.433155 21.053099 0.000000
9086 95.134010 19.492868 23.913521 0.000000
9091 90.173279 28.884253 32.204742 0.000000
9092 91.753502 27.584059 28.694225 0.000000
9093 92.873672 24.223564 28.114140 0.000000
9094 93.873817 20.833067 27.504049 0.000000
9095 94.753944 17.422565 26.853952 0.000000
9096 94.263878 15.442274 29.654366 0.000000
9097 93.653786 13.441978 32.424774 0.000000
9098 92.933678 11.431683 35.155178 0.000000
9099 90.503319 16.012358 39.435806 0.000000
9100 91.353447 12.701871 38.675694 0.000000
9101 92.093552 9.391383 37.865574 0.000000
9784 96.664230 25.433744 -3.510517 0.000000
9785 96.924271 23.663483 -7.021034 0.000000
9786 97.024284 21.863218 -10.511547 0.000000
9789 96.984276 20.002945 -14.032066 0.000000
9790 96.794250 18.122667 -17.482573 0.000000
9793 99.764687 0.000000 -7.031035 0.000000
9794 99.434631 2.070305 -10.551554 0.000000
9795 98.934563 4.120606 -14.042068 0.000000
