#!ascii label, from subject  
124
55 14.372116 96.204163 23.253424 0.000000
56 30.904547 95.124001 0.000000 0.000000
257 7.001030 98.784538 -13.992060 0.000000
265 -7.001030 98.784538 13.992060 0.000000
387 7.251067 99.054581 11.731727 0.000000
388 15.642302 98.784538 0.000000 0.000000
389 22.873365 96.654228 11.741728 0.000000
393 -6.630976 91.633484 39.515816 0.000000
394 0.280041 96.654228 25.713783 0.000000
885 10.841596 97.864403 17.532581 0.000000
886 15.112225 98.164452 11.781734 0.000000
887 18.672749 96.674232 17.542583 0.000000
895 11.041625 94.633934 30.424479 0.000000
896 3.970585 94.793953 31.634657 0.000000
897 7.341080 96.674232 24.543612 0.000000
898 3.780556 98.164452 18.782766 0.000000
1133 23.343437 97.254311 0.000000 0.000000
1134 19.212830 97.904411 -7.021034 0.000000
1614 3.370496 97.954414 -19.902929 0.000000
1615 10.441538 97.254311 -20.883076 0.000000
1863 3.630534 99.774689 5.880866 0.000000
1864 7.851156 99.704681 0.000000 0.000000
1865 11.481689 99.174591 5.880866 0.000000
1866 19.302843 97.954414 5.890867 0.000000
1867 26.953966 96.134155 5.890867 0.000000
1879 -3.190470 94.453903 32.724819 0.000000
1880 -6.790999 96.134155 26.743937 0.000000
1881 -3.370496 97.954414 19.902929 0.000000
1882 0.130019 99.174591 12.901898 0.000000
2191 11.361672 99.114586 -7.021034 0.000000
2192 14.882191 97.904411 -14.042068 0.000000
2805 12.611857 97.094292 20.403004 0.000000
2806 14.762173 97.354324 17.552586 0.000000
2807 16.532433 96.504211 20.413004 0.000000
2815 12.711872 95.494057 26.853952 0.000000
2816 9.191353 95.714096 27.504049 0.000000
2817 10.861599 96.504211 23.913521 0.000000
2818 9.091337 97.354324 21.053099 0.000000
3053 27.143997 96.264168 0.000000 0.000000
3054 25.133701 96.744247 -3.520518 0.000000
3055 28.914255 95.684090 -3.520518 0.000000
3648 3.440506 99.044579 -13.451980 0.000000
3649 1.620239 98.644516 -16.412416 0.000000
3650 5.190764 98.434486 -16.952494 0.000000
3651 6.911017 97.664368 -20.403004 0.000000
3652 8.721284 98.094437 -17.452570 0.000000
3675 -8.721284 98.094437 17.452570 0.000000
4095 5.450802 99.474640 8.811297 0.000000
4096 7.561113 99.554657 5.890867 0.000000
4097 9.371379 99.184601 8.811297 0.000000
4098 19.002798 97.484352 11.771733 0.000000
4099 17.222534 98.124443 8.841302 0.000000
4100 21.103107 97.364334 8.821300 0.000000
4101 23.153408 97.124298 5.890867 0.000000
4102 24.933670 96.454201 8.821300 0.000000
4128 2.120312 95.784103 28.694225 0.000000
4129 0.390057 94.683937 32.204742 0.000000
4130 -1.460215 95.634079 29.234303 0.000000
4131 -4.990735 95.354042 29.754381 0.000000
4132 -3.260480 96.454201 26.243862 0.000000
4133 -5.080748 97.124298 23.343437 0.000000
4134 -1.550228 97.364334 22.823359 0.000000
4135 5.520813 98.684525 15.272248 0.000000
4136 1.950287 98.734535 15.852334 0.000000
4137 3.690543 99.184601 12.321814 0.000000
4138 1.880277 99.554657 9.401383 0.000000
4838 11.751730 99.324615 0.000000 0.000000
4839 9.611416 99.494644 -3.510517 0.000000
4840 13.511990 99.034576 -3.510517 0.000000
4841 20.953085 97.224312 -10.521549 0.000000
4842 17.062511 97.984428 -10.541552 0.000000
4843 18.782766 97.224312 -14.042068 0.000000
4844 16.602442 97.064293 -17.482573 0.000000
5935 5.260775 99.324615 -10.511547 0.000000
5949 -5.260775 99.324615 10.511547 0.000000
6201 9.051332 98.524498 14.642156 0.000000
6202 11.191648 98.684525 11.761731 0.000000
6203 12.981912 98.074432 14.662157 0.000000
6204 16.902487 97.474350 14.672159 0.000000
6205 20.783060 96.724236 14.652158 0.000000
6221 7.511106 94.773956 31.054571 0.000000
6222 5.660833 95.814110 28.114140 0.000000
6223 3.810561 96.724236 25.143700 0.000000
6224 2.030299 97.484352 22.263277 0.000000
6225 5.560819 97.474350 21.673191 0.000000
6226 7.311076 98.074432 18.172674 0.000000
6647 19.512873 98.094437 0.000000 0.000000
6648 17.442568 98.414490 -3.520518 0.000000
6649 21.303135 97.654373 -3.520518 0.000000
6650 23.063395 97.064293 -7.031035 0.000000
7263 16.112371 95.204018 26.063837 0.000000
7264 18.332699 95.494057 23.383442 0.000000
7605 -0.200029 98.124443 -19.352850 0.000000
7609 12.141787 96.264168 -24.283573 0.000000
8211 1.820268 99.954720 2.940433 0.000000
8213 5.740845 99.804695 2.940433 0.000000
8214 9.671424 99.504646 2.940433 0.000000
8215 13.571999 99.044579 2.940433 0.000000
8216 13.301958 98.734535 8.831300 0.000000
8217 15.402267 98.644516 5.890867 0.000000
8218 17.482573 98.434486 2.940433 0.000000
8219 21.343142 97.664368 2.940433 0.000000
8220 25.163704 96.754242 2.950434 0.000000
8221 28.954264 95.684090 2.950434 0.000000
8222 20.483015 95.714096 20.523022 0.000000
8254 -1.340197 93.433754 35.665249 0.000000
8255 -4.910723 93.123711 36.145321 0.000000
8256 -6.720989 94.093849 33.214890 0.000000
8257 -8.531256 94.953979 30.234451 0.000000
8259 -8.621269 96.754242 23.833508 0.000000
8260 -6.911017 97.664368 20.403004 0.000000
8261 -5.190764 98.434486 16.952494 0.000000
8262 0.200029 98.124443 19.352850 0.000000
8263 -1.620239 98.644516 16.412416 0.000000
8264 -3.440506 99.044579 13.451980 0.000000
8265 -1.690249 99.504646 9.961467 0.000000
8266 0.060009 99.804695 6.450949 0.000000
9134 7.441095 99.494644 -7.021034 0.000000
9135 9.181351 99.034576 -10.511547 0.000000
9136 15.302252 98.584511 -7.031035 0.000000
9137 13.131933 98.584511 -10.541552 0.000000
9138 10.941610 98.414490 -14.032066 0.000000
9139 12.671865 97.654373 -17.482573 0.000000
9140 14.382117 96.744247 -20.903078 0.000000
