#!ascii label, from subject  
41
131 -50.147381 -70.210342 -50.577446 0.000000
339 -47.927055 -62.029129 -62.109142 0.000000
551 -39.265778 -78.391533 -48.117085 0.000000
616 -36.955441 -71.140480 -59.798801 0.000000
1373 -44.816597 -74.480965 -49.467281 0.000000
1374 -38.205624 -74.951035 -54.087959 0.000000
1375 -43.696430 -70.910439 -55.368153 0.000000
1761 -49.157234 -66.289757 -56.488319 0.000000
1763 -52.837776 -57.118408 -62.839252 0.000000
2294 -49.317257 -74.991043 -44.136497 0.000000
2485 -42.556263 -66.759827 -61.118996 0.000000
3293 -47.506992 -72.390656 -50.047367 0.000000
3294 -44.276520 -72.740700 -52.447720 0.000000
3295 -46.956913 -70.620399 -53.017803 0.000000
5560 -35.905289 -78.591568 -50.377419 0.000000
5561 -37.605534 -73.090752 -56.978390 0.000000
5562 -34.775120 -75.011040 -56.268284 0.000000
5563 -34.145027 -73.090752 -59.118698 0.000000
5566 -48.577148 -64.209457 -59.338734 0.000000
5567 -45.896755 -66.579803 -58.848663 0.000000
5568 -45.266666 -64.439484 -61.649075 0.000000
7079 -42.066193 -76.481262 -48.817184 0.000000
7080 -38.765709 -76.721291 -51.137527 0.000000
7081 -41.546116 -74.781006 -51.817631 0.000000
7082 -40.976032 -72.970741 -54.758060 0.000000
7083 -40.355938 -71.080460 -57.628487 0.000000
7946 -52.717762 -67.950005 -51.047516 0.000000
7947 -49.687313 -68.300056 -53.567886 0.000000
7948 -52.237690 -65.999710 -54.017948 0.000000
7949 -51.697609 -63.959415 -56.918381 0.000000
7950 -51.087521 -61.839104 -59.738792 0.000000
7952 -53.537884 -59.378738 -60.098846 0.000000
7953 -50.407421 -59.618774 -62.509201 0.000000
9438 -44.356533 -76.821312 -46.196800 0.000000
9439 -47.096931 -74.781006 -46.826893 0.000000
9440 -49.767323 -72.660690 -47.396976 0.000000
10003 -35.365208 -76.851318 -53.347855 0.000000
10004 -31.904697 -76.851318 -55.488163 0.000000
10009 -46.456841 -68.650108 -55.968239 0.000000
10010 -43.156349 -68.880142 -58.278580 0.000000
10011 -39.785854 -68.990158 -60.498909 0.000000
