#!ascii label, from subject  
15
176 30.034422 92.443611 23.553467 0.000000
390 38.305637 91.633484 11.741728 0.000000
889 34.265041 92.283585 17.692604 0.000000
1871 41.956177 90.593338 5.890867 0.000000
4106 36.305344 92.023544 14.732169 0.000000
4107 32.494785 93.433754 14.752171 0.000000
4108 34.525082 93.123711 11.771733 0.000000
4110 36.525375 92.683640 8.821300 0.000000
4111 38.355648 92.183571 5.890867 0.000000
4112 40.155910 91.173416 8.821300 0.000000
6207 32.174740 92.423599 20.643040 0.000000
8225 30.414476 93.613777 17.712608 0.000000
8232 40.145908 91.553474 2.940433 0.000000
8233 43.706436 89.913239 2.940433 0.000000
8235 45.516697 88.863083 5.890867 0.000000
