#!ascii label, from subject  
48
152 -36.185326 26.293869 -89.453171 0.000000
612 -44.936615 13.311960 -88.353012 0.000000
1365 -40.685989 19.862923 -89.183136 0.000000
1366 -38.605686 13.331964 -91.293434 0.000000
1773 -33.914993 0.000000 -94.083847 0.000000
2462 -61.529053 6.670981 -78.561562 0.000000
2463 -55.928230 6.670981 -82.642174 0.000000
2471 -52.107674 13.351965 -84.312416 0.000000
2472 -48.907196 6.670981 -86.982803 0.000000
2473 -42.746288 6.670981 -90.173279 0.000000
2474 -36.325348 6.660981 -92.943680 0.000000
3284 -42.166206 23.223417 -87.662903 0.000000
3285 -38.465664 23.093399 -89.383163 0.000000
3286 -37.475517 19.862923 -90.573334 0.000000
3915 -37.155468 0.000000 -92.853668 0.000000
5511 -58.768650 6.680983 -80.651871 0.000000
5512 -57.478462 10.001472 -81.241959 0.000000
5531 -46.486843 16.692455 -86.972801 0.000000
5532 -50.077370 16.712460 -84.952499 0.000000
5533 -48.567146 13.341963 -86.412720 0.000000
5534 -50.547443 10.021475 -85.712616 0.000000
5535 -46.956913 10.001472 -87.732918 0.000000
5536 -45.856750 6.680983 -88.633049 0.000000
5537 -43.876457 10.001472 -89.323151 0.000000
5538 -35.365208 13.311960 -92.603630 0.000000
5539 -37.495522 10.001472 -92.183571 0.000000
5540 -34.235039 9.981469 -93.443756 0.000000
5541 -33.074867 6.660981 -94.153862 0.000000
7064 -44.356533 19.962938 -87.382866 0.000000
7065 -42.846306 16.602442 -88.833076 0.000000
7066 -41.796154 13.321961 -89.883232 0.000000
7067 -39.675838 16.602442 -90.293289 0.000000
7068 -36.445362 16.592443 -91.653488 0.000000
7935 -33.844982 29.444334 -89.383163 0.000000
7977 -30.644510 0.000000 -95.204018 0.000000
9941 -64.249466 6.670981 -76.361237 0.000000
9945 -54.297993 3.340492 -83.922356 0.000000
9970 -54.057957 10.021475 -83.542305 0.000000
9971 -52.467728 6.680983 -84.892494 0.000000
9972 -50.787476 3.340492 -86.092674 0.000000
9973 -47.777035 3.340492 -87.802925 0.000000
9974 -44.696583 3.340492 -89.413162 0.000000
9975 -41.576118 3.340492 -90.903381 0.000000
9976 -40.705994 10.011474 -90.803368 0.000000
9977 -39.565823 6.670981 -91.613487 0.000000
9978 -38.365646 3.330490 -92.303589 0.000000
9979 -35.145172 3.330490 -93.573769 0.000000
9980 -31.874691 3.330490 -94.743950 0.000000
