#!ascii label, from subject  
12
1400 46.476841 -58.378593 -66.599800 0.000000
1403 38.135616 -52.257690 -76.271233 0.000000
1410 27.023979 -44.406540 -85.442581 0.000000
2524 32.694817 -48.527145 -81.111938 0.000000
3321 39.335789 -57.098408 -72.080612 0.000000
3323 37.185474 -55.568176 -74.380951 0.000000
5665 31.804682 -51.927647 -79.341675 0.000000
5666 29.044275 -49.977360 -81.622017 0.000000
7128 44.476547 -56.898376 -69.190186 0.000000
10126 34.525082 -53.797916 -76.921326 0.000000
10127 35.445221 -50.437424 -78.761597 0.000000
10129 29.884398 -46.506847 -83.352272 0.000000
