#!ascii label, from subject  
82
16 -85.082527 0.000000 52.577736 0.000000
277 -84.262405 -13.802031 52.077667 0.000000
465 -71.710556 -35.825272 59.798801 0.000000
466 -75.231079 -22.013241 62.109142 0.000000
757 -84.872498 -6.911017 52.457722 0.000000
759 -88.322998 -4.120606 46.736877 0.000000
1015 -63.359325 -46.036774 62.209156 0.000000
1016 -69.370209 -42.246216 58.358593 0.000000
1019 -69.880287 -26.163849 66.599800 0.000000
1020 -71.350510 -19.182823 67.409927 0.000000
1021 -76.321243 -15.152231 62.839252 0.000000
1651 -83.252258 -20.613035 51.447575 0.000000
1895 -88.322998 4.120606 46.736877 0.000000
2044 -74.961029 -38.175621 54.087959 0.000000
2045 -77.031342 -31.684664 55.368153 0.000000
2046 -68.070015 -33.064865 65.389633 0.000000
2047 -73.670837 -28.994268 61.118996 0.000000
2048 -78.741585 -24.733641 56.488319 0.000000
2049 -80.001778 -17.962643 57.278435 0.000000
2050 -80.861900 -11.041625 57.818512 0.000000
2051 -81.301971 -4.120606 58.098553 0.000000
2677 -85.022507 -3.460510 52.547733 0.000000
2678 -86.652756 -5.520813 49.627304 0.000000
2679 -86.772774 -2.060303 49.697315 0.000000
3712 -83.812340 -17.212532 51.797626 0.000000
3714 -85.702614 -15.892339 49.047218 0.000000
4483 -70.590393 -39.055748 59.118698 0.000000
4484 -72.230637 -40.245922 56.268284 0.000000
4485 -73.380798 -37.025452 56.978390 0.000000
4486 -76.041191 -34.955147 54.758060 0.000000
4487 -74.430954 -33.784973 57.628487 0.000000
4491 -72.620689 -24.103548 64.409485 0.000000
4492 -71.820572 -27.594063 63.899406 0.000000
4493 -74.500961 -25.523758 61.649075 0.000000
4494 -76.261223 -26.883957 58.848663 0.000000
4495 -77.041336 -23.393442 59.338734 0.000000
4496 -79.421684 -21.363144 56.918381 0.000000
4497 -77.681435 -20.002945 59.738792 0.000000
4498 -76.721291 -11.701722 63.079285 0.000000
4499 -78.651581 -13.111930 60.378887 0.000000
4500 -79.001625 -9.641419 60.578918 0.000000
4501 -81.131943 -7.591117 57.988537 0.000000
4502 -79.231667 -6.180910 60.718937 0.000000
5040 -89.743217 6.180910 43.706436 0.000000
5041 -89.903236 2.060303 43.776443 0.000000
5971 -84.622459 -10.361526 52.297695 0.000000
5972 -86.122681 -12.421828 49.307259 0.000000
5973 -86.442726 -8.981321 49.497284 0.000000
6433 -65.059578 -47.266960 59.458752 0.000000
6434 -68.070015 -45.376678 57.538467 0.000000
6435 -66.419777 -44.176506 60.328884 0.000000
6436 -67.689964 -41.016041 61.138996 0.000000
6437 -68.880142 -37.815567 61.869106 0.000000
6439 -67.029861 -28.164146 68.680107 0.000000
6441 -70.660400 -22.683340 67.049873 0.000000
6442 -73.340790 -20.613035 64.799538 0.000000
6443 -75.821159 -18.592737 62.509201 0.000000
6444 -73.890877 -17.182529 65.179596 0.000000
6511 -59.928825 -51.707611 61.138996 0.000000
6512 -62.539204 -49.517288 60.328884 0.000000
7693 -82.592163 -23.983532 51.047516 0.000000
8297 -86.772774 2.060303 49.697315 0.000000
8700 -70.980446 -43.416389 55.488163 0.000000
8705 -79.501701 -29.534348 53.017803 0.000000
8707 -67.049873 -36.425362 64.659523 0.000000
8708 -69.940292 -34.465073 62.639217 0.000000
8709 -69.020164 -29.634361 66.039719 0.000000
8710 -70.930450 -31.054571 63.309322 0.000000
8711 -72.740700 -32.434776 60.498909 0.000000
8712 -75.401100 -30.354469 58.278580 0.000000
8713 -77.931473 -28.224155 55.968239 0.000000
8714 -80.341827 -26.053837 53.567886 0.000000
8715 -81.061935 -22.693340 54.017948 0.000000
8716 -81.682022 -19.302843 54.398006 0.000000
8717 -82.192101 -15.892339 54.718052 0.000000
8718 -78.211510 -16.572439 60.098846 0.000000
8719 -80.481850 -14.512136 57.578476 0.000000
8720 -82.612160 -12.421828 54.988094 0.000000
8721 -82.932213 -8.981321 55.178120 0.000000
8722 -83.142242 -5.520813 55.308136 0.000000
8723 -83.252258 -2.060303 55.378147 0.000000
9376 -88.403015 0.000000 46.776886 0.000000
