#!ascii label, from subject  
22
161 44.726585 0.000000 -89.453171 0.000000
1430 50.867489 -4.130608 -86.012665 0.000000
1432 50.867489 4.130608 -86.012665 0.000000
1797 44.586567 -7.851156 -89.183136 0.000000
3350 47.837044 -2.070305 -87.812927 0.000000
3351 50.907494 0.000000 -86.092674 0.000000
3352 47.837044 2.070305 -87.812927 0.000000
3353 47.767033 5.990882 -87.662903 0.000000
3952 47.416981 -13.822034 -86.972801 0.000000
3953 47.627014 -9.921460 -87.382866 0.000000
3954 44.416538 -11.751730 -88.833076 0.000000
3955 41.856163 -9.881454 -90.293289 0.000000
5728 56.808365 4.120606 -82.212105 0.000000
7180 53.807919 -6.190911 -84.082375 0.000000
7182 53.907932 -2.070305 -84.222397 0.000000
7183 53.907932 2.070305 -84.222397 0.000000
8029 50.757473 -8.061187 -85.802628 0.000000
8030 47.767033 -5.990882 -87.662903 0.000000
8031 44.696583 -3.930578 -89.383163 0.000000
8032 42.066193 -2.040300 -90.713348 0.000000
8033 41.996185 -5.960877 -90.573334 0.000000
8034 39.235775 -7.991176 -91.653488 0.000000
