#!ascii label, from subject  
100
62 -81.842049 27.334024 50.577446 0.000000
183 -85.562592 35.825272 37.395504 0.000000
223 -44.176506 15.642302 88.353012 0.000000
225 -55.498169 23.873514 79.701729 0.000000
370 -33.764969 8.111195 93.793808 0.000000
402 -89.203133 22.013241 39.515816 0.000000
472 -71.710556 35.825272 59.798801 0.000000
855 -28.014122 12.121784 95.244026 0.000000
909 -85.742615 24.733641 45.166649 0.000000
1034 -68.070015 33.064865 65.389633 0.000000
1480 -80.031776 33.914993 49.467281 0.000000
1481 -83.972359 31.684664 44.136497 0.000000
1482 -81.902054 38.175621 42.856308 0.000000
1483 -83.222252 42.246216 35.945290 0.000000
1551 -44.586567 7.851156 89.183136 0.000000
1553 -50.577446 11.981764 85.442581 0.000000
1554 -56.258282 16.102371 81.111938 0.000000
1555 -61.489048 20.122961 76.271233 0.000000
1556 -65.749680 23.253424 71.690552 0.000000
1820 -39.345791 4.070600 91.863518 0.000000
1821 -39.065750 11.911754 91.293434 0.000000
1897 -90.333298 15.152231 40.165913 0.000000
1899 -87.612892 28.994268 38.555679 0.000000
2064 -69.880287 26.163849 66.599800 0.000000
2065 -73.670837 28.994268 61.118996 0.000000
2066 -77.031342 31.684664 55.368153 0.000000
2067 -74.961029 38.175621 54.087959 0.000000
2829 -83.842346 26.053837 47.907055 0.000000
3427 -78.991623 37.155468 48.817184 0.000000
3428 -81.031921 36.075310 46.196800 0.000000
3429 -79.921761 39.285782 45.516697 0.000000
3543 -44.416538 11.751730 88.833076 0.000000
3544 -47.627014 9.921460 87.382866 0.000000
3545 -47.416981 13.822034 86.972801 0.000000
3547 -53.177830 17.982647 82.782188 0.000000
3548 -55.918228 20.002945 80.471848 0.000000
3549 -58.918674 18.122667 78.761597 0.000000
3550 -58.538620 22.013241 78.051491 0.000000
3551 -60.748943 23.613476 75.861168 0.000000
4000 -36.575382 6.090896 92.883667 0.000000
4001 -39.235775 7.991176 91.653488 0.000000
4002 -36.435364 10.021475 92.603630 0.000000
4167 -89.823227 18.592737 39.865868 0.000000
4170 -84.832489 33.784973 40.796005 0.000000
4171 -85.842628 30.354469 41.376095 0.000000
4172 -86.642754 32.434776 38.005596 0.000000
4533 -64.949562 26.703930 71.210487 0.000000
4534 -67.859985 24.723639 69.190186 0.000000
4535 -67.029861 28.164146 68.680107 0.000000
4536 -69.940292 34.465073 62.639217 0.000000
4537 -70.930450 31.054571 63.309322 0.000000
4538 -72.740700 32.434776 60.498909 0.000000
4539 -75.401100 30.354469 58.278580 0.000000
4540 -74.430954 33.784973 57.628487 0.000000
4541 -76.041191 34.955147 54.758060 0.000000
4542 -73.380798 37.025452 56.978390 0.000000
6144 -28.104136 8.101192 95.644081 0.000000
6145 -30.904547 10.121490 94.573921 0.000000
6146 -33.564938 12.051774 93.443756 0.000000
6147 -30.674513 14.052068 94.153862 0.000000
6245 -87.522888 23.393442 42.366238 0.000000
6246 -86.142677 37.815567 33.934994 0.000000
6247 -87.302849 34.465073 34.545086 0.000000
6466 -66.109734 31.614655 68.060013 0.000000
7294 -80.981918 30.644510 50.047367 0.000000
7295 -82.972214 29.534348 47.396976 0.000000
7296 -82.052078 32.824833 46.826893 0.000000
7297 -82.992218 34.955147 43.526409 0.000000
7298 -83.782333 37.025452 40.155910 0.000000
7300 -82.632164 40.245922 39.435806 0.000000
7301 -84.442429 39.055748 36.695400 0.000000
7455 -44.696583 3.930578 89.383163 0.000000
7457 -47.767033 5.990882 87.662903 0.000000
7458 -50.757473 8.061187 85.802628 0.000000
7459 -53.667900 10.111488 83.792336 0.000000
7460 -50.337410 15.912342 84.952499 0.000000
7461 -53.467873 14.052068 83.352272 0.000000
7462 -56.508320 12.181792 81.622017 0.000000
7463 -59.218719 14.202091 79.341675 0.000000
7467 -63.659370 21.703194 74.030891 0.000000
7468 -62.889256 25.173708 73.580833 0.000000
8091 -41.996185 5.960877 90.573334 0.000000
8092 -41.856163 9.881454 90.293289 0.000000
8093 -41.646130 13.782028 89.883232 0.000000
8094 -36.205326 13.942053 92.183571 0.000000
8303 -90.733360 11.701722 40.415951 0.000000
8307 -84.912491 28.224155 44.676579 0.000000
8308 -86.742767 26.883957 41.896168 0.000000
8309 -88.463028 25.523758 39.065750 0.000000
8310 -88.343002 31.054571 35.125172 0.000000
8311 -89.273140 27.594063 35.665249 0.000000
8759 -80.341827 26.053837 53.567886 0.000000
8763 -69.020164 29.634361 66.039719 0.000000
8764 -71.820572 27.594063 63.899406 0.000000
8765 -74.500961 25.523758 61.649075 0.000000
8766 -76.261223 26.883957 58.848663 0.000000
8767 -77.931473 28.224155 55.968239 0.000000
8768 -79.501701 29.534348 53.017803 0.000000
8769 -78.581566 32.824833 52.447720 0.000000
8770 -77.561417 36.075310 51.817631 0.000000
