#!ascii label, from subject  
291
13 -26.293869 80.911911 52.577736 0.000000
24 0.000000 100.014725 0.000000 0.000000
55 14.372116 96.204163 23.253424 0.000000
58 -13.822034 95.124001 27.644068 0.000000
262 -39.165764 75.881172 52.077667 0.000000
263 -48.497135 78.031494 39.515816 0.000000
264 -35.955292 84.032372 40.615978 0.000000
265 -7.001030 98.784538 13.992060 0.000000
266 -22.663336 96.404190 14.012063 0.000000
387 7.251067 99.054581 11.731727 0.000000
391 -12.921903 84.402420 52.077667 0.000000
392 -20.302988 89.113113 40.615978 0.000000
393 -6.630976 91.633484 39.515816 0.000000
394 0.280041 96.654228 25.713783 0.000000
456 -31.624655 70.720406 63.259312 0.000000
457 -25.343731 51.347557 82.002068 0.000000
459 -15.982352 75.801163 63.259312 0.000000
460 -2.310340 78.361534 62.109142 0.000000
525 -29.664368 91.313438 28.014122 0.000000
742 -32.804829 78.581566 52.457722 0.000000
743 -37.655544 80.161804 46.466839 0.000000
744 -31.214594 82.722176 46.736877 0.000000
745 -3.510517 99.704681 7.021034 0.000000
746 -11.361672 99.114586 7.021034 0.000000
885 10.841596 97.864403 17.532581 0.000000
886 15.112225 98.164452 11.781734 0.000000
887 18.672749 96.674232 17.542583 0.000000
892 -6.120901 85.542587 51.447575 0.000000
893 -9.801443 88.292999 45.936764 0.000000
895 11.041625 94.633934 30.424479 0.000000
896 3.970585 94.793953 31.634657 0.000000
897 7.341080 96.674232 24.543612 0.000000
898 3.780556 98.164452 18.782766 0.000000
998 -37.995594 67.899994 62.839252 0.000000
999 -34.015007 64.949562 68.020012 0.000000
1008 -9.171350 77.271378 62.839252 0.000000
1009 -3.800559 73.780861 67.409927 0.000000
1155 -17.112520 92.403603 34.235039 0.000000
1156 -25.063690 90.493324 34.425064 0.000000
1157 -21.813210 93.523766 27.924109 0.000000
1467 17.832624 94.083847 28.854248 0.000000
1468 22.273279 94.633934 23.473455 0.000000
1624 -45.326672 72.810715 51.447575 0.000000
1625 -50.017365 73.900879 45.166649 0.000000
1626 -43.966473 77.191360 45.936764 0.000000
1627 -42.326229 81.231956 40.165913 0.000000
1629 -10.441538 97.254311 20.883076 0.000000
1630 -18.302694 96.084145 20.893076 0.000000
1631 -14.882191 97.904411 14.042068 0.000000
1632 -19.212830 97.904411 7.021034 0.000000
1863 3.630534 99.774689 5.880866 0.000000
1873 -19.652893 82.852203 52.457722 0.000000
1874 -23.373442 85.272545 46.736877 0.000000
1875 -16.652451 86.982803 46.466839 0.000000
1876 -13.501988 90.593338 40.165913 0.000000
1877 -10.251509 93.613777 33.664955 0.000000
1879 -3.190470 94.453903 32.724819 0.000000
1880 -6.790999 96.134155 26.743937 0.000000
1881 -3.370496 97.954414 19.902929 0.000000
1882 0.130019 99.174591 12.901898 0.000000
2021 -35.485222 73.490814 57.818512 0.000000
2022 -29.044275 76.051193 58.098553 0.000000
2025 -30.864544 55.248131 77.441399 0.000000
2028 -28.694225 61.929115 73.100754 0.000000
2029 -26.403887 67.909996 68.520088 0.000000
2030 -23.883516 73.510818 63.469341 0.000000
2031 -21.203119 78.601570 58.098553 0.000000
2032 -14.492133 80.311821 57.818512 0.000000
2033 -7.641125 81.632019 57.278435 0.000000
2034 -0.810119 82.532150 56.488319 0.000000
2035 3.280483 74.540970 66.599800 0.000000
2217 -28.224155 86.862785 40.745998 0.000000
2218 -32.914845 87.942947 34.425064 0.000000
2220 -26.253862 94.173866 21.083103 0.000000
2662 -29.564352 79.791748 52.547733 0.000000
2663 -32.034718 80.711876 49.627304 0.000000
2664 -28.774237 81.882057 49.697315 0.000000
2665 -1.760259 99.934708 3.510517 0.000000
2666 -5.680836 99.794685 3.510517 0.000000
2667 -3.930578 99.934708 0.000000 0.000000
2805 12.611857 97.094292 20.403004 0.000000
2806 14.762173 97.354324 17.552586 0.000000
2807 16.532433 96.504211 20.413004 0.000000
2813 -4.550670 87.432869 48.347118 0.000000
2815 12.711872 95.494057 26.853952 0.000000
2816 9.191353 95.714096 27.504049 0.000000
2817 10.861599 96.504211 23.913521 0.000000
2818 9.091337 97.354324 21.053099 0.000000
2918 -37.175472 63.479347 67.759972 0.000000
2919 -35.125172 61.919109 70.250343 0.000000
2928 -7.241066 73.210777 67.759972 0.000000
3075 -15.482279 93.833809 30.964558 0.000000
3076 -19.482868 93.033691 31.104578 0.000000
3077 -17.832624 94.403893 27.804092 0.000000
3405 19.532875 92.853668 31.604654 0.000000
3418 16.162378 93.223724 32.424774 0.000000
3667 -42.266220 74.390945 51.797626 0.000000
3668 -44.676579 75.051048 48.727169 0.000000
3669 -41.596123 76.591278 49.047218 0.000000
3670 -36.825420 82.152092 43.566414 0.000000
3671 -40.025894 80.761887 43.346382 0.000000
3672 -39.165764 82.682167 40.415951 0.000000
3674 -38.235626 84.492432 37.455513 0.000000
3675 -8.721284 98.094437 17.452570 0.000000
3676 -12.671865 97.654373 17.482573 0.000000
3677 -10.941610 98.414490 14.032066 0.000000
3679 -15.302252 98.584511 7.031035 0.000000
4095 5.450802 99.474640 8.811297 0.000000
4097 9.371379 99.184601 8.811297 0.000000
4117 -16.292398 83.682327 52.297695 0.000000
4118 -18.162674 84.982513 49.497284 0.000000
4119 -14.792177 85.752625 49.307259 0.000000
4120 -8.221210 90.033257 42.766293 0.000000
4121 -11.661716 89.503181 43.076340 0.000000
4122 -10.071483 91.173416 39.865868 0.000000
4123 -11.881749 92.183571 36.945438 0.000000
4124 -8.441242 92.683640 36.615391 0.000000
4128 2.120312 95.784103 28.694225 0.000000
4129 0.390057 94.683937 32.204742 0.000000
4130 -1.460215 95.634079 29.234303 0.000000
4131 -4.990735 95.354042 29.754381 0.000000
4132 -3.260480 96.454201 26.243862 0.000000
4133 -5.080748 97.124298 23.343437 0.000000
4134 -1.550228 97.364334 22.823359 0.000000
4135 5.520813 98.684525 15.272248 0.000000
4136 1.950287 98.734535 15.852334 0.000000
4137 3.690543 99.184601 12.321814 0.000000
4138 1.880277 99.554657 9.401383 0.000000
4430 -34.835129 69.350212 63.079285 0.000000
4431 -36.775414 70.750420 60.378887 0.000000
4432 -33.574944 72.150620 60.578918 0.000000
4433 -32.284756 74.811012 57.988537 0.000000
4434 -30.364470 73.440811 60.718937 0.000000
4438 -26.203856 47.907055 83.792336 0.000000
4442 -28.124140 53.337849 79.791748 0.000000
4449 -25.993826 60.118855 75.581123 0.000000
4450 -24.873661 63.349331 73.280785 0.000000
4451 -27.574059 64.969574 70.860435 0.000000
4452 -23.723494 66.339760 70.990456 0.000000
4453 -17.282545 73.190773 65.939705 0.000000
4454 -21.233126 72.040604 66.049721 0.000000
4455 -19.952936 74.721001 63.419338 0.000000
4456 -22.563322 76.111198 60.828953 0.000000
4457 -18.602739 77.261375 60.718937 0.000000
4458 -17.852629 79.501701 57.988537 0.000000
4459 -15.242244 78.111496 60.578918 0.000000
4460 -5.740845 77.861458 62.509201 0.000000
4461 -8.411238 79.501701 60.098846 0.000000
4462 -4.980733 80.061783 59.738792 0.000000
4463 -4.220621 82.132095 56.918381 0.000000
4464 -1.560230 80.491844 59.338734 0.000000
4890 -49.297256 76.011192 42.366238 0.000000
4892 -51.607594 76.241226 39.065750 0.000000
4905 -21.853218 87.262848 43.706436 0.000000
4906 -25.813799 86.142677 43.776443 0.000000
4907 -24.283573 88.062965 40.715992 0.000000
4908 -27.394032 90.973389 31.244600 0.000000
4909 -29.014271 89.303146 34.455074 0.000000
4910 -31.314611 89.703209 31.244600 0.000000
4911 -35.145172 88.282997 31.194590 0.000000
4912 -33.524937 89.973251 27.994122 0.000000
4913 -20.503017 96.324181 17.462572 0.000000
4914 -22.303284 95.204018 21.003092 0.000000
4915 -24.483604 95.364037 17.562586 0.000000
5944 -36.005299 77.271378 52.297695 0.000000
5945 -38.435658 78.071487 49.307259 0.000000
5946 -35.255188 79.431694 49.497284 0.000000
5947 -34.455074 81.491997 46.626862 0.000000
5948 -33.614948 83.442284 43.706436 0.000000
5949 -5.260775 99.324615 10.511547 0.000000
5950 -9.181351 99.034576 10.511547 0.000000
5951 -7.441095 99.494644 7.021034 0.000000
5952 -9.611416 99.494644 3.510517 0.000000
6201 9.051332 98.524498 14.642156 0.000000
6202 11.191648 98.684525 11.761731 0.000000
6203 12.981912 98.074432 14.662157 0.000000
6204 16.902487 97.474350 14.672159 0.000000
6214 -9.521402 85.022507 51.797626 0.000000
6215 -11.371674 86.412720 49.047218 0.000000
6216 -7.971174 86.972801 48.727169 0.000000
6217 -6.390941 88.793068 45.576710 0.000000
6218 -4.800707 90.473320 42.366238 0.000000
6221 7.511106 94.773956 31.054571 0.000000
6222 5.660833 95.814110 28.114140 0.000000
6223 3.810561 96.724236 25.143700 0.000000
6224 2.030299 97.484352 22.263277 0.000000
6225 5.560819 97.474350 21.673191 0.000000
6226 7.311076 98.074432 18.172674 0.000000
6404 -36.025303 66.469780 65.469635 0.000000
6405 -32.844833 67.889992 65.689667 0.000000
6419 -13.331964 74.230927 65.689667 0.000000
6420 -12.581852 76.581276 63.079285 0.000000
6421 -9.921460 74.951035 65.469635 0.000000
6422 -6.490956 75.581123 65.179596 0.000000
6423 -3.060451 76.121208 64.799538 0.000000
6687 -18.722755 90.823364 37.455513 0.000000
6688 -22.703342 89.873230 37.545528 0.000000
6689 -21.113108 91.523468 34.355057 0.000000
6690 -23.463453 92.083557 31.194590 0.000000
6691 -25.763792 92.493614 27.994122 0.000000
7263 16.112371 95.204018 26.063837 0.000000
7264 18.332699 95.494057 23.383442 0.000000
7265 20.062952 94.413902 26.183853 0.000000
7282 14.442126 94.413902 29.654366 0.000000
7632 -47.717026 73.410805 48.347118 0.000000
7633 -47.026924 75.591125 45.576710 0.000000
7634 -46.266808 77.671440 42.766293 0.000000
7635 -40.836014 78.731590 46.226803 0.000000
7636 -43.176353 79.261665 43.076340 0.000000
7637 -45.446690 79.681725 39.865868 0.000000
7641 -12.141787 96.264168 24.283573 0.000000
7642 -16.072365 95.684090 24.293575 0.000000
7643 -14.382117 96.744247 20.903078 0.000000
7644 -16.602442 97.064293 17.482573 0.000000
7645 -18.782766 97.224312 14.042068 0.000000
7646 -13.131933 98.584511 10.541552 0.000000
7647 -17.062511 97.984428 10.541552 0.000000
7648 -20.953085 97.224312 10.521549 0.000000
8211 1.820268 99.954720 2.940433 0.000000
8222 20.483015 95.714096 20.523022 0.000000
8239 -22.983383 81.932060 52.547733 0.000000
8240 -24.853659 83.162247 49.697315 0.000000
8241 -21.523169 84.122383 49.627304 0.000000
8242 -20.022947 86.182686 46.626862 0.000000
8243 -18.492722 88.102974 43.566414 0.000000
8244 -13.241950 87.692909 46.226803 0.000000
8245 -15.092222 88.863083 43.346382 0.000000
8246 -16.912489 89.913239 40.415951 0.000000
8247 -15.322255 91.553474 37.225479 0.000000
8248 -13.692015 93.063698 33.975002 0.000000
8249 -12.041773 94.433899 30.674513 0.000000
8252 -3.060451 92.023544 39.065750 0.000000
8254 -1.340197 93.433754 35.665249 0.000000
8255 -4.910723 93.123711 36.145321 0.000000
8256 -6.720989 94.093849 33.214890 0.000000
8257 -8.531256 94.953979 30.234451 0.000000
8258 -10.311519 95.684090 27.214006 0.000000
8259 -8.621269 96.754242 23.833508 0.000000
8260 -6.911017 97.664368 20.403004 0.000000
8261 -5.190764 98.434486 16.952494 0.000000
8262 0.200029 98.124443 19.352850 0.000000
8263 -1.620239 98.644516 16.412416 0.000000
8264 -3.440506 99.044579 13.451980 0.000000
8265 -1.690249 99.504646 9.961467 0.000000
8266 0.060009 99.804695 6.450949 0.000000
8634 -40.515961 73.260780 54.718052 0.000000
8635 -39.925877 69.260193 60.098846 0.000000
8636 -38.665691 72.060608 57.578476 0.000000
8637 -37.345497 74.731003 54.988094 0.000000
8638 -34.175030 76.091202 55.178120 0.000000
8639 -30.944553 77.371391 55.308136 0.000000
8640 -27.694075 78.541557 55.378147 0.000000
8649 -33.554939 57.068398 74.971031 0.000000
8655 -24.313578 54.818066 80.041779 0.000000
8656 -27.083986 56.778362 77.761444 0.000000
8657 -29.804388 58.638634 75.341095 0.000000
8658 -32.464783 60.408890 72.800720 0.000000
8659 -31.374617 63.489349 70.620399 0.000000
8660 -30.234451 66.489784 68.330055 0.000000
8661 -29.034275 69.370209 65.939705 0.000000
8662 -22.493313 69.240196 68.570091 0.000000
8663 -25.163704 70.770416 66.049721 0.000000
8664 -27.784088 72.180626 63.419338 0.000000
8665 -26.483900 74.841019 60.828953 0.000000
8666 -25.143700 77.391396 58.148560 0.000000
8667 -23.763498 79.821747 55.378147 0.000000
8668 -20.443010 80.781891 55.308136 0.000000
8669 -17.082514 81.652016 55.178120 0.000000
8670 -13.712018 82.412132 54.988094 0.000000
8671 -11.841743 78.851601 60.378887 0.000000
8672 -11.071630 81.021927 57.578476 0.000000
8673 -10.281513 83.082230 54.718052 0.000000
8674 -6.881013 83.642319 54.398006 0.000000
8675 -3.470511 84.102386 54.017948 0.000000
8678 -0.260038 74.210922 67.049873 0.000000
8679 0.490072 76.511261 64.409485 0.000000
8680 6.851008 74.801010 66.039719 0.000000
8681 4.050596 76.831306 63.899406 0.000000
8682 1.250184 78.741585 61.649075 0.000000
9213 -27.314020 84.072372 46.776886 0.000000
9214 -29.744379 84.862488 43.776443 0.000000
9215 -32.114727 85.522583 40.715992 0.000000
9216 -26.663927 88.753059 37.615540 0.000000
9217 -30.594503 87.472878 37.615540 0.000000
9218 -34.455074 86.052666 37.545528 0.000000
9219 -36.715405 86.452728 34.355057 0.000000
9222 -20.082956 94.883972 24.433596 0.000000
9223 -24.053541 93.933823 24.523609 0.000000
9224 -27.984119 92.823662 24.573616 0.000000
9226 -30.214449 92.973686 21.103107 0.000000
9227 -31.914698 91.543472 24.573616 0.000000
