#!ascii label, from subject  
151
5 -72.370651 -52.577736 44.726585 0.000000
67 -51.287548 -69.390213 50.577446 0.000000
184 -70.950447 -61.569061 34.315052 0.000000
186 -80.481850 -48.447128 34.315052 0.000000
187 -62.419193 -61.569061 48.117085 0.000000
188 -60.518906 -70.300346 37.395504 0.000000
410 -35.955292 -84.032372 40.615978 0.000000
411 -48.497135 -78.031494 39.515816 0.000000
563 -29.664368 -91.313438 28.014122 0.000000
664 -71.830574 -57.218422 39.615833 0.000000
665 -75.971184 -55.198128 34.425064 0.000000
666 -76.611275 -50.637451 39.615833 0.000000
667 -67.559944 -57.218422 46.536850 0.000000
668 -66.909851 -61.779091 41.356091 0.000000
922 -45.326672 -72.810715 51.447575 0.000000
923 -43.966473 -77.191360 45.936764 0.000000
924 -50.017365 -73.900879 45.166649 0.000000
1193 -81.902054 -38.175621 42.856308 0.000000
1245 -40.465958 -84.812477 34.235039 0.000000
1246 -32.914845 -87.942947 34.425064 0.000000
1489 -56.988392 -65.639656 49.467281 0.000000
1490 -56.078255 -70.070320 44.136497 0.000000
1491 -61.619072 -66.099724 42.856308 0.000000
1682 -17.112520 -92.403603 34.235039 0.000000
1916 -31.214594 -82.722176 46.736877 0.000000
1917 -37.655544 -80.161804 46.466839 0.000000
1918 -42.326229 -81.231956 40.165913 0.000000
1920 -54.648045 -74.360947 38.555679 0.000000
2041 -69.700264 -50.637451 50.807484 0.000000
2042 -75.291084 -46.576855 46.536850 0.000000
2096 -64.769539 -55.198128 52.547733 0.000000
2263 -79.431694 -44.546558 41.356091 0.000000
2264 -83.222252 -42.246216 35.945290 0.000000
2265 -86.592751 -39.745850 30.424479 0.000000
2327 -28.224155 -86.862785 40.745998 0.000000
2328 -25.063690 -90.493324 34.425064 0.000000
2329 -21.813210 -93.523766 27.924109 0.000000
2331 -26.253862 -94.173866 21.083103 0.000000
2584 -72.140617 -54.928085 42.196209 0.000000
2585 -74.280930 -53.967949 39.645836 0.000000
2586 -74.530968 -51.637604 42.196209 0.000000
2587 -70.010307 -54.928085 45.656719 0.000000
2588 -69.750267 -57.258427 43.106342 0.000000
2842 -48.337116 -71.140480 51.047516 0.000000
2843 -47.717026 -73.410805 48.347118 0.000000
2844 -50.687462 -71.690552 47.907055 0.000000
3437 -78.291527 -51.867634 34.405067 0.000000
3438 -77.911469 -54.087959 31.734671 0.000000
3439 -80.171799 -50.717464 31.684664 0.000000
3441 -82.282120 -47.266960 31.604654 0.000000
3442 -59.738792 -63.639370 48.817184 0.000000
3443 -59.348736 -65.919701 46.196800 0.000000
3444 -62.059139 -63.879406 45.516697 0.000000
3445 -68.990158 -61.729088 37.865574 0.000000
3446 -66.439781 -63.979420 38.675694 0.000000
4208 -35.255188 -79.431694 49.497284 0.000000
4209 -38.435658 -78.071487 49.307259 0.000000
4210 -46.266808 -77.671440 42.766293 0.000000
4211 -43.176353 -79.261665 43.076340 0.000000
4212 -45.446690 -79.681725 39.865868 0.000000
4213 -44.566563 -81.562012 36.945438 0.000000
4214 -47.647015 -79.951767 36.615391 0.000000
4215 -58.348591 -70.240341 40.796005 0.000000
4216 -55.398155 -72.260635 41.376095 0.000000
4217 -57.618481 -72.380653 38.005596 0.000000
4481 -71.140480 -47.617008 51.707611 0.000000
4613 -67.269897 -52.947792 51.707611 0.000000
5017 -76.611275 -43.486401 47.346970 0.000000
5018 -77.401390 -45.586708 43.966473 0.000000
5019 -78.701576 -42.476250 44.766590 0.000000
5020 -83.782333 -37.025452 40.155910 0.000000
5021 -82.632164 -40.245922 39.435806 0.000000
5022 -84.442429 -39.055748 36.695400 0.000000
5023 -84.962502 -41.016041 33.204884 0.000000
5024 -86.142677 -37.815567 33.934994 0.000000
5175 -33.614948 -83.442284 43.706436 0.000000
5176 -29.744379 -84.862488 43.776443 0.000000
5177 -32.114727 -85.522583 40.715992 0.000000
5178 -31.314611 -89.703209 31.244600 0.000000
5179 -29.014271 -89.303146 34.455074 0.000000
5180 -27.394032 -90.973389 31.244600 0.000000
5181 -23.463453 -92.083557 31.194590 0.000000
5182 -25.763792 -92.493614 27.994122 0.000000
5804 -71.430511 -59.428749 36.985443 0.000000
5805 -73.520821 -58.428604 34.405067 0.000000
5806 -73.940887 -56.238281 37.045456 0.000000
5807 -76.331238 -52.947792 37.045456 0.000000
5808 -78.591568 -49.577297 36.985443 0.000000
5809 -65.029579 -59.428749 47.346970 0.000000
5810 -64.719528 -61.729088 44.766590 0.000000
5811 -67.269897 -59.528763 43.966473 0.000000
5812 -69.410217 -59.528763 40.505962 0.000000
6268 -42.266220 -74.390945 51.797626 0.000000
6269 -41.596123 -76.591278 49.047218 0.000000
6270 -44.676579 -75.051048 48.727169 0.000000
6271 -47.026924 -75.591125 45.576710 0.000000
6272 -49.297256 -76.011192 42.366238 0.000000
6755 -79.921761 -39.285782 45.516697 0.000000
6849 -38.235626 -84.492432 37.455513 0.000000
6850 -34.455074 -86.052666 37.545528 0.000000
6851 -36.715405 -86.452728 34.355057 0.000000
6852 -35.145172 -88.282997 31.194590 0.000000
6853 -33.524937 -89.973251 27.994122 0.000000
7315 -54.167973 -67.549942 50.047367 0.000000
7316 -53.727905 -69.790276 47.396976 0.000000
7317 -56.568325 -67.899994 46.826893 0.000000
7318 -58.888668 -68.130035 43.526409 0.000000
7319 -61.098995 -68.240044 40.155910 0.000000
7320 -64.299469 -63.979420 42.136204 0.000000
7321 -63.809395 -66.149734 39.435806 0.000000
7322 -63.239311 -68.240044 36.695400 0.000000
8356 -34.455074 -81.491997 46.626862 0.000000
8357 -36.825420 -82.152092 43.566414 0.000000
8358 -40.836014 -78.731590 46.226803 0.000000
8359 -40.025894 -80.761887 43.346382 0.000000
8360 -39.165764 -82.682167 40.415951 0.000000
8361 -41.426102 -83.072235 37.225479 0.000000
8362 -43.626419 -83.342270 33.975002 0.000000
8364 -53.087814 -72.030602 44.676579 0.000000
8365 -52.377708 -74.190918 41.896168 0.000000
8366 -51.607594 -76.241226 39.065750 0.000000
8368 -53.827927 -76.371246 35.665249 0.000000
8369 -50.767475 -78.221512 36.145321 0.000000
8695 -71.080460 -51.637604 47.797035 0.000000
8696 -73.870872 -49.607300 45.656719 0.000000
8697 -72.550674 -48.647160 48.707169 0.000000
8698 -73.940887 -45.586708 49.567295 0.000000
8841 -49.597301 -68.360062 53.567886 0.000000
8850 -52.647755 -66.479782 53.017803 0.000000
8851 -55.498169 -64.589508 52.447720 0.000000
8852 -58.278580 -62.619217 51.817631 0.000000
8853 -60.988976 -60.568916 51.137527 0.000000
8856 -63.649368 -58.428604 50.377419 0.000000
8857 -66.199738 -56.238281 49.567295 0.000000
8858 -68.680107 -53.967949 48.707169 0.000000
9349 -76.011192 -48.647160 43.106342 0.000000
9350 -78.071487 -47.617008 40.505962 0.000000
9351 -80.021782 -46.536850 37.865574 0.000000
9352 -80.711876 -41.386093 42.136204 0.000000
9353 -81.371979 -43.416389 38.675694 0.000000
9354 -81.902054 -45.376678 35.155178 0.000000
9355 -83.662315 -44.176506 32.424774 0.000000
9356 -85.332558 -42.916317 29.654366 0.000000
9541 -24.283573 -88.062965 40.715992 0.000000
9542 -30.594503 -87.472878 37.615540 0.000000
9543 -26.663927 -88.753059 37.615540 0.000000
9544 -22.703342 -89.873230 37.545528 0.000000
9545 -21.113108 -91.523468 34.355057 0.000000
9546 -19.482868 -93.033691 31.104578 0.000000
9553 -27.984119 -92.823662 24.573616 0.000000
9554 -24.053541 -93.933823 24.523609 0.000000
