#!ascii label, from subject  
15
118 13.822034 95.124001 -27.644068 0.000000
1128 6.790999 96.134155 -26.743937 0.000000
1130 10.251509 93.613777 -33.664955 0.000000
1614 3.370496 97.954414 -19.902929 0.000000
1615 10.441538 97.254311 -20.883076 0.000000
3048 10.311519 95.684090 -27.214006 0.000000
3049 8.531256 94.953979 -30.234451 0.000000
3050 12.041773 94.433899 -30.674513 0.000000
3651 6.911017 97.664368 -20.403004 0.000000
6640 4.990735 95.354042 -29.754381 0.000000
6641 6.720989 94.093849 -33.214890 0.000000
7607 5.080748 97.124298 -23.343437 0.000000
7608 8.621269 96.754242 -23.833508 0.000000
7609 12.141787 96.264168 -24.283573 0.000000
9140 14.382117 96.744247 -20.903078 0.000000
