#!ascii label, from subject  
47
75 100.014725 0.000000 0.000000 0.000000
317 98.784538 -15.642302 0.000000 0.000000
319 96.114151 -23.873514 -13.992060 0.000000
423 98.784538 15.642302 0.000000 0.000000
797 97.254311 -23.343437 0.000000 0.000000
798 97.774384 -19.822918 -7.021034 0.000000
1312 99.704681 7.851156 0.000000 0.000000
1723 99.704681 -7.851156 0.000000 0.000000
1724 99.684669 -4.130608 -7.031035 0.000000
1725 99.044579 -11.981764 -7.021034 0.000000
1949 99.124596 11.911754 5.890867 0.000000
1950 99.754684 4.070600 5.890867 0.000000
2718 96.664230 -25.433744 -3.510517 0.000000
3232 99.934708 3.930578 0.000000 0.000000
3234 99.934708 2.070305 -3.520518 0.000000
3832 99.324615 -11.751730 0.000000 0.000000
3833 99.454643 -9.921460 -3.520518 0.000000
3834 98.994568 -13.822034 -3.520518 0.000000
3835 97.024284 -21.863218 -10.511547 0.000000
3836 97.814392 -17.982647 -10.541552 0.000000
3837 96.984276 -20.002945 -14.032066 0.000000
3839 95.984131 -22.013241 -17.452570 0.000000
3841 95.214020 -25.483751 -16.952494 0.000000
4280 99.524651 7.991176 5.890867 0.000000
6043 98.094437 -19.512873 0.000000 0.000000
6044 98.364479 -17.752613 -3.510517 0.000000
6045 97.594360 -21.603180 -3.510517 0.000000
6046 96.924271 -23.663483 -7.021034 0.000000
6047 96.084145 -25.693783 -10.511547 0.000000
6970 99.324615 11.751730 0.000000 0.000000
7861 99.934708 -3.930578 0.000000 0.000000
7862 99.934708 -2.070305 -3.520518 0.000000
7863 99.774689 -5.990882 -3.520518 0.000000
7864 99.444641 -8.061187 -7.031035 0.000000
7865 98.944565 -10.111488 -10.521549 0.000000
7866 98.494492 -15.912342 -7.031035 0.000000
7867 98.464493 -14.052068 -10.541552 0.000000
8441 97.624374 21.553171 2.940433 0.000000
8442 98.394478 17.702606 2.940433 0.000000
8444 98.574509 15.832331 5.890867 0.000000
8445 99.014572 13.782028 2.940433 0.000000
8446 99.484642 9.881454 2.940433 0.000000
8447 99.794685 5.960877 2.950434 0.000000
8448 99.954720 2.040300 2.950434 0.000000
8457 99.954720 -2.040300 2.950434 0.000000
8458 99.794685 -5.960877 2.950434 0.000000
8459 99.484642 -9.881454 2.940433 0.000000
