#!ascii label, from subject  
331
26 -58.788658 80.911911 0.000000 0.000000
61 -68.170029 69.390213 23.253424 0.000000
80 -50.147381 70.210342 -50.577446 0.000000
122 -44.926617 86.282700 -23.253424 0.000000
181 -70.950447 61.569061 34.315052 0.000000
201 -36.955441 71.140480 -59.798801 0.000000
272 -70.720406 70.720406 0.000000 0.000000
274 -63.719379 75.801163 -13.992060 0.000000
275 -56.588333 78.361534 -25.713783 0.000000
276 -52.357708 84.402420 -11.731727 0.000000
399 -64.089439 75.881172 11.731727 0.000000
432 -60.058842 60.688934 -52.077667 0.000000
434 -47.927055 62.029129 -62.109142 0.000000
453 -62.419193 61.569061 48.117085 0.000000
522 -60.518906 70.300346 37.395504 0.000000
538 -68.810135 60.158852 -40.615978 0.000000
539 -59.228718 70.240341 -39.515816 0.000000
540 -48.157089 79.271660 -37.395504 0.000000
660 -75.971184 55.198128 34.425064 0.000000
661 -71.830574 57.218422 39.615833 0.000000
752 -64.949562 76.051193 0.000000 0.000000
753 -67.449921 73.510818 -7.021034 0.000000
754 -61.449047 78.601570 -7.021034 0.000000
755 -58.188564 80.311821 -12.901898 0.000000
756 -55.708199 82.852203 -5.880866 0.000000
902 -73.640839 63.469341 23.473455 0.000000
904 -71.930588 67.239891 17.542583 0.000000
905 -69.920296 70.530388 11.781734 0.000000
906 -66.289757 72.810715 17.532581 0.000000
960 -55.238129 65.609657 -51.447575 0.000000
961 -54.167973 61.559055 -57.278435 0.000000
962 -49.157234 66.289757 -56.488319 0.000000
963 -29.984415 70.910439 -63.839397 0.000000
964 -35.635246 66.759827 -65.389633 0.000000
1147 -56.988392 65.639656 49.467281 0.000000
1148 -61.619072 66.099724 42.856308 0.000000
1183 -73.470818 58.478607 -34.425064 0.000000
1185 -64.169449 65.359619 -40.165913 0.000000
1186 -63.319317 69.710266 -33.664955 0.000000
1187 -50.887497 82.532150 -24.543612 0.000000
1188 -52.507725 79.021629 -31.634657 0.000000
1189 -46.696873 83.052223 -30.424479 0.000000
1191 -40.876015 86.602745 -28.854248 0.000000
1478 -74.981041 59.498760 29.004269 0.000000
1479 -69.730263 65.639656 28.854248 0.000000
1512 -44.816597 74.480965 -49.467281 0.000000
1513 -43.696430 70.910439 -55.368153 0.000000
1514 -38.205624 74.951035 -54.087959 0.000000
1645 -69.580238 70.460373 -14.042068 0.000000
1646 -65.609657 72.540680 -20.883076 0.000000
1647 -61.999123 73.780861 -26.743937 0.000000
1648 -60.298878 77.271378 -19.902929 0.000000
1649 -54.648045 81.632019 -18.782766 0.000000
1650 -48.757175 85.542587 -17.532581 0.000000
1891 -73.200768 67.899994 5.890867 0.000000
1892 -67.579948 73.490814 5.880866 0.000000
1893 -61.589069 78.581566 5.880866 0.000000
1968 -64.599510 55.478168 -52.457722 0.000000
1970 -58.928677 56.458309 -57.818512 0.000000
1973 -42.556263 66.759827 -61.118996 0.000000
2013 -67.559944 57.218422 46.536850 0.000000
2014 -64.769539 55.198128 52.547733 0.000000
2015 -59.478752 59.498760 54.087959 0.000000
2208 -66.909851 61.779091 41.356091 0.000000
2209 -65.889694 66.099724 35.945290 0.000000
2210 -64.549500 70.070320 30.424479 0.000000
2213 -62.769241 73.900879 24.543612 0.000000
2225 -52.257690 85.272545 0.000000 0.000000
2226 -49.007214 86.982803 -5.880866 0.000000
2227 -45.476696 88.292999 -11.781734 0.000000
2228 -41.726143 89.183136 -17.542583 0.000000
2231 -37.605534 89.653198 -23.473455 0.000000
2232 -33.414917 89.693207 -29.004269 0.000000
2252 -78.321526 51.807625 -34.425064 0.000000
2253 -73.890877 53.687908 -40.745998 0.000000
2254 -69.030159 55.258133 -46.736877 0.000000
2255 -64.599510 60.578918 -46.466839 0.000000
2256 -59.828812 65.669670 -45.936764 0.000000
2257 -54.828072 70.410370 -45.166649 0.000000
2258 -58.098553 74.540970 -32.724819 0.000000
2259 -53.837925 74.951035 -38.555679 0.000000
2260 -49.317257 74.991043 -44.136497 0.000000
2261 -43.826450 79.031631 -42.856308 0.000000
2581 -72.140617 54.928085 42.196209 0.000000
2672 -61.919109 78.541557 0.000000 0.000000
2673 -63.249310 77.391396 -3.510517 0.000000
2674 -60.158852 79.821747 -3.510517 0.000000
2675 -58.608631 80.781891 -6.450949 0.000000
2676 -57.278435 81.932060 -2.940433 0.000000
2822 -70.970444 66.479782 23.383442 0.000000
2823 -72.830719 65.399628 20.523022 0.000000
2824 -70.100327 68.360062 20.413004 0.000000
2825 -69.160179 70.080315 17.552586 0.000000
2826 -67.269897 71.140480 20.403004 0.000000
2880 -52.717762 67.950005 -51.047516 0.000000
2881 -52.237690 65.999710 -54.017948 0.000000
2882 -49.687313 68.300056 -53.567886 0.000000
2883 -26.423889 70.620399 -65.709671 0.000000
2884 -29.284311 68.650108 -66.579803 0.000000
2885 -25.693783 68.300056 -68.400070 0.000000
3107 -47.937057 84.462433 -23.913521 0.000000
3108 -48.827187 82.842194 -27.504049 0.000000
3109 -45.846748 84.732475 -26.853952 0.000000
3110 -43.816452 84.872498 -29.654366 0.000000
3111 -42.926315 86.492729 -26.063837 0.000000
3422 -73.520821 58.428604 34.405067 0.000000
3423 -75.521118 57.378448 31.734671 0.000000
3424 -73.010750 60.568916 31.684664 0.000000
3425 -72.410652 62.619217 28.954264 0.000000
3426 -70.380363 63.639370 31.604654 0.000000
3480 -42.066193 76.481262 -48.817184 0.000000
3481 -41.546116 74.781006 -51.817631 0.000000
3482 -38.765709 76.721291 -51.137527 0.000000
3697 -73.440811 67.889992 0.000000 0.000000
3699 -71.960587 69.370209 -3.520518 0.000000
3700 -65.639656 74.721001 -10.511547 0.000000
3701 -68.570091 72.040604 -10.541552 0.000000
3702 -66.699814 73.190773 -14.032066 0.000000
3703 -67.649956 71.560539 -17.482573 0.000000
3704 -64.719528 74.230927 -17.452570 0.000000
3705 -62.999271 74.951035 -20.403004 0.000000
3706 -62.049133 76.581276 -16.952494 0.000000
3707 -55.308136 82.412132 -12.321814 0.000000
3708 -56.448311 81.021927 -15.852334 0.000000
3709 -53.537884 83.082230 -15.272248 0.000000
3710 -51.737614 83.642319 -18.172674 0.000000
3711 -50.587448 85.022507 -14.642156 0.000000
4156 -74.300941 66.369774 8.821300 0.000000
4157 -67.059868 73.260780 11.761731 0.000000
4158 -68.800125 72.060608 8.831300 0.000000
4159 -65.879692 74.731003 8.811297 0.000000
4160 -64.639519 76.091202 5.890867 0.000000
4161 -62.879257 77.271378 8.811297 0.000000
4320 -62.369183 58.118557 -52.297695 0.000000
4321 -61.809093 56.018250 -55.178120 0.000000
4322 -59.528763 58.618626 -54.988094 0.000000
4323 -51.087521 61.839104 -59.738792 0.000000
4328 -40.355938 71.080460 -57.628487 0.000000
4329 -43.156349 68.880142 -58.278580 0.000000
4330 -39.785854 68.990158 -60.498909 0.000000
4416 -60.588917 56.258282 56.268284 0.000000
4882 -65.029579 59.428749 47.346970 0.000000
4883 -67.269897 59.528763 43.966473 0.000000
4884 -64.719528 61.729088 44.766590 0.000000
4885 -61.098995 68.240044 40.155910 0.000000
4886 -63.809395 66.149734 39.435806 0.000000
4887 -63.239311 68.240044 36.695400 0.000000
4888 -65.259605 68.130035 33.204884 0.000000
4889 -62.589214 70.240341 33.934994 0.000000
4896 -60.898964 74.190918 28.114140 0.000000
4928 -50.667461 86.182686 -2.940433 0.000000
4929 -47.236954 88.102974 -2.940433 0.000000
4931 -43.746441 89.503181 -8.841302 0.000000
4932 -41.926174 90.033257 -11.771733 0.000000
4933 -43.626419 88.793068 -14.672159 0.000000
4934 -40.045895 90.473320 -14.652158 0.000000
4941 -35.955292 91.023392 -20.603033 0.000000
4943 -35.535233 89.723206 -26.253862 0.000000
4990 -71.200485 59.368736 -37.545528 0.000000
4991 -73.740852 56.128265 -37.615540 0.000000
4992 -71.410515 56.968384 -40.715992 0.000000
4993 -71.520531 54.508022 -43.776443 0.000000
4994 -68.970154 57.748501 -43.706436 0.000000
4995 -66.859840 57.948528 -46.626862 0.000000
4996 -66.749825 60.408890 -43.566414 0.000000
4997 -61.739082 67.839989 -39.865868 0.000000
4998 -62.039131 65.559654 -43.076340 0.000000
4999 -59.578773 68.010010 -42.766293 0.000000
5000 -57.358440 68.080025 -45.576710 0.000000
5001 -57.058403 70.370361 -42.366238 0.000000
5002 -59.328735 76.121208 -26.243862 0.000000
5003 -60.088844 74.210922 -29.754381 0.000000
5004 -57.388451 76.511261 -29.234303 0.000000
5005 -50.367416 79.201653 -34.545086 0.000000
5006 -53.217838 77.051346 -35.125172 0.000000
5007 -51.027515 77.161362 -38.005596 0.000000
5008 -51.607594 75.021042 -41.376095 0.000000
5009 -48.777176 77.191360 -40.796005 0.000000
5010 -46.596859 77.051346 -43.526409 0.000000
5011 -46.016773 79.201653 -40.155910 0.000000
5798 -73.940887 56.238281 37.045456 0.000000
5799 -71.430511 59.428749 36.985443 0.000000
5962 -67.889992 73.440811 0.000000 0.000000
5963 -69.140175 72.180626 -3.510517 0.000000
5964 -66.249748 74.841019 -3.510517 0.000000
5965 -64.499496 76.111198 -7.021034 0.000000
5966 -62.629223 77.261375 -10.511547 0.000000
5967 -60.998978 78.111496 -13.451980 0.000000
5968 -59.858814 79.501701 -9.961467 0.000000
5969 -56.988392 81.652016 -9.401383 0.000000
5970 -54.067959 83.682327 -8.811297 0.000000
6232 -76.201218 60.348885 23.533464 0.000000
6234 -75.461105 62.329174 20.603033 0.000000
6235 -74.610985 64.219452 17.632597 0.000000
6236 -73.670837 66.039719 14.652158 0.000000
6237 -72.670692 67.699966 11.771733 0.000000
6238 -70.970444 68.930145 14.672159 0.000000
6239 -68.150032 71.720558 14.662157 0.000000
6240 -65.229607 74.390945 14.642156 0.000000
6336 -57.678490 63.189301 -51.797626 0.000000
6337 -57.158417 61.169003 -54.718052 0.000000
6338 -54.738056 63.619366 -54.398006 0.000000
6339 -51.697609 63.959415 -56.918381 0.000000
6340 -48.577148 64.209457 -59.338734 0.000000
6341 -33.494930 71.080460 -61.869106 0.000000
6342 -36.315342 68.990158 -62.639217 0.000000
6343 -32.824833 68.880142 -64.659523 0.000000
6344 -32.114727 66.579803 -67.369919 0.000000
6673 -59.738792 63.639370 48.817184 0.000000
6674 -62.059139 63.879406 45.516697 0.000000
6675 -59.348736 65.919701 46.196800 0.000000
6676 -58.888668 68.130035 43.526409 0.000000
6677 -58.348591 70.240341 40.796005 0.000000
6737 -75.631134 57.498463 -31.244600 0.000000
6738 -73.100754 60.708939 -31.194590 0.000000
6739 -70.870430 61.639072 -34.355057 0.000000
6740 -68.540085 62.479198 -37.455513 0.000000
6741 -66.529793 62.799244 -40.415951 0.000000
6742 -66.209740 65.069580 -37.225479 0.000000
6743 -63.799393 67.589951 -36.945438 0.000000
6744 -61.309025 70.020309 -36.615391 0.000000
6745 -53.767914 80.491844 -25.143700 0.000000
6746 -54.588032 78.741585 -28.694225 0.000000
6747 -51.737614 80.841904 -28.114140 0.000000
6748 -49.637306 81.091942 -31.054571 0.000000
6749 -47.466988 81.231956 -33.934994 0.000000
6750 -45.356674 81.231956 -36.695400 0.000000
6751 -44.626572 83.122238 -33.204884 0.000000
7289 -77.431404 56.258282 29.034275 0.000000
7290 -76.851318 58.348591 26.293869 0.000000
7291 -74.350945 61.519058 26.253862 0.000000
7292 -71.730560 64.589508 26.183853 0.000000
7293 -68.990158 67.549942 26.063837 0.000000
7368 -47.506992 72.390656 -50.047367 0.000000
7369 -46.956913 70.620399 -53.017803 0.000000
7370 -44.276520 72.740700 -52.447720 0.000000
7371 -40.976032 72.970741 -54.758060 0.000000
7372 -37.605534 73.090752 -56.978390 0.000000
7374 -34.775120 75.011040 -56.268284 0.000000
7375 -34.145027 73.090752 -59.118698 0.000000
7376 -30.654512 72.970741 -61.138996 0.000000
7377 -27.113993 72.740700 -63.059284 0.000000
7677 -70.330353 70.770416 -7.031035 0.000000
7682 -66.399773 70.740417 -24.283573 0.000000
7683 -64.589508 71.350510 -27.214006 0.000000
7684 -63.839397 73.210777 -23.833508 0.000000
7685 -61.199009 75.581123 -23.343437 0.000000
7686 -58.478607 77.861458 -22.823359 0.000000
7687 -59.298725 78.851601 -16.412416 0.000000
7688 -57.508465 79.501701 -19.352850 0.000000
7689 -55.658195 80.061783 -22.263277 0.000000
7690 -52.797768 82.132095 -21.673191 0.000000
7691 -49.857338 84.102386 -21.053099 0.000000
7692 -46.866901 85.962654 -20.403004 0.000000
8288 -74.670990 66.469780 2.940433 0.000000
8289 -72.000595 69.350212 2.940433 0.000000
8290 -71.610542 69.260193 8.841302 0.000000
8291 -70.440369 70.750420 5.890867 0.000000
8292 -69.200188 72.150620 2.940433 0.000000
8293 -66.309753 74.811012 2.940433 0.000000
8294 -63.309322 77.371391 2.940433 0.000000
8295 -60.218868 79.791748 2.940433 0.000000
8496 -66.749825 52.777771 -52.547733 0.000000
8498 -64.019424 53.337849 -55.308136 0.000000
8501 -56.578327 59.038692 -57.578476 0.000000
8507 -46.456841 68.650108 -55.968239 0.000000
8508 -45.896755 66.579803 -58.848663 0.000000
8509 -45.266666 64.439484 -61.649075 0.000000
8510 -39.125759 66.819832 -63.309322 0.000000
8511 -41.886166 64.539497 -63.899406 0.000000
8615 -66.199738 56.238281 49.567295 0.000000
8616 -63.649368 58.428604 50.377419 0.000000
8618 -62.159153 57.378448 53.347855 0.000000
8619 -60.988976 60.568916 51.137527 0.000000
8620 -58.278580 62.619217 51.817631 0.000000
9186 -69.750267 57.258427 43.106342 0.000000
9187 -69.410217 59.528763 40.505962 0.000000
9188 -68.990158 61.729088 37.865574 0.000000
9189 -64.299469 63.979420 42.136204 0.000000
9190 -66.439781 63.979420 38.675694 0.000000
9191 -68.460075 63.879406 35.155178 0.000000
9192 -67.869987 65.919701 32.424774 0.000000
9193 -67.179886 67.899994 29.654366 0.000000
9194 -66.419777 69.790276 26.853952 0.000000
9200 -59.758801 72.380653 34.545086 0.000000
9201 -61.779091 72.260635 31.054571 0.000000
9202 -63.699379 72.030602 27.504049 0.000000
9203 -65.509644 71.690552 23.913521 0.000000
9204 -64.579506 73.410805 21.053099 0.000000
9205 -63.559361 75.051048 18.172674 0.000000
9211 -58.718647 80.711876 6.450949 0.000000
9212 -57.318436 81.882057 3.510517 0.000000
9238 -54.057957 84.072372 3.510517 0.000000
9239 -55.568176 83.162247 0.000000 0.000000
9240 -54.017948 84.122383 -2.940433 0.000000
9241 -52.397709 84.982513 -5.890867 0.000000
9242 -50.717464 85.752625 -8.811297 0.000000
9243 -45.516697 88.863083 -5.890867 0.000000
9244 -47.266960 87.692909 -8.831300 0.000000
9245 -48.957203 86.412720 -11.761731 0.000000
9246 -47.146938 86.972801 -14.662157 0.000000
9247 -45.276665 87.432869 -17.552586 0.000000
9248 -43.356380 87.792923 -20.413004 0.000000
9255 -38.025597 90.813370 -17.632597 0.000000
9256 -39.685841 89.483170 -20.523022 0.000000
9257 -41.296082 88.042961 -23.383442 0.000000
9258 -39.265778 88.182976 -26.183853 0.000000
9259 -37.175472 88.222984 -28.954264 0.000000
9317 -75.961189 55.188126 -34.455074 0.000000
9318 -76.171219 52.787773 -37.615540 0.000000
9322 -68.980156 52.667751 -49.697315 0.000000
9323 -66.859840 55.408157 -49.627304 0.000000
9324 -64.649513 58.078548 -49.497284 0.000000
9325 -62.369183 60.678932 -49.307259 0.000000
9326 -64.439484 63.019279 -43.346382 0.000000
9327 -62.259163 63.169304 -46.226803 0.000000
9328 -59.988831 63.229309 -49.047218 0.000000
9329 -57.568474 65.679665 -48.727169 0.000000
9330 -55.078106 68.060013 -48.347118 0.000000
9331 -52.517731 70.360359 -47.907055 0.000000
9332 -62.709229 71.810577 -30.234451 0.000000
9333 -60.748943 72.180626 -33.214890 0.000000
9334 -58.708641 72.450661 -36.145321 0.000000
9335 -55.338146 76.831306 -32.204742 0.000000
9336 -55.998241 74.801010 -35.665249 0.000000
9337 -56.568325 72.640694 -39.065750 0.000000
9338 -54.378002 72.740700 -41.896168 0.000000
9339 -52.107674 72.750710 -44.676579 0.000000
9340 -49.767323 72.660690 -47.396976 0.000000
9341 -47.096931 74.781006 -46.826893 0.000000
9342 -44.356533 76.821312 -46.196800 0.000000
