#!ascii label, from subject  
213
25 26.293869 80.911911 -52.577736 0.000000
77 51.287548 69.390213 -50.577446 0.000000
259 38.325642 91.313438 -14.012063 0.000000
322 12.921903 84.402420 -52.077667 0.000000
323 2.310340 78.361534 -62.109142 0.000000
324 15.982352 75.801163 -63.259312 0.000000
427 39.165764 75.881172 -52.077667 0.000000
428 31.624655 70.720406 -63.259312 0.000000
516 20.302988 89.113113 -40.615978 0.000000
517 22.663336 96.404190 -14.012063 0.000000
518 29.664368 91.313438 -28.014122 0.000000
519 35.955292 84.032372 -40.615978 0.000000
520 48.497135 78.031494 -39.515816 0.000000
802 19.652893 82.852203 -52.457722 0.000000
803 14.482132 80.311821 -57.818512 0.000000
804 21.203119 78.601570 -58.098553 0.000000
952 45.326672 72.810715 -51.447575 0.000000
953 41.806156 70.530388 -57.278435 0.000000
954 47.857048 67.239891 -56.488319 0.000000
1137 34.115021 91.623489 -21.083103 0.000000
1138 37.325493 88.493027 -27.924109 0.000000
1139 32.914845 87.942947 -34.425064 0.000000
1140 40.465958 84.812477 -34.235039 0.000000
1141 42.326229 81.231956 -40.165913 0.000000
1142 46.736877 81.762039 -33.664955 0.000000
1507 56.988392 65.639656 -49.467281 0.000000
1616 38.275635 92.403603 0.000000 0.000000
1617 34.735111 93.523766 -7.031035 0.000000
1732 6.120901 85.542587 -51.447575 0.000000
1733 0.810119 82.532150 -56.488319 0.000000
1734 7.641125 81.632019 -57.278435 0.000000
1735 9.171350 77.271378 -62.839252 0.000000
1957 32.804829 78.581566 -52.457722 0.000000
1958 29.044275 76.051193 -58.098553 0.000000
1959 35.485222 73.490814 -57.818512 0.000000
2187 2.970437 89.183136 -45.166649 0.000000
2188 9.801443 88.292999 -45.936764 0.000000
2189 16.652451 86.982803 -46.466839 0.000000
2190 23.373442 85.272545 -46.736877 0.000000
2194 30.604504 94.173866 -14.052068 0.000000
2195 26.253862 94.173866 -21.083103 0.000000
2197 25.063690 90.493324 -34.425064 0.000000
2198 28.224155 86.862785 -40.745998 0.000000
2199 31.214594 82.722176 -46.736877 0.000000
2200 37.655544 80.161804 -46.466839 0.000000
2201 43.966473 77.191360 -45.936764 0.000000
2202 50.017365 73.900879 -45.166649 0.000000
2204 54.648045 74.360947 -38.555679 0.000000
2205 56.078255 70.070320 -44.136497 0.000000
2206 61.619072 66.099724 -42.856308 0.000000
2436 23.883516 73.510818 -63.469341 0.000000
2722 22.983383 81.932060 -52.547733 0.000000
2723 20.443010 80.781891 -55.308136 0.000000
2724 23.763498 79.821747 -55.378147 0.000000
2872 48.337116 71.140480 -51.047516 0.000000
2873 46.626862 70.080315 -54.017948 0.000000
2874 49.597301 68.360062 -53.567886 0.000000
3057 39.525818 88.563042 -24.433596 0.000000
3058 41.056042 86.852783 -27.804092 0.000000
3059 38.925732 86.722763 -31.104578 0.000000
3060 42.626274 85.012512 -30.964558 0.000000
3061 43.626419 83.342270 -33.975002 0.000000
3472 59.738792 63.639370 -48.817184 0.000000
3473 58.278580 62.619217 -51.817631 0.000000
3654 40.165913 91.523468 -3.520518 0.000000
3847 9.521402 85.022507 -51.797626 0.000000
3848 6.881013 83.642319 -54.398006 0.000000
3849 10.281513 83.082230 -54.718052 0.000000
3850 15.242244 78.111496 -60.578918 0.000000
3851 11.841743 78.851601 -60.378887 0.000000
3852 12.581852 76.581276 -63.079285 0.000000
3853 9.921460 74.951035 -65.469635 0.000000
3854 13.331964 74.230927 -65.689667 0.000000
4297 36.005299 77.271378 -52.297695 0.000000
4298 34.175030 76.091202 -55.178120 0.000000
4299 37.345497 74.731003 -54.988094 0.000000
4300 43.026333 67.699966 -59.738792 0.000000
4301 39.925877 69.260193 -60.098846 0.000000
4831 6.390941 88.793068 -45.576710 0.000000
4833 16.912489 89.913239 -40.415951 0.000000
4834 15.092222 88.863083 -43.346382 0.000000
4835 18.492722 88.102974 -43.566414 0.000000
4836 20.022947 86.182686 -46.626862 0.000000
4837 21.853218 87.262848 -43.706436 0.000000
4846 36.555382 92.493614 -10.521549 0.000000
4847 32.694817 93.933823 -10.551554 0.000000
4848 34.495079 92.823662 -14.042068 0.000000
4849 31.914698 91.543472 -24.573616 0.000000
4850 30.214449 92.973686 -21.103107 0.000000
4851 27.984119 92.823662 -24.573616 0.000000
4852 24.053541 93.933823 -24.523609 0.000000
4853 25.763792 92.493614 -27.994122 0.000000
4854 23.463453 92.083557 -31.194590 0.000000
4855 27.394032 90.973389 -31.244600 0.000000
4856 34.455074 86.052666 -37.545528 0.000000
4857 30.594503 87.472878 -37.615540 0.000000
4858 32.114727 85.522583 -40.715992 0.000000
4859 29.744379 84.862488 -43.776443 0.000000
4860 33.614948 83.442284 -43.706436 0.000000
4861 34.455074 81.491997 -46.626862 0.000000
4862 36.825420 82.152092 -43.566414 0.000000
4863 45.446690 79.681725 -39.865868 0.000000
4864 43.176353 79.261665 -43.076340 0.000000
4865 46.266808 77.671440 -42.766293 0.000000
4866 47.026924 75.591125 -45.576710 0.000000
4867 49.297256 76.011192 -42.366238 0.000000
4873 57.618481 72.380653 -38.005596 0.000000
4874 55.398155 72.260635 -41.376095 0.000000
4875 58.348591 70.240341 -40.796005 0.000000
4876 58.888668 68.130035 -43.526409 0.000000
4877 61.098995 68.240044 -40.155910 0.000000
4879 66.439781 63.979420 -38.675694 0.000000
5430 1.560230 80.491844 -59.338734 0.000000
5432 -1.250184 78.741585 -61.649075 0.000000
5445 30.364470 73.440811 -60.718937 0.000000
5446 26.483900 74.841019 -60.828953 0.000000
5447 27.784088 72.180626 -63.419338 0.000000
6052 16.292398 83.682327 -52.297695 0.000000
6053 13.712018 82.412132 -54.988094 0.000000
6054 17.082514 81.652016 -55.178120 0.000000
6055 17.852629 79.501701 -57.988537 0.000000
6056 18.602739 77.261375 -60.718937 0.000000
6322 42.266220 74.390945 -51.797626 0.000000
6323 40.515961 73.260780 -54.718052 0.000000
6324 43.596416 71.720558 -54.398006 0.000000
6325 44.856606 68.930145 -56.918381 0.000000
6646 18.722755 90.823364 -37.455513 0.000000
6651 24.793648 96.324181 -10.521549 0.000000
6652 40.025894 89.973251 -17.462572 0.000000
6653 36.255337 91.543472 -17.562586 0.000000
6654 37.925583 90.133270 -21.003092 0.000000
6655 35.745262 90.133270 -24.523609 0.000000
6656 33.524937 89.973251 -27.994122 0.000000
6657 31.314611 89.703209 -31.244600 0.000000
6658 35.145172 88.282997 -31.194590 0.000000
6659 36.715405 86.452728 -34.355057 0.000000
6660 38.235626 84.492432 -37.455513 0.000000
6661 39.165764 82.682167 -40.415951 0.000000
6662 41.426102 83.072235 -37.225479 0.000000
6663 44.566563 81.562012 -36.945438 0.000000
6664 47.647015 79.951767 -36.615391 0.000000
7002 3.060451 76.121208 -64.799538 0.000000
7003 -0.490072 76.511261 -64.409485 0.000000
7357 54.167973 67.549942 -50.047367 0.000000
7358 52.647755 66.479782 -53.017803 0.000000
7359 55.498169 64.589508 -52.447720 0.000000
7612 36.535378 93.033691 -3.520518 0.000000
7613 38.395653 92.083557 -7.031035 0.000000
7882 2.710399 85.962654 -51.047516 0.000000
7884 3.470511 84.102386 -54.017948 0.000000
7885 4.220621 82.132095 -56.918381 0.000000
7886 4.980733 80.061783 -59.738792 0.000000
7887 11.071630 81.021927 -57.578476 0.000000
7888 8.411238 79.501701 -60.098846 0.000000
7889 5.740845 77.861458 -62.509201 0.000000
7890 6.490956 75.581123 -65.179596 0.000000
8467 29.564352 79.791748 -52.547733 0.000000
8468 27.694075 78.541557 -55.378147 0.000000
8469 30.944553 77.371391 -55.308136 0.000000
8470 32.284756 74.811012 -57.988537 0.000000
8471 33.574944 72.150620 -60.578918 0.000000
8472 38.665691 72.060608 -57.578476 0.000000
8473 36.775414 70.750420 -60.378887 0.000000
8478 50.927494 65.399628 -55.968239 0.000000
9123 1.130166 87.792923 -47.907055 0.000000
9124 4.550670 87.432869 -48.347118 0.000000
9125 7.971174 86.972801 -48.727169 0.000000
9126 11.371674 86.412720 -49.047218 0.000000
9127 11.661716 89.503181 -43.076340 0.000000
9128 13.231948 87.692909 -46.226803 0.000000
9129 14.792177 85.752625 -49.307259 0.000000
9130 18.162674 84.982513 -49.497284 0.000000
9131 21.523169 84.122383 -49.627304 0.000000
9132 24.853659 83.162247 -49.697315 0.000000
9143 28.764235 95.204018 -10.551554 0.000000
9144 26.653923 95.364037 -14.042068 0.000000
9145 32.384769 92.973686 -17.582588 0.000000
9146 28.454189 94.253876 -17.582588 0.000000
9147 24.483604 95.364037 -17.562586 0.000000
9152 21.113108 91.523468 -34.355057 0.000000
9153 22.703342 89.873230 -37.545528 0.000000
9154 29.014271 89.303146 -34.455074 0.000000
9155 26.663927 88.753059 -37.615540 0.000000
9156 24.283573 88.062965 -40.715992 0.000000
9157 25.813799 86.142677 -43.776443 0.000000
9158 27.314020 84.072372 -46.776886 0.000000
9159 28.774237 81.882057 -49.697315 0.000000
9160 32.034718 80.711876 -49.627304 0.000000
9161 35.255188 79.431694 -49.497284 0.000000
9162 38.435658 78.071487 -49.307259 0.000000
9163 40.025894 80.761887 -43.346382 0.000000
9164 40.836014 78.731590 -46.226803 0.000000
9165 41.596123 76.591278 -49.047218 0.000000
9166 44.676579 75.051048 -48.727169 0.000000
9167 47.717026 73.410805 -48.347118 0.000000
9168 50.687462 71.690552 -47.907055 0.000000
9171 50.767475 78.221512 -36.145321 0.000000
9173 53.827927 76.371246 -35.665249 0.000000
9174 51.607594 76.241226 -39.065750 0.000000
9175 52.377708 74.190918 -41.896168 0.000000
9176 53.087814 72.030602 -44.676579 0.000000
9177 53.727905 69.790276 -47.396976 0.000000
9178 56.568325 67.899994 -46.826893 0.000000
9179 59.348736 65.919701 -46.196800 0.000000
9180 62.059139 63.879406 -45.516697 0.000000
9181 63.809395 66.149734 -39.435806 0.000000
9182 64.299469 63.979420 -42.136204 0.000000
9183 64.719528 61.729088 -44.766590 0.000000
9864 25.143700 77.391396 -58.148560 0.000000
9865 22.563322 76.111198 -60.828953 0.000000
9866 19.952936 74.721001 -63.419338 0.000000
9868 21.233126 72.040604 -66.049721 0.000000
9869 17.282545 73.190773 -65.939705 0.000000
