#!ascii label, from subject  
20
641 22.403299 0.000000 -97.474350 0.000000
1438 28.154146 -4.070600 -95.884117 0.000000
1439 22.333288 -8.061187 -97.154297 0.000000
1798 39.345791 -4.070600 -91.863518 0.000000
2557 33.874985 0.000000 -94.103859 0.000000
2558 28.154146 4.070600 -95.884117 0.000000
5748 36.635391 -2.040300 -93.043694 0.000000
5749 33.844982 -4.060598 -94.023842 0.000000
5750 25.293724 -2.040300 -96.744247 0.000000
5751 28.184149 0.000000 -95.964134 0.000000
5752 25.293724 2.040300 -96.744247 0.000000
5753 25.263721 6.070893 -96.584213 0.000000
5754 22.383295 4.030593 -97.394333 0.000000
7194 30.984560 -6.090896 -94.903969 0.000000
7196 25.263721 -6.070893 -96.584213 0.000000
7197 22.383295 -4.030593 -97.394333 0.000000
7198 19.622887 -2.030299 -98.054436 0.000000
7199 19.582882 -6.060892 -97.894409 0.000000
10228 31.034567 -2.040300 -95.053993 0.000000
10229 31.034567 2.040300 -95.053993 0.000000
