#!ascii label, from subject  
216
74 95.944122 16.062366 23.253424 0.000000
76 95.944122 -16.062366 23.253424 0.000000
245 58.928677 13.311960 79.701729 0.000000
246 69.540237 13.281955 70.640404 0.000000
308 85.102524 -34.625095 39.515816 0.000000
309 78.481552 -46.846897 40.615978 0.000000
418 60.058842 -60.688934 52.077667 0.000000
422 96.454201 23.713491 11.731727 0.000000
509 91.783508 37.175472 13.992060 0.000000
510 92.003540 29.604359 25.713783 0.000000
511 90.283295 21.303135 37.395504 0.000000
579 90.283295 -21.303135 37.395504 0.000000
580 92.003540 -29.604359 25.713783 0.000000
724 52.107674 13.351965 84.312416 0.000000
726 61.529053 6.670981 78.561562 0.000000
788 77.581421 -42.716286 46.466839 0.000000
789 73.880867 -48.577148 46.736877 0.000000
944 96.424194 19.932934 17.532581 0.000000
946 97.714378 12.121784 17.542583 0.000000
1118 92.123558 33.474926 19.902929 0.000000
1119 89.333153 36.165325 26.743937 0.000000
1121 87.922943 28.034126 38.555679 0.000000
1122 86.562737 23.723494 44.136497 0.000000
1123 88.703056 17.252539 42.856308 0.000000
1124 84.682465 19.602886 49.467281 0.000000
1284 86.562737 -23.723494 44.136497 0.000000
1285 85.872643 -38.675694 33.664955 0.000000
1286 88.853081 -32.214745 32.724819 0.000000
1287 89.333153 -36.165325 26.743937 0.000000
1592 54.978092 20.042950 81.111938 0.000000
1593 61.569061 19.862923 76.271233 0.000000
1595 64.389481 13.331964 75.361092 0.000000
1596 66.889847 6.660981 74.060898 0.000000
1706 83.902351 -30.384472 45.166649 0.000000
1707 80.941917 -36.605389 45.936764 0.000000
1708 81.992073 -40.836014 40.165913 0.000000
1709 82.592163 -44.836601 34.235039 0.000000
1936 64.599510 -55.478168 52.457722 0.000000
1937 69.030159 -55.258133 46.736877 0.000000
1938 64.599510 -60.578918 46.466839 0.000000
1951 98.354477 4.070600 17.692604 0.000000
2148 80.941917 19.642891 55.368153 0.000000
2172 94.363892 30.524494 12.901898 0.000000
2173 94.523918 26.743937 18.782766 0.000000
2174 94.213867 22.893370 24.543612 0.000000
2175 88.853081 32.214745 32.724819 0.000000
2176 91.383446 25.523758 31.634657 0.000000
2177 93.413750 18.742758 30.424479 0.000000
2178 92.163567 14.742170 35.945290 0.000000
2375 93.413750 -18.742758 30.424479 0.000000
2376 87.922943 -28.034126 38.555679 0.000000
2377 91.383446 -25.523758 31.634657 0.000000
2378 94.213867 -22.893370 24.543612 0.000000
2708 73.350792 -46.466839 49.627304 0.000000
2709 71.410515 -49.327259 49.697315 0.000000
2864 96.244171 18.012651 20.403004 0.000000
2865 97.144295 16.042362 17.552586 0.000000
2866 96.894257 14.102077 20.413004 0.000000
3038 89.353157 38.095608 23.833508 0.000000
3039 87.812927 39.375793 27.214006 0.000000
3041 85.282547 27.073986 44.676579 0.000000
3042 84.482437 24.883661 47.396976 0.000000
3043 85.672607 21.683191 46.826893 0.000000
3044 83.532303 22.813358 50.047367 0.000000
3205 86.082672 -40.635983 30.674513 0.000000
3206 87.672913 -37.455513 30.234451 0.000000
3207 87.812927 -39.375793 27.214006 0.000000
3611 55.568176 13.341963 82.082085 0.000000
3612 53.587887 16.712460 82.782188 0.000000
3613 56.998386 16.692455 80.471848 0.000000
3614 58.318584 19.962938 78.761597 0.000000
3615 60.298878 16.602442 78.051491 0.000000
3616 63.019279 16.602442 75.861168 0.000000
3617 61.699085 13.321961 77.581421 0.000000
3619 64.249466 6.670981 76.361237 0.000000
3803 80.261818 -34.455074 48.727169 0.000000
3804 78.671577 -37.515522 49.047218 0.000000
3805 78.081497 -44.816597 43.566414 0.000000
3806 79.851753 -41.806156 43.346382 0.000000
3807 80.281815 -43.866459 40.415951 0.000000
3808 82.342125 -42.856308 37.225479 0.000000
3809 80.591866 -45.876751 37.455513 0.000000
4252 62.369183 -58.118557 52.297695 0.000000
4253 64.649513 -58.078548 49.497284 0.000000
4254 62.369183 -60.678932 49.307259 0.000000
4737 75.631134 16.562437 63.309322 0.000000
4738 77.911469 16.512430 60.498909 0.000000
4739 78.841599 19.752907 58.278580 0.000000
4740 80.071785 16.422417 57.628487 0.000000
4741 82.062080 16.422417 54.758060 0.000000
4792 92.833664 35.695255 10.511547 0.000000
4793 94.113853 32.354767 9.961467 0.000000
4794 93.133713 33.874985 13.451980 0.000000
4795 92.123558 31.554644 22.823359 0.000000
4796 93.383751 30.124435 19.352850 0.000000
4797 93.343742 28.194149 22.263277 0.000000
4798 94.423904 24.833656 21.673191 0.000000
4799 93.173714 26.263866 25.143700 0.000000
4801 87.412872 35.475224 33.214890 0.000000
4802 87.052818 33.444923 36.145321 0.000000
4803 89.163124 24.683634 38.005596 0.000000
4804 89.723206 26.803947 35.125172 0.000000
4805 90.893379 23.433451 34.545086 0.000000
4806 92.453606 22.143259 31.054571 0.000000
4807 91.923531 20.042950 33.934994 0.000000
4808 92.843666 16.752466 33.204884 0.000000
4809 91.273430 18.032654 36.695400 0.000000
4810 87.752914 15.202237 45.516697 0.000000
5290 89.543182 -19.292841 40.155910 0.000000
5292 91.273430 -18.032654 36.695400 0.000000
5293 92.843666 -16.752466 33.204884 0.000000
5294 91.923531 -20.042950 33.934994 0.000000
5295 84.562454 -32.524788 42.366238 0.000000
5296 85.982658 -29.234303 41.896168 0.000000
5297 86.572739 -31.344614 39.065750 0.000000
5298 90.503319 -30.934553 29.234303 0.000000
5299 90.173279 -28.884253 32.204742 0.000000
5300 91.753502 -27.584059 28.694225 0.000000
5301 92.873672 -24.223564 28.114140 0.000000
5302 93.173714 -26.263866 25.143700 0.000000
5310 68.970154 -57.748501 43.706436 0.000000
5311 71.520531 -54.508022 43.776443 0.000000
5912 54.057957 10.021475 83.542305 0.000000
5913 57.478462 10.001472 81.241959 0.000000
5914 60.268871 10.001472 79.181656 0.000000
5915 58.768650 6.680983 80.651871 0.000000
6026 76.981331 -40.565971 49.307259 0.000000
6027 75.211067 -43.536407 49.497284 0.000000
6028 75.781158 -45.676723 46.626862 0.000000
6029 76.241226 -47.747028 43.706436 0.000000
6308 96.494209 21.833214 14.642156 0.000000
6310 97.294319 17.962643 14.662157 0.000000
6311 97.934418 14.052068 14.672159 0.000000
6312 98.414490 10.121490 14.652158 0.000000
6584 70.750420 9.971467 69.980301 0.000000
6585 72.070610 13.281955 68.060013 0.000000
6620 92.013542 35.345203 16.952494 0.000000
6621 90.753357 36.755409 20.403004 0.000000
6622 90.793365 34.845131 23.343437 0.000000
6623 90.723351 32.904846 26.243862 0.000000
6625 86.572739 31.344614 39.065750 0.000000
6626 85.982658 29.234303 41.896168 0.000000
6627 87.292847 25.893810 41.376095 0.000000
6628 88.493027 22.533318 40.796005 0.000000
6629 89.543182 19.292841 40.155910 0.000000
6630 87.682907 20.503017 43.526409 0.000000
6631 86.762772 18.442715 46.196800 0.000000
6632 85.742615 16.372412 48.817184 0.000000
6919 87.682907 -20.503017 43.526409 0.000000
6920 88.493027 -22.533318 40.796005 0.000000
6921 85.542587 -36.675396 36.615391 0.000000
6922 87.052818 -33.444923 36.145321 0.000000
6923 87.412872 -35.475224 33.214890 0.000000
6924 89.143127 -34.215034 29.754381 0.000000
6925 90.723351 -32.904846 26.243862 0.000000
6926 92.123558 -31.554644 22.823359 0.000000
7346 95.524063 14.102077 26.063837 0.000000
7347 96.494209 12.071776 23.383442 0.000000
7356 95.524063 -14.102077 26.063837 0.000000
7560 65.679665 16.592443 73.580833 0.000000
7561 67.009865 13.311960 73.050751 0.000000
7562 63.009274 10.011474 77.021339 0.000000
7563 65.679665 10.001472 74.761002 0.000000
7564 68.270050 9.981469 72.410652 0.000000
7820 83.142242 -28.204153 47.907055 0.000000
7821 81.752029 -31.344614 48.347118 0.000000
7822 82.472137 -33.514931 45.576710 0.000000
7823 83.092232 -35.645245 42.766293 0.000000
7824 79.311668 -39.685841 46.226803 0.000000
7825 81.522003 -38.745705 43.076340 0.000000
7826 83.602310 -37.745560 39.865868 0.000000
7827 83.992371 -39.785854 36.945438 0.000000
7828 84.282410 -41.786152 33.975002 0.000000
8411 68.980156 -52.667751 49.697315 0.000000
8412 66.859840 -55.408157 49.627304 0.000000
8413 66.859840 -57.948528 46.626862 0.000000
8414 66.749825 -60.408890 43.566414 0.000000
8449 97.364334 10.091486 20.523022 0.000000
8450 98.114441 8.101192 17.632597 0.000000
9013 82.862198 19.632889 52.447720 0.000000
9014 83.952362 16.402414 51.817631 0.000000
9015 84.942505 13.161939 51.137527 0.000000
9079 95.264023 28.974264 9.401383 0.000000
9080 95.474052 27.133993 12.321814 0.000000
9081 93.313736 32.024715 16.412416 0.000000
9082 94.503906 28.654219 15.852334 0.000000
9083 95.564072 25.243717 15.272248 0.000000
9084 95.534065 23.353437 18.172674 0.000000
9085 95.394051 21.433155 21.053099 0.000000
9086 95.134010 19.492868 23.913521 0.000000
9087 87.672913 37.455513 30.234451 0.000000
9088 89.143127 34.215034 29.754381 0.000000
9089 90.503319 30.934553 29.234303 0.000000
9090 88.443016 30.144438 35.665249 0.000000
9091 90.173279 28.884253 32.204742 0.000000
9092 91.753502 27.584059 28.694225 0.000000
9093 92.873672 24.223564 28.114140 0.000000
9094 93.873817 20.833067 27.504049 0.000000
9095 94.753944 17.422565 26.853952 0.000000
9096 94.263878 15.442274 29.654366 0.000000
9097 93.653786 13.441978 32.424774 0.000000
9099 90.503319 16.012358 39.435806 0.000000
9682 94.263878 -15.442274 29.654366 0.000000
9683 94.753944 -17.422565 26.853952 0.000000
9684 85.282547 -27.073986 44.676579 0.000000
9685 87.292847 -25.893810 41.376095 0.000000
9686 89.163124 -24.683634 38.005596 0.000000
9687 88.443016 -30.144438 35.665249 0.000000
9688 89.723206 -26.803947 35.125172 0.000000
9689 90.893379 -23.433451 34.545086 0.000000
9690 92.453606 -22.143259 31.054571 0.000000
9691 93.873817 -20.833067 27.504049 0.000000
9692 95.134010 -19.492868 23.913521 0.000000
9702 71.520531 -51.957649 46.776886 0.000000
9703 73.940887 -51.167534 43.776443 0.000000
9704 76.251221 -50.307407 40.715992 0.000000
