#!ascii label, from subject  
37
213 -48.457134 51.617599 70.640404 0.000000
214 -39.855865 45.406685 79.701729 0.000000
995 -42.426243 55.348145 71.690552 0.000000
996 -46.476841 58.378593 66.599800 0.000000
1535 -44.256516 48.627155 75.361092 0.000000
2017 -52.477722 54.518024 65.389633 0.000000
2018 -50.347416 61.098995 61.118996 0.000000
2023 -34.305050 41.436100 84.312416 0.000000
3515 -42.886311 43.516403 79.181656 0.000000
3516 -45.096638 45.136646 77.021339 0.000000
3517 -42.086197 47.046925 77.581421 0.000000
3518 -41.226070 50.477432 75.861168 0.000000
3519 -39.025745 48.867191 78.051491 0.000000
4420 -51.377567 49.657307 69.980301 0.000000
4421 -53.397865 51.117527 67.369919 0.000000
4422 -50.497433 53.107819 68.060013 0.000000
4423 -45.366680 61.619072 64.409485 0.000000
4424 -48.437130 59.778801 63.899406 0.000000
4425 -47.296963 62.969269 61.649075 0.000000
4426 -49.137230 64.219452 58.848663 0.000000
5856 -40.615978 41.876167 81.241959 0.000000
6397 -45.466690 53.517876 71.210487 0.000000
6398 -47.506992 55.048103 68.680107 0.000000
6399 -44.476547 56.898376 69.190186 0.000000
7416 -49.367268 48.197098 72.410652 0.000000
7418 -47.256958 46.696873 74.761002 0.000000
7419 -46.386829 50.157383 73.050751 0.000000
7420 -43.376385 52.027660 73.580833 0.000000
8624 -55.358147 52.507725 64.659523 0.000000
8625 -54.398006 55.858219 62.639217 0.000000
8626 -49.507286 56.488319 66.039719 0.000000
8627 -51.457577 57.858517 63.309322 0.000000
8628 -53.327854 59.158707 60.498909 0.000000
8629 -52.167679 62.329174 58.278580 0.000000
8630 -50.927494 65.399628 55.968239 0.000000
8643 -37.115463 43.456398 82.082085 0.000000
8646 -36.305344 47.006920 80.471848 0.000000
