#!ascii label, from subject  
15
496 41.006035 39.965881 82.002068 0.000000
2134 28.804239 45.436687 84.312416 0.000000
4706 37.465515 39.725845 83.792336 0.000000
4707 34.995152 42.796295 83.352272 0.000000
4708 38.555679 43.066338 81.622017 0.000000
4710 42.036186 43.236362 79.791748 0.000000
6572 51.897640 30.054424 80.041779 0.000000
8069 11.581705 46.466839 87.802925 0.000000
8070 15.332257 47.176945 86.842789 0.000000
8155 18.872780 47.266960 86.092674 0.000000
8968 22.563322 47.827042 84.892494 0.000000
8979 43.536407 36.725403 82.212105 0.000000
8980 49.557293 33.444923 80.181801 0.000000
8981 47.126938 36.795418 80.181801 0.000000
8982 44.626572 40.065895 80.041779 0.000000
