#!ascii label, from subject  
21
252 78.481552 46.846897 40.615978 0.000000
733 77.581421 42.716286 46.466839 0.000000
1115 85.722618 47.096931 20.893076 0.000000
1606 82.592163 44.836601 34.235039 0.000000
1609 80.941917 36.605389 45.936764 0.000000
1610 79.471695 32.254749 51.447575 0.000000
3637 80.591866 45.876751 37.455513 0.000000
3638 82.342125 42.856308 37.225479 0.000000
3639 80.281815 43.866459 40.415951 0.000000
3640 76.981331 40.565971 49.307259 0.000000
3641 79.311668 39.685841 46.226803 0.000000
3642 78.671577 37.515522 49.047218 0.000000
3643 80.261818 34.455074 48.727169 0.000000
3644 77.921471 35.335205 51.797626 0.000000
5926 76.241226 47.747028 43.706436 0.000000
5927 78.081497 44.816597 43.566414 0.000000
5928 75.781158 45.676723 46.626862 0.000000
5929 75.211067 43.536407 49.497284 0.000000
6617 87.182831 45.786739 17.482573 0.000000
7593 79.851753 41.806156 43.346382 0.000000
9002 78.911613 29.284311 54.017948 0.000000
