#!ascii label, from subject  
130
16 -85.082527 0.000000 52.577736 0.000000
127 -94.733948 -16.252392 27.644068 0.000000
278 -89.203133 -22.013241 39.515816 0.000000
279 -91.023392 -8.221210 40.615978 0.000000
401 -91.023392 8.221210 40.615978 0.000000
542 -91.833519 -30.134436 25.713783 0.000000
543 -96.114151 -23.873514 13.992060 0.000000
544 -96.014130 0.000000 28.014122 0.000000
757 -84.872498 -6.911017 52.457722 0.000000
758 -87.872932 -11.041625 46.466839 0.000000
759 -88.322998 -4.120606 46.736877 0.000000
1195 -92.203568 -19.182823 33.664955 0.000000
1196 -90.823364 -26.163849 32.724819 0.000000
1197 -93.523766 -23.253424 26.743937 0.000000
1198 -94.203873 -27.063984 19.902929 0.000000
1199 -95.714096 -20.122961 20.883076 0.000000
1201 -93.813812 4.130608 34.425064 0.000000
1652 -85.742615 -24.733641 45.166649 0.000000
1653 -87.002808 -17.962643 45.936764 0.000000
1654 -90.333298 -15.152231 40.165913 0.000000
1655 -93.163719 -12.271806 34.235039 0.000000
1894 -84.872498 6.911017 52.457722 0.000000
1895 -88.322998 4.120606 46.736877 0.000000
1896 -87.872932 11.041625 46.466839 0.000000
2266 -87.612892 -28.994268 38.555679 0.000000
2272 -91.333443 0.000000 40.745998 0.000000
2273 -93.813812 -4.130608 34.425064 0.000000
2274 -95.694084 -8.151200 27.924109 0.000000
2276 -97.684380 -4.130608 21.083103 0.000000
2277 -97.034279 -12.281808 20.893076 0.000000
2278 -97.704376 -16.102371 14.042068 0.000000
2279 -97.774384 -19.822918 7.021034 0.000000
2280 -97.254311 -23.343437 0.000000 0.000000
2677 -85.022507 -3.460510 52.547733 0.000000
2678 -86.652756 -5.520813 49.627304 0.000000
2679 -86.772774 -2.060303 49.697315 0.000000
3115 -93.533768 -17.722610 30.674513 0.000000
3116 -92.943680 -21.233126 30.234451 0.000000
3117 -94.193863 -19.762909 27.214006 0.000000
3118 -94.683937 -21.703194 23.833508 0.000000
3119 -95.304031 -18.202679 24.283573 0.000000
3713 -85.182541 -19.302843 48.727169 0.000000
3714 -85.702614 -15.892339 49.047218 0.000000
3715 -89.513176 -9.641419 43.566414 0.000000
3716 -89.173134 -13.111930 43.346382 0.000000
3717 -90.733360 -11.701722 40.415951 0.000000
3718 -91.813507 -13.722019 37.225479 0.000000
3719 -92.173561 -10.261511 37.455513 0.000000
4162 -84.622459 10.361526 52.297695 0.000000
4163 -86.442726 8.981321 49.497284 0.000000
4164 -86.122681 12.421828 49.307259 0.000000
4166 -88.723061 16.572439 43.076340 0.000000
5025 -87.522888 -23.393442 42.366238 0.000000
5026 -86.742767 -26.883957 41.896168 0.000000
5027 -88.463028 -25.523758 39.065750 0.000000
5028 -91.403458 -28.164146 29.234303 0.000000
5029 -89.933243 -29.634361 32.204742 0.000000
5035 -95.214020 -25.483751 16.952494 0.000000
5040 -89.743217 6.180910 43.706436 0.000000
5041 -89.903236 2.060303 43.776443 0.000000
5042 -91.263435 4.120606 40.715992 0.000000
5043 -94.983986 2.060303 31.244600 0.000000
5044 -93.893822 0.000000 34.455074 0.000000
5045 -94.983986 -2.060303 31.244600 0.000000
5046 -94.823959 -6.140904 31.194590 0.000000
5047 -95.934128 -4.080601 27.994122 0.000000
5054 -97.434341 -8.211208 21.003092 0.000000
5055 -97.944420 -10.261511 17.462572 0.000000
5056 -97.444344 -14.202091 17.482573 0.000000
5057 -98.274460 -12.181792 14.042068 0.000000
5059 -98.494492 -15.912342 7.031035 0.000000
5061 -97.594360 -21.603180 3.510517 0.000000
5972 -86.122681 -12.421828 49.307259 0.000000
5973 -86.442726 -8.981321 49.497284 0.000000
5974 -88.152977 -7.591117 46.626862 0.000000
5975 -89.743217 -6.180910 43.706436 0.000000
6759 -90.763359 -20.613035 36.615391 0.000000
6760 -90.083260 -24.103548 36.145321 0.000000
6761 -91.573479 -22.683340 33.214890 0.000000
6762 -92.233582 -24.723639 29.754381 0.000000
6763 -92.743645 -26.703930 26.243862 0.000000
6764 -93.073700 -28.614212 22.823359 0.000000
6765 -93.933823 -25.173708 23.343437 0.000000
6766 -95.023987 -23.613476 20.403004 0.000000
6767 -95.984131 -22.013241 17.452570 0.000000
6768 -92.173561 10.261511 37.455513 0.000000
6769 -92.493614 6.180910 37.545528 0.000000
7696 -86.422714 -21.363144 45.576710 0.000000
7697 -88.172981 -20.002945 42.766293 0.000000
7698 -87.492882 -14.512136 46.226803 0.000000
7699 -88.723061 -16.572439 43.076340 0.000000
7700 -89.823227 -18.592737 39.865868 0.000000
7701 -91.343437 -17.182529 36.945438 0.000000
7702 -92.743645 -15.742317 33.975002 0.000000
7703 -94.023842 -14.272101 30.964558 0.000000
8296 -85.022507 3.460510 52.547733 0.000000
8297 -86.772774 2.060303 49.697315 0.000000
8298 -86.652756 5.520813 49.627304 0.000000
8299 -88.152977 7.591117 46.626862 0.000000
8300 -89.513176 9.641419 43.566414 0.000000
8301 -87.492882 14.512136 46.226803 0.000000
8302 -89.173134 13.111930 43.346382 0.000000
8303 -90.733360 11.701722 40.415951 0.000000
8722 -83.142242 -5.520813 55.308136 0.000000
8723 -83.252258 -2.060303 55.378147 0.000000
8749 -81.371979 0.000000 58.148560 0.000000
8750 -83.252258 2.060303 55.378147 0.000000
8751 -83.142242 5.520813 55.308136 0.000000
9358 -84.912491 -28.224155 44.676579 0.000000
9361 -89.273140 -27.594063 35.665249 0.000000
9376 -88.403015 0.000000 46.776886 0.000000
9377 -89.903236 -2.060303 43.776443 0.000000
9378 -91.263435 -4.120606 40.715992 0.000000
9379 -92.643631 2.060303 37.615540 0.000000
9380 -92.643631 -2.060303 37.615540 0.000000
9381 -92.493614 -6.180910 37.545528 0.000000
9382 -93.573769 -8.211208 34.355057 0.000000
9383 -94.503906 -10.221505 31.104578 0.000000
9384 -95.294029 -12.211798 27.804092 0.000000
9390 -96.924271 -2.070305 24.573616 0.000000
9391 -96.764244 -6.150906 24.523609 0.000000
9392 -96.444199 -10.221505 24.433596 0.000000
9393 -95.964134 -14.272101 24.293575 0.000000
9394 -96.454201 -16.212387 20.903078 0.000000
9395 -96.794250 -18.122667 17.482573 0.000000
9396 -96.984276 -20.002945 14.032066 0.000000
9397 -98.464493 -14.052068 10.541552 0.000000
9398 -97.814392 -17.982647 10.541552 0.000000
9399 -97.024284 -21.863218 10.511547 0.000000
9400 -96.924271 -23.663483 7.021034 0.000000
