#!ascii label, from subject  
627
1 27.644068 -85.082527 44.726585 0.000000
71 14.372116 -96.204163 23.253424 0.000000
72 50.147381 -70.210342 50.577446 0.000000
97 -59.728790 -43.396389 67.469933 0.000000
101 22.813358 -70.210342 67.469933 0.000000
102 0.700103 -86.282700 50.577446 0.000000
104 -36.185326 -58.788658 72.370651 0.000000
132 -67.089867 -68.830132 -27.644068 0.000000
154 -44.726585 -52.577736 -72.370651 0.000000
155 -36.185326 -26.293869 -89.453171 0.000000
189 36.635391 -86.502731 34.315052 0.000000
190 30.034422 -92.443611 23.553467 0.000000
191 21.213121 -91.513474 34.315052 0.000000
192 39.265778 -78.391533 48.117085 0.000000
221 -64.069435 -30.134436 70.640404 0.000000
233 -48.457134 -51.617599 70.640404 0.000000
285 -56.588333 -78.361534 -25.713783 0.000000
292 -12.921903 -84.402420 52.077667 0.000000
293 -6.630976 -91.633484 39.515816 0.000000
338 -60.058842 -60.688934 -52.077667 0.000000
339 -47.927055 -62.029129 -62.109142 0.000000
465 -71.710556 -35.825272 59.798801 0.000000
466 -75.231079 -22.013241 62.109142 0.000000
467 -77.031342 -8.221210 63.259312 0.000000
473 25.473751 -78.391533 56.638336 0.000000
474 14.312106 -86.502731 48.117085 0.000000
475 11.911754 -79.271660 59.798801 0.000000
476 -2.310340 -78.361534 62.109142 0.000000
477 -15.982352 -75.801163 63.259312 0.000000
480 -31.624655 -70.720406 63.259312 0.000000
481 -44.186504 -64.749535 62.109142 0.000000
482 -56.238281 -57.138416 59.798801 0.000000
491 47.927055 -62.029129 62.109142 0.000000
492 36.955441 -71.140480 59.798801 0.000000
560 7.631124 -92.443611 37.395504 0.000000
561 0.280041 -96.654228 25.713783 0.000000
620 -41.006035 -39.965881 -82.002068 0.000000
621 -26.543907 -38.625687 -88.353012 0.000000
622 -22.543320 -26.413887 -93.793808 0.000000
669 32.214745 -85.992653 39.615833 0.000000
670 29.014271 -89.303146 34.425064 0.000000
671 24.483604 -88.513031 39.615833 0.000000
672 33.534935 -81.932060 46.536850 0.000000
673 38.075603 -82.722176 41.356091 0.000000
772 -19.652893 -82.852203 52.457722 0.000000
773 -16.652451 -86.982803 46.466839 0.000000
818 -64.599510 -55.478168 -52.457722 0.000000
819 -58.928677 -56.458309 -57.818512 0.000000
932 22.273279 -94.633934 23.473455 0.000000
939 54.828072 -70.410370 45.166649 0.000000
1015 -63.359325 -46.036774 62.209156 0.000000
1016 -69.370209 -42.246216 58.358593 0.000000
1017 -65.939705 -39.745850 63.839397 0.000000
1018 -65.749680 -23.253424 71.690552 0.000000
1019 -69.880287 -26.163849 66.599800 0.000000
1020 -71.350510 -19.182823 67.409927 0.000000
1021 -76.321243 -15.152231 62.839252 0.000000
1037 24.203564 -74.480965 62.209156 0.000000
1038 18.742758 -79.031631 58.358593 0.000000
1039 17.422565 -74.991043 63.839397 0.000000
1041 3.280483 -74.540970 66.599800 0.000000
1042 -3.800559 -73.780861 67.409927 0.000000
1043 -9.171350 -77.271378 62.839252 0.000000
1044 -10.661570 -72.540680 68.020012 0.000000
1050 -28.694225 -61.929115 73.100754 0.000000
1051 -26.403887 -67.909996 68.520088 0.000000
1052 -34.015007 -64.949562 68.020012 0.000000
1053 -37.995594 -67.899994 62.839252 0.000000
1054 -40.285931 -61.929115 67.409927 0.000000
1055 -54.227985 -47.627014 69.230194 0.000000
1056 -52.477722 -54.518024 65.389633 0.000000
1057 -58.168564 -50.427422 63.839397 0.000000
1078 35.635246 -66.759827 65.389633 0.000000
1079 29.984415 -70.910439 63.839397 0.000000
1080 31.294607 -74.951035 58.358593 0.000000
1217 -61.999123 -73.780861 -26.743937 0.000000
1219 -63.319317 -69.710266 -33.664955 0.000000
1220 -64.169449 -65.359619 -40.165913 0.000000
1237 7.521107 -86.602745 49.467281 0.000000
1238 11.001619 -89.693207 42.856308 0.000000
1239 4.180615 -89.653198 44.136497 0.000000
1241 -3.190470 -94.453903 32.724819 0.000000
1242 -6.790999 -96.134155 26.743937 0.000000
1243 -3.370496 -97.954414 19.902929 0.000000
1244 -10.441538 -97.254311 20.883076 0.000000
1376 -46.446835 -57.458458 -67.409927 0.000000
1378 -39.525818 -57.458458 -71.690552 0.000000
1380 -37.915581 -52.417717 -76.271233 0.000000
1386 -38.725700 -33.234890 -86.012665 0.000000
1387 -33.874985 -39.415802 -85.442581 0.000000
1388 -31.464630 -32.554794 -89.183136 0.000000
1389 -24.603622 -32.594799 -91.293434 0.000000
1390 -29.444334 -26.423889 -91.863518 0.000000
1494 37.605534 -89.653198 23.473455 0.000000
1495 33.414917 -89.693207 29.004269 0.000000
1496 25.683781 -92.203568 29.004269 0.000000
1497 17.832624 -94.083847 28.854248 0.000000
1498 44.816597 -74.480965 49.467281 0.000000
1499 49.317257 -74.991043 44.136497 0.000000
1500 43.826450 -79.031631 42.856308 0.000000
1501 42.496254 -83.092232 35.945290 0.000000
1546 -55.808220 -40.545971 72.410652 0.000000
1547 -62.059139 -36.855423 69.230194 0.000000
1569 -42.426243 -55.348145 71.690552 0.000000
1570 -44.256516 -48.627155 75.361092 0.000000
1571 -50.197392 -44.706581 74.060898 0.000000
1678 -6.120901 -85.542587 51.447575 0.000000
1679 -2.970437 -89.183136 45.166649 0.000000
1680 -9.801443 -88.292999 45.936764 0.000000
1688 -34.695107 -93.613777 -5.890867 0.000000
1760 -55.238129 -65.609657 -51.447575 0.000000
1762 -54.167973 -61.559055 -57.278435 0.000000
1763 -52.837776 -57.118408 -62.839252 0.000000
1764 -51.267548 -52.417717 -68.020012 0.000000
2044 -74.961029 -38.175621 54.087959 0.000000
2045 -77.031342 -31.684664 55.368153 0.000000
2046 -68.070015 -33.064865 65.389633 0.000000
2047 -73.670837 -28.994268 61.118996 0.000000
2048 -78.741585 -24.733641 56.488319 0.000000
2049 -80.001778 -17.962643 57.278435 0.000000
2069 26.623920 -81.932060 50.807484 0.000000
2070 21.023094 -85.992653 46.536850 0.000000
2071 19.952936 -82.722176 52.547733 0.000000
2072 13.141934 -83.092232 54.087959 0.000000
2073 6.330932 -83.052223 55.368153 0.000000
2074 10.411532 -74.951035 65.389633 0.000000
2075 4.810708 -79.021629 61.118996 0.000000
2076 -0.810119 -82.532150 56.488319 0.000000
2077 -7.641125 -81.632019 57.278435 0.000000
2078 -14.492133 -80.311821 57.818512 0.000000
2079 -21.203119 -78.601570 58.098553 0.000000
2086 -18.552731 -70.460373 68.520088 0.000000
2087 -23.883516 -73.510818 63.469341 0.000000
2088 -29.044275 -76.051193 58.098553 0.000000
2089 -35.485222 -73.490814 57.818512 0.000000
2092 -46.476841 -58.378593 66.599800 0.000000
2093 -50.347416 -61.098995 61.118996 0.000000
2119 49.157234 -66.289757 56.488319 0.000000
2121 42.556263 -66.759827 61.118996 0.000000
2122 43.696430 -70.910439 55.368153 0.000000
2123 38.205624 -74.951035 54.087959 0.000000
2124 32.474781 -78.651581 52.547733 0.000000
2298 -59.828812 -65.669670 -45.936764 0.000000
2299 -64.599510 -60.578918 -46.466839 0.000000
2318 17.822622 -89.303146 41.356091 0.000000
2319 14.452127 -92.203568 35.945290 0.000000
2320 11.041625 -94.633934 30.424479 0.000000
2321 0.510075 -92.283585 38.555679 0.000000
2322 3.970585 -94.793953 31.634657 0.000000
2323 7.341080 -96.674232 24.543612 0.000000
2324 3.780556 -98.164452 18.782766 0.000000
2333 -14.882191 -97.904411 14.042068 0.000000
2496 -43.006332 -46.426834 -77.441399 0.000000
2497 -36.045307 -46.096786 -81.111938 0.000000
2498 -28.804239 -45.436687 -84.312416 0.000000
2589 29.944408 -85.592590 42.196209 0.000000
2590 28.374176 -87.322853 39.645836 0.000000
2591 26.083839 -86.842789 42.196209 0.000000
2592 30.604504 -83.552299 45.656719 0.000000
2593 32.904846 -84.032372 43.106342 0.000000
2692 -22.983383 -81.932060 52.547733 0.000000
2693 -21.523169 -84.122383 49.627304 0.000000
2739 -64.019424 -53.337849 -55.308136 0.000000
2852 18.332699 -95.494057 23.383442 0.000000
2853 20.483015 -95.714096 20.523022 0.000000
2854 16.532433 -96.504211 20.413004 0.000000
2856 12.611857 -97.094292 20.403004 0.000000
2857 52.717762 -67.950005 51.047516 0.000000
2858 55.078106 -68.060013 48.347118 0.000000
2859 52.517731 -70.360359 47.907055 0.000000
2935 -61.579063 -44.736584 64.879555 0.000000
2936 -64.689522 -42.916317 63.059284 0.000000
2937 -62.879257 -41.606129 65.709671 0.000000
2939 -68.600098 -21.233126 69.610245 0.000000
2941 -71.860573 -15.742317 67.759972 0.000000
2957 23.523462 -72.390656 64.879555 0.000000
2958 20.823065 -74.781006 63.059284 0.000000
2959 20.132963 -72.660690 65.709671 0.000000
2963 -7.241066 -73.210777 67.759972 0.000000
2968 -33.554939 -57.068398 74.971031 0.000000
2970 -32.464783 -60.408890 72.800720 0.000000
2971 -31.374617 -63.489349 70.620399 0.000000
2972 -35.125172 -61.919109 70.250343 0.000000
2973 -37.175472 -63.479347 67.759972 0.000000
2974 -38.265636 -60.398895 69.940292 0.000000
2975 -57.018394 -45.536701 68.400070 0.000000
2976 -56.238281 -49.057220 66.579803 0.000000
2977 -58.998688 -46.946911 65.709671 0.000000
2978 -60.798950 -48.257103 63.059284 0.000000
2998 29.284311 -68.650108 66.579803 0.000000
2999 26.423889 -70.620399 65.709671 0.000000
3000 27.113993 -72.740700 63.059284 0.000000
3137 -64.589508 -71.350510 -27.214006 0.000000
3138 -62.709229 -71.810577 -30.234451 0.000000
3139 -65.249611 -69.320198 -30.674513 0.000000
3140 -65.779678 -67.239891 -33.975002 0.000000
3141 -67.679962 -66.809830 -30.964558 0.000000
3157 4.120606 -86.492729 50.047367 0.000000
3158 5.860863 -88.182976 46.826893 0.000000
3159 2.440359 -88.042961 47.396976 0.000000
3161 -8.531256 -94.953979 30.234451 0.000000
3162 -10.311519 -95.684090 27.214006 0.000000
3163 -8.621269 -96.754242 23.833508 0.000000
3164 -12.141787 -96.264168 24.283573 0.000000
3296 -45.616714 -55.048103 -69.940292 0.000000
3297 -43.026333 -57.498463 -69.610245 0.000000
3298 -42.156208 -55.048103 -72.080612 0.000000
3299 -38.745705 -54.968090 -74.030891 0.000000
3300 -41.356091 -52.537735 -74.380951 0.000000
3306 -37.485516 -29.794384 -87.812927 0.000000
3307 -35.115170 -32.924847 -87.662903 0.000000
3308 -33.844982 -29.444334 -89.383163 0.000000
3309 -30.474485 -29.504341 -90.573334 0.000000
3310 -32.834835 -26.373882 -90.713348 0.000000
3449 38.775707 -86.602745 31.604654 0.000000
3450 37.175472 -88.222984 28.954264 0.000000
3451 35.045158 -88.152977 31.684664 0.000000
3452 25.133701 -90.483322 34.405067 0.000000
3453 27.364029 -90.813370 31.734671 0.000000
3454 23.463453 -91.913528 31.684664 0.000000
3455 21.773205 -93.223724 28.954264 0.000000
3456 19.532875 -92.853668 31.604654 0.000000
3457 42.066193 -76.481262 48.817184 0.000000
3458 44.356533 -76.821312 46.196800 0.000000
3459 41.566120 -78.761597 45.516697 0.000000
3460 37.385506 -84.682465 37.865574 0.000000
3461 40.315937 -82.962219 38.675694 0.000000
3462 39.595829 -84.852486 35.155178 0.000000
3536 -56.958389 -37.265484 73.280785 0.000000
3573 -41.226070 -50.477432 75.861168 0.000000
3578 -53.037811 -42.656277 73.280785 0.000000
3757 -9.521402 -85.022507 51.797626 0.000000
3758 -7.971174 -86.972801 48.727169 0.000000
3759 -11.371674 -86.412720 49.047218 0.000000
3761 -15.092222 -88.863083 43.346382 0.000000
3893 -57.678490 -63.189301 -51.797626 0.000000
3894 -54.738056 -63.619366 -54.398006 0.000000
3895 -57.158417 -61.169003 -54.718052 0.000000
3896 -58.248577 -54.227985 -60.578918 0.000000
3897 -55.928230 -56.838367 -60.378887 0.000000
3898 -55.198128 -54.558029 -63.079285 0.000000
3899 -52.087666 -54.808067 -65.469635 0.000000
3900 -54.418011 -52.217686 -65.689667 0.000000
4237 33.844982 -91.123413 23.533464 0.000000
4238 35.955292 -91.023392 20.603033 0.000000
4239 32.174740 -92.423599 20.643040 0.000000
4255 59.578773 -68.010010 42.766293 0.000000
4260 48.777176 -77.191360 40.796005 0.000000
4261 51.607594 -75.021042 41.376095 0.000000
4483 -70.590393 -39.055748 59.118698 0.000000
4484 -72.230637 -40.245922 56.268284 0.000000
4485 -73.380798 -37.025452 56.978390 0.000000
4486 -76.041191 -34.955147 54.758060 0.000000
4487 -74.430954 -33.784973 57.628487 0.000000
4488 -63.099293 -33.514931 69.980301 0.000000
4489 -65.119583 -34.985149 67.369919 0.000000
4490 -66.109734 -31.614655 68.060013 0.000000
4491 -72.620689 -24.103548 64.409485 0.000000
4492 -71.820572 -27.594063 63.899406 0.000000
4493 -74.500961 -25.523758 61.649075 0.000000
4494 -76.261223 -26.883957 58.848663 0.000000
4495 -77.041336 -23.393442 59.338734 0.000000
4496 -79.421684 -21.363144 56.918381 0.000000
4497 -77.681435 -20.002945 59.738792 0.000000
4498 -76.721291 -11.701722 63.079285 0.000000
4499 -78.651581 -13.111930 60.378887 0.000000
4547 26.063837 -80.211807 53.757915 0.000000
4548 23.303429 -82.382126 51.707611 0.000000
4549 22.733345 -80.621872 54.638042 0.000000
4550 15.332257 -79.201653 59.118698 0.000000
4551 15.952349 -81.131943 56.268284 0.000000
4552 12.531845 -81.231956 56.978390 0.000000
4553 9.741434 -83.122238 54.758060 0.000000
4554 9.131344 -81.231956 57.628487 0.000000
4556 13.151937 -72.740700 67.369919 0.000000
4558 0.490072 -76.511261 64.409485 0.000000
4559 4.050596 -76.831306 63.899406 0.000000
4560 1.250184 -78.741585 61.649075 0.000000
4561 2.000294 -80.841904 58.848663 0.000000
4562 -1.560230 -80.491844 59.338734 0.000000
4563 -4.220621 -82.132095 56.918381 0.000000
4564 -4.980733 -80.061783 59.738792 0.000000
4565 -12.581852 -76.581276 63.079285 0.000000
4566 -11.841743 -78.851601 60.378887 0.000000
4567 -15.242244 -78.111496 60.578918 0.000000
4568 -17.852629 -79.501701 57.988537 0.000000
4569 -18.602739 -77.261375 60.718937 0.000000
4587 -19.802914 -67.619957 70.990456 0.000000
4588 -29.034275 -69.370209 65.939705 0.000000
4589 -25.163704 -70.770416 66.049721 0.000000
4590 -27.784088 -72.180626 63.419338 0.000000
4591 -26.483900 -74.841019 60.828953 0.000000
4592 -30.364470 -73.440811 60.718937 0.000000
4593 -32.284756 -74.811012 57.988537 0.000000
4594 -33.574944 -72.150620 60.578918 0.000000
4595 -41.116055 -66.369774 62.509201 0.000000
4596 -39.925877 -69.260193 60.098846 0.000000
4597 -43.026333 -67.699966 59.738792 0.000000
4600 -45.466690 -53.517876 71.210487 0.000000
4601 -44.476547 -56.898376 69.190186 0.000000
4602 -47.506992 -55.048103 68.680107 0.000000
4603 -54.398006 -55.858219 62.639217 0.000000
4604 -51.457577 -57.858517 63.309322 0.000000
4605 -53.327854 -59.158707 60.498909 0.000000
4666 48.577148 -64.209457 59.338734 0.000000
4670 36.315342 -68.990158 62.639217 0.000000
4671 39.125759 -66.819832 63.309322 0.000000
4672 39.785854 -68.990158 60.498909 0.000000
4673 43.156349 -68.880142 58.278580 0.000000
4674 40.355938 -71.080460 57.628487 0.000000
4675 40.976032 -72.970741 54.758060 0.000000
4676 37.605534 -73.090752 56.978390 0.000000
4677 28.404182 -76.721291 57.538467 0.000000
4678 31.904697 -76.851318 55.488163 0.000000
4679 28.994268 -78.591568 54.638042 0.000000
4680 29.564352 -80.341827 51.707611 0.000000
5102 -66.529793 -62.799244 -40.415951 0.000000
5103 -64.439484 -63.019279 -43.346382 0.000000
5104 -66.749825 -60.408890 -43.566414 0.000000
5105 -66.859840 -57.948528 -46.626862 0.000000
5152 17.682604 -86.302704 47.346970 0.000000
5153 19.432861 -87.702911 43.966473 0.000000
5154 16.082367 -87.982956 44.766590 0.000000
5155 9.321372 -91.123413 40.155910 0.000000
5156 12.741876 -91.023392 39.435806 0.000000
5157 11.051627 -92.383591 36.695400 0.000000
5158 12.751877 -93.473755 33.204884 0.000000
5159 9.341375 -93.613777 33.934994 0.000000
5160 -4.800707 -90.473320 42.366238 0.000000
5161 -1.230181 -90.813370 41.896168 0.000000
5162 -3.060451 -92.023544 39.065750 0.000000
5163 -1.460215 -95.634079 29.234303 0.000000
5164 0.390057 -94.683937 32.204742 0.000000
5165 2.120312 -95.784103 28.694225 0.000000
5166 5.660833 -95.814110 28.114140 0.000000
5167 3.810561 -96.724236 25.143700 0.000000
5168 5.560819 -97.474350 21.673191 0.000000
5169 2.030299 -97.484352 22.263277 0.000000
5170 -5.190764 -98.434486 16.952494 0.000000
5171 -1.620239 -98.644516 16.412416 0.000000
5172 -3.440506 -99.044579 13.451980 0.000000
5191 -16.602442 -97.064293 17.482573 0.000000
5192 -18.782766 -97.224312 14.042068 0.000000
5205 -36.525375 -92.683640 -8.821300 0.000000
5566 -48.577148 -64.209457 -59.338734 0.000000
5568 -45.266666 -64.439484 -61.649075 0.000000
5596 -42.036186 -43.236362 -79.791748 0.000000
5597 -39.555820 -46.296818 -79.341675 0.000000
5598 -38.555679 -43.066338 -81.622017 0.000000
5599 -30.234451 -39.055748 -86.972801 0.000000
5600 -31.364618 -42.456245 -84.952499 0.000000
5601 -27.694075 -42.066193 -86.412720 0.000000
5603 -24.023537 -41.566120 -87.732918 0.000000
5606 -23.593473 -29.524345 -92.603630 0.000000
5813 34.445068 -86.302704 36.985443 0.000000
5814 32.854836 -87.982956 34.405067 0.000000
5815 30.634510 -87.702911 37.045456 0.000000
5816 26.763941 -88.963097 37.045456 0.000000
5817 22.863365 -90.063263 36.985443 0.000000
5818 36.425362 -80.211807 47.346970 0.000000
5819 38.705700 -80.621872 44.766590 0.000000
5820 35.825272 -82.382126 43.966473 0.000000
5821 35.165176 -84.412430 40.505962 0.000000
5998 -16.292398 -83.682327 52.297695 0.000000
5999 -14.792177 -85.752625 49.307259 0.000000
6000 -18.162674 -84.982513 49.497284 0.000000
6080 -62.369183 -58.118557 -52.297695 0.000000
6081 -59.528763 -58.618626 -54.988094 0.000000
6082 -61.809093 -56.018250 -55.178120 0.000000
6083 -61.179005 -53.827927 -57.988537 0.000000
6286 26.173853 -93.613777 23.533464 0.000000
6287 28.294167 -93.683792 20.643040 0.000000
6288 24.413593 -94.773956 20.603033 0.000000
6298 57.358440 -68.080025 45.576710 0.000000
6299 57.058403 -70.370361 42.366238 0.000000
6433 -65.059578 -47.266960 59.458752 0.000000
6435 -66.419777 -44.176506 60.328884 0.000000
6436 -67.689964 -41.016041 61.138996 0.000000
6437 -68.880142 -37.815567 61.869106 0.000000
6438 -64.949562 -26.703930 71.210487 0.000000
6439 -67.029861 -28.164146 68.680107 0.000000
6440 -67.859985 -24.723639 69.190186 0.000000
6441 -70.660400 -22.683340 67.049873 0.000000
6442 -73.340790 -20.613035 64.799538 0.000000
6443 -75.821159 -18.592737 62.509201 0.000000
6444 -73.890877 -17.182529 65.179596 0.000000
6445 -74.350945 -13.722019 65.469635 0.000000
6446 -74.721001 -10.261511 65.689667 0.000000
6473 24.853659 -76.481262 59.458752 0.000000
6474 22.123257 -78.761597 57.538467 0.000000
6475 21.483162 -76.821312 60.328884 0.000000
6476 18.092663 -77.051346 61.138996 0.000000
6477 14.682160 -77.191360 61.869106 0.000000
6481 -0.260038 -74.210922 67.049873 0.000000
6482 -3.060451 -76.121208 64.799538 0.000000
6483 -5.740845 -77.861458 62.509201 0.000000
6484 -6.490956 -75.581123 65.179596 0.000000
6485 -9.921460 -74.951035 65.469635 0.000000
6486 -13.331964 -74.230927 65.689667 0.000000
6497 -23.723494 -66.339760 70.990456 0.000000
6498 -27.574059 -64.969574 70.860435 0.000000
6499 -30.234451 -66.489784 68.330055 0.000000
6500 -32.844833 -67.889992 65.689667 0.000000
6501 -34.835129 -69.350212 63.079285 0.000000
6502 -36.025303 -66.469780 65.469635 0.000000
6503 -39.175766 -64.969574 65.179596 0.000000
6504 -42.266220 -63.379333 64.799538 0.000000
6505 -51.377567 -49.657307 69.980301 0.000000
6506 -50.497433 -53.107819 68.060013 0.000000
6507 -53.397865 -51.117527 67.369919 0.000000
6508 -55.358147 -52.507725 64.659523 0.000000
6509 -57.248425 -53.827927 61.869106 0.000000
6510 -58.958679 -55.058105 59.118698 0.000000
6511 -59.928825 -51.707611 61.138996 0.000000
6512 -62.539204 -49.517288 60.328884 0.000000
6548 32.824833 -68.880142 64.659523 0.000000
6549 33.494930 -71.080460 61.869106 0.000000
6550 34.145027 -73.090752 59.118698 0.000000
6551 30.654512 -72.970741 61.138996 0.000000
6552 27.774088 -74.781006 60.328884 0.000000
6799 -59.328735 -76.121208 -26.243862 0.000000
6800 -57.388451 -76.511261 -29.234303 0.000000
6801 -60.088844 -74.210922 -29.754381 0.000000
6802 -60.748943 -72.180626 -33.214890 0.000000
6803 -61.309025 -70.020309 -36.615391 0.000000
6804 -61.739082 -67.839989 -39.865868 0.000000
6805 -63.799393 -67.589951 -36.945438 0.000000
6806 -66.209740 -65.069580 -37.225479 0.000000
6835 10.921608 -86.602745 48.817184 0.000000
6836 12.661863 -88.152977 45.516697 0.000000
6837 9.271364 -88.222984 46.196800 0.000000
6838 7.591117 -89.723206 43.526409 0.000000
6839 5.910870 -91.123413 40.796005 0.000000
6840 -8.441242 -92.683640 36.615391 0.000000
6841 -4.910723 -93.123711 36.145321 0.000000
6842 -6.720989 -94.093849 33.214890 0.000000
6843 -4.990735 -95.354042 29.754381 0.000000
6844 -3.260480 -96.454201 26.243862 0.000000
6845 -1.550228 -97.364334 22.823359 0.000000
6846 -5.080748 -97.124298 23.343437 0.000000
6847 -6.911017 -97.664368 20.403004 0.000000
6848 -8.721284 -98.094437 17.452570 0.000000
7084 -47.216949 -59.778801 -64.799538 0.000000
7085 -44.576561 -62.189156 -64.409485 0.000000
7086 -43.826450 -59.888817 -67.049873 0.000000
7092 -34.415066 -52.217686 -78.051491 0.000000
7102 -39.895874 -36.635391 -84.082375 0.000000
7103 -37.465515 -39.725845 -83.792336 0.000000
7104 -36.325348 -36.355350 -85.802628 0.000000
7105 -32.694817 -36.015301 -87.382866 0.000000
7106 -29.024273 -35.615242 -88.833076 0.000000
7107 -25.593767 -35.635246 -89.883232 0.000000
7108 -28.054129 -32.594799 -90.293289 0.000000
7109 -27.043980 -29.534348 -91.653488 0.000000
7110 -26.013830 -26.433889 -92.883667 0.000000
7327 39.265778 -88.182976 26.183853 0.000000
7328 35.535233 -89.723206 26.253862 0.000000
7329 31.744675 -91.123413 26.293869 0.000000
7330 31.234598 -89.553185 31.734671 0.000000
7331 29.574354 -91.023392 29.034275 0.000000
7332 27.874102 -92.383591 26.293869 0.000000
7333 23.993532 -93.473755 26.253862 0.000000
7334 20.062952 -94.413902 26.183853 0.000000
7335 16.112371 -95.204018 26.063837 0.000000
7336 47.506992 -72.390656 50.047367 0.000000
7337 49.767323 -72.660690 47.396976 0.000000
7338 47.096931 -74.781006 46.826893 0.000000
7339 46.596859 -77.051346 43.526409 0.000000
7340 46.016773 -79.201653 40.155910 0.000000
7341 40.976032 -80.921906 42.136204 0.000000
7342 43.196358 -81.131943 39.435806 0.000000
7444 -57.808510 -41.996185 69.980301 0.000000
7445 -60.928967 -40.155910 68.400070 0.000000
7446 -58.978680 -38.735706 70.880440 0.000000
7447 -60.078846 -35.415215 71.690552 0.000000
7496 -37.185474 -55.568176 74.380951 0.000000
7497 -39.335789 -57.098408 72.080612 0.000000
7498 -40.305931 -53.837925 74.030891 0.000000
7499 -43.376385 -52.027660 73.580833 0.000000
7500 -46.386829 -50.157383 73.050751 0.000000
7502 -47.256958 -46.696873 74.761002 0.000000
7503 -49.367268 -48.197098 72.410652 0.000000
7504 -52.247692 -46.196800 71.690552 0.000000
7505 -55.068104 -44.126495 70.880440 0.000000
7727 -52.797768 -82.132095 -21.673191 0.000000
7728 -55.658195 -80.061783 -22.263277 0.000000
7731 -58.478607 -77.861458 -22.823359 0.000000
7756 -2.710399 -85.962654 51.047516 0.000000
7757 -1.130166 -87.792923 47.907055 0.000000
7758 -4.550670 -87.432869 48.347118 0.000000
7759 -6.390941 -88.793068 45.576710 0.000000
7760 -8.221210 -90.033257 42.766293 0.000000
7761 -13.231948 -87.692909 46.226803 0.000000
7762 -11.661716 -89.503181 43.076340 0.000000
7763 -10.071483 -91.173416 39.865868 0.000000
7778 -32.824833 -94.433899 -2.950434 0.000000
7781 -40.155910 -91.173416 -8.821300 0.000000
7784 -41.926174 -90.033257 -11.771733 0.000000
7948 -52.237690 -65.999710 -54.017948 0.000000
7949 -51.697609 -63.959415 -56.918381 0.000000
7950 -51.087521 -61.839104 -59.738792 0.000000
7951 -56.578327 -59.038692 -57.578476 0.000000
7952 -53.537884 -59.378738 -60.098846 0.000000
7953 -50.407421 -59.618774 -62.509201 0.000000
7954 -49.677311 -57.328438 -65.179596 0.000000
7955 -48.887192 -54.968090 -67.759972 0.000000
7956 -48.037075 -52.537735 -70.250343 0.000000
8421 52.107674 -72.750710 44.676579 0.000000
8422 54.378002 -72.740700 41.896168 0.000000
8704 -78.581566 -32.824833 52.447720 0.000000
8705 -79.501701 -29.534348 53.017803 0.000000
8706 -64.039429 -38.325642 66.579803 0.000000
8707 -67.049873 -36.425362 64.659523 0.000000
8708 -69.940292 -34.465073 62.639217 0.000000
8709 -69.020164 -29.634361 66.039719 0.000000
8710 -70.930450 -31.054571 63.309322 0.000000
8711 -72.740700 -32.434776 60.498909 0.000000
8712 -75.401100 -30.354469 58.278580 0.000000
8713 -77.931473 -28.224155 55.968239 0.000000
8714 -80.341827 -26.053837 53.567886 0.000000
8718 -78.211510 -16.572439 60.098846 0.000000
8719 -80.481850 -14.512136 57.578476 0.000000
8777 27.143997 -83.552299 47.797035 0.000000
8778 24.353584 -85.592590 45.656719 0.000000
8779 23.843510 -84.032372 48.707169 0.000000
8780 20.503017 -84.412430 49.567295 0.000000
8781 17.152525 -84.682465 50.377419 0.000000
8782 19.362850 -80.921906 55.488163 0.000000
8783 16.562437 -82.962219 53.347855 0.000000
8784 13.732021 -84.852486 51.137527 0.000000
8785 10.341522 -84.912491 51.817631 0.000000
8786 6.931021 -84.872498 52.447720 0.000000
8787 3.520518 -84.732475 53.017803 0.000000
8788 16.662453 -72.750710 66.579803 0.000000
8789 13.922050 -75.021042 64.659523 0.000000
8790 11.171644 -77.161362 62.639217 0.000000
8791 6.851008 -74.801010 66.039719 0.000000
8792 7.621122 -77.051346 63.309322 0.000000
8793 8.371232 -79.201653 60.498909 0.000000
8794 5.570820 -81.091942 58.278580 0.000000
8795 2.760406 -82.842194 55.968239 0.000000
8796 -0.050007 -84.462433 53.567886 0.000000
8797 -3.470511 -84.102386 54.017948 0.000000
8798 -6.881013 -83.642319 54.398006 0.000000
8799 -10.281513 -83.082230 54.718052 0.000000
8800 -8.411238 -79.501701 60.098846 0.000000
8801 -11.071630 -81.021927 57.578476 0.000000
8802 -13.712018 -82.412132 54.988094 0.000000
8803 -17.082514 -81.652016 55.178120 0.000000
8804 -20.443010 -80.781891 55.308136 0.000000
8805 -23.763498 -79.821747 55.378147 0.000000
8825 -14.622152 -71.560539 68.330055 0.000000
8826 -17.282545 -73.190773 65.939705 0.000000
8827 -22.493313 -69.240196 68.570091 0.000000
8828 -21.233126 -72.040604 66.049721 0.000000
8829 -19.952936 -74.721001 63.419338 0.000000
8830 -22.563322 -76.111198 60.828953 0.000000
8831 -25.143700 -77.391396 58.148560 0.000000
8832 -27.694075 -78.541557 55.378147 0.000000
8836 -36.775414 -70.750420 60.378887 0.000000
8842 -41.396091 -58.688637 69.610245 0.000000
8843 -43.406387 -60.188866 67.049873 0.000000
8844 -45.366680 -61.619072 64.409485 0.000000
8845 -49.507286 -56.488319 66.039719 0.000000
8846 -48.437130 -59.778801 63.899406 0.000000
8847 -47.296963 -62.969269 61.649075 0.000000
8922 52.237690 -65.999710 54.017948 0.000000
8923 49.687313 -68.300056 53.567886 0.000000
8928 41.886166 -64.539497 63.899406 0.000000
8929 45.266666 -64.439484 61.649075 0.000000
8930 45.896755 -66.579803 58.848663 0.000000
8931 46.456841 -68.650108 55.968239 0.000000
8932 46.956913 -70.620399 53.017803 0.000000
8933 44.276520 -72.740700 52.447720 0.000000
8934 41.546116 -74.781006 51.817631 0.000000
8935 38.765709 -76.721291 51.137527 0.000000
8936 34.775120 -75.011040 56.268284 0.000000
8937 35.365208 -76.851318 53.347855 0.000000
8938 35.905289 -78.591568 50.377419 0.000000
8939 33.024860 -80.341827 49.567295 0.000000
8940 30.104431 -82.002068 48.707169 0.000000
9451 -57.568474 -65.679665 -48.727169 0.000000
9452 -59.988831 -63.229309 -49.047218 0.000000
9453 -62.039131 -65.559654 -43.076340 0.000000
9454 -62.259163 -63.169304 -46.226803 0.000000
9455 -62.369183 -60.678932 -49.307259 0.000000
9456 -64.649513 -58.078548 -49.497284 0.000000
9457 -66.859840 -55.408157 -49.627304 0.000000
9512 22.773354 -87.322853 43.106342 0.000000
9513 21.163115 -88.963097 40.505962 0.000000
9514 19.532875 -90.483322 37.865574 0.000000
9515 14.422123 -89.553185 42.136204 0.000000
9516 16.152380 -90.813370 38.675694 0.000000
9517 17.842627 -91.913528 35.155178 0.000000
9518 16.162378 -93.223724 32.424774 0.000000
9519 14.442126 -94.413902 29.654366 0.000000
9520 12.711872 -95.494057 26.853952 0.000000
9521 0.610090 -89.483170 44.676579 0.000000
9522 2.350346 -91.023392 41.376095 0.000000
9523 4.070600 -92.423599 38.005596 0.000000
9524 -1.340197 -93.433754 35.665249 0.000000
9525 2.240330 -93.613777 35.125172 0.000000
9526 5.800854 -93.683792 34.545086 0.000000
9527 7.511106 -94.773956 31.054571 0.000000
9528 9.191353 -95.714096 27.504049 0.000000
9529 10.861599 -96.504211 23.913521 0.000000
9530 9.091337 -97.354324 21.053099 0.000000
9531 7.311076 -98.074432 18.172674 0.000000
9532 5.520813 -98.684525 15.272248 0.000000
9533 0.200029 -98.124443 19.352850 0.000000
9534 1.950287 -98.734535 15.852334 0.000000
9557 -14.382117 -96.744247 20.903078 0.000000
9558 -12.671865 -97.654373 17.482573 0.000000
10034 -50.687462 -49.467281 -70.620399 0.000000
10035 -47.416981 -49.547295 -72.800720 0.000000
10043 -46.556854 -46.466839 -75.341095 0.000000
10044 -43.906464 -49.547295 -74.971031 0.000000
10045 -40.495964 -49.467281 -76.921326 0.000000
10046 -37.015446 -49.297256 -78.761597 0.000000
10047 -33.484928 -49.057220 -80.471848 0.000000
10048 -34.995152 -42.796295 -83.352272 0.000000
10049 -32.454777 -45.796738 -82.782188 0.000000
10050 -29.864395 -48.727169 -82.082085 0.000000
10063 -31.854689 -23.143406 -91.933533 0.000000
10064 -28.444185 -23.183413 -93.043694 0.000000
10065 -24.993679 -23.183413 -94.023842 0.000000
10068 -21.483162 -23.143406 -94.903969 0.000000
