#!ascii label, from subject  
313
77 51.287548 69.390213 -50.577446 0.000000
112 68.170029 69.390213 -23.253424 0.000000
114 80.911911 58.788658 0.000000 0.000000
115 86.192688 42.536259 27.644068 0.000000
197 62.419193 61.569061 -48.117085 0.000000
198 56.238281 57.138416 -59.798801 0.000000
199 66.689819 48.447128 -56.638336 0.000000
247 64.089439 75.881172 -11.731727 0.000000
248 75.311089 64.749535 -11.741728 0.000000
251 77.671440 56.438309 28.014122 0.000000
253 85.102524 34.625095 39.515816 0.000000
260 52.397709 84.032372 -13.992060 0.000000
261 57.038395 78.031494 -25.713783 0.000000
428 31.624655 70.720406 -63.259312 0.000000
429 44.186504 64.749535 -62.109142 0.000000
508 84.682465 51.347557 14.012063 0.000000
521 60.518906 70.300346 -37.395504 0.000000
678 64.769539 55.198128 -52.547733 0.000000
679 69.700264 50.637451 -50.807484 0.000000
727 61.589069 78.581566 -5.880866 0.000000
728 67.579948 73.490814 -5.880866 0.000000
741 58.398594 80.161804 -12.901898 0.000000
952 45.326672 72.810715 -51.447575 0.000000
953 41.806156 70.530388 -57.278435 0.000000
954 47.857048 67.239891 -56.488319 0.000000
955 58.168564 50.427422 -63.839397 0.000000
956 52.477722 54.518024 -65.389633 0.000000
1102 69.730263 65.639656 -28.854248 0.000000
1104 73.640839 63.469341 -23.473455 0.000000
1105 78.311531 61.929115 -5.890867 0.000000
1106 80.351822 58.378593 -11.781734 0.000000
1107 83.102234 55.348145 -5.890867 0.000000
1109 85.272545 52.257690 0.000000 0.000000
1113 82.212105 49.647308 27.924109 0.000000
1114 81.451996 54.067959 21.083103 0.000000
1115 85.722618 47.096931 20.893076 0.000000
1116 88.513031 44.406540 14.042068 0.000000
1117 89.263138 39.985886 20.883076 0.000000
1119 89.333153 36.165325 26.743937 0.000000
1143 62.769241 73.900879 -24.543612 0.000000
1144 58.928677 74.360947 -31.634657 0.000000
1145 64.549500 70.070320 -30.424479 0.000000
1146 65.889694 66.099724 -35.945290 0.000000
1335 34.015007 64.949562 -68.020012 0.000000
1336 26.403887 67.909996 -68.520088 0.000000
1507 56.988392 65.639656 -49.467281 0.000000
1508 53.937943 63.469341 -55.368153 0.000000
1509 59.478752 59.498760 -54.087959 0.000000
1510 61.609066 52.917789 -58.358593 0.000000
1511 63.359325 46.036774 -62.209156 0.000000
1597 66.289757 72.810715 -17.532581 0.000000
1598 71.930588 67.239891 -17.542583 0.000000
1599 69.920296 70.530388 -11.781734 0.000000
1600 73.200768 67.899994 -5.890867 0.000000
1601 76.051193 64.949562 0.000000 0.000000
1606 82.592163 44.836601 34.235039 0.000000
1607 85.872643 38.675694 33.664955 0.000000
1608 81.992073 40.836014 40.165913 0.000000
1620 48.717171 84.812477 -20.883076 0.000000
1621 51.007507 81.762039 -26.743937 0.000000
1622 54.848072 81.231956 -19.902929 0.000000
1623 60.758945 77.191360 -18.782766 0.000000
1960 37.995594 67.899994 -62.839252 0.000000
1961 40.285931 61.929115 -67.409927 0.000000
1962 50.347416 61.098995 -61.118996 0.000000
1963 46.476841 58.378593 -66.599800 0.000000
2157 77.181366 61.098995 -17.692604 0.000000
2165 78.221512 61.929115 7.031035 0.000000
2166 76.601280 60.758945 21.083103 0.000000
2167 80.111794 58.208569 14.052068 0.000000
2168 83.072235 55.248131 7.031035 0.000000
2169 87.172829 48.527145 7.021034 0.000000
2202 50.017365 73.900879 -45.166649 0.000000
2203 52.947792 78.291527 -32.724819 0.000000
2204 54.648045 74.360947 -38.555679 0.000000
2205 56.078255 70.070320 -44.136497 0.000000
2206 61.619072 66.099724 -42.856308 0.000000
2400 75.291084 46.576855 -46.536850 0.000000
2536 72.510674 44.546558 -52.547733 0.000000
2537 69.370209 42.246216 -58.358593 0.000000
2598 68.680107 53.967949 -48.707169 0.000000
2599 71.080460 51.637604 -47.797035 0.000000
2661 58.718647 80.711876 -6.450949 0.000000
2872 48.337116 71.140480 -51.047516 0.000000
2873 46.626862 70.080315 -54.017948 0.000000
2874 49.597301 68.360062 -53.567886 0.000000
2876 56.238281 49.057220 -66.579803 0.000000
3022 68.990158 67.549942 -26.063837 0.000000
3023 71.730560 64.589508 -26.183853 0.000000
3024 70.970444 66.479782 -23.383442 0.000000
3025 79.661728 60.398895 -2.950434 0.000000
3026 80.771889 58.688637 -5.890867 0.000000
3027 82.062080 57.098408 -2.950434 0.000000
3028 84.242401 53.837925 -2.950434 0.000000
3029 83.162247 55.568176 0.000000 0.000000
3033 84.272408 46.136787 27.804092 0.000000
3034 84.032372 48.417126 24.433596 0.000000
3035 86.032661 44.856606 24.293575 0.000000
3036 87.562889 43.576416 20.903078 0.000000
3037 87.792923 41.296082 24.283573 0.000000
3038 89.353157 38.095608 23.833508 0.000000
3039 87.812927 39.375793 27.214006 0.000000
3062 45.756737 83.472290 -30.674513 0.000000
3063 65.509644 71.690552 -23.913521 0.000000
3064 63.699379 72.030602 -27.504049 0.000000
3065 66.419777 69.790276 -26.853952 0.000000
3066 67.179886 67.899994 -29.654366 0.000000
3472 59.738792 63.639370 -48.817184 0.000000
3473 58.278580 62.619217 -51.817631 0.000000
3474 60.988976 60.568916 -51.137527 0.000000
3475 65.779678 51.867634 -54.638042 0.000000
3476 63.229309 54.087959 -55.488163 0.000000
3477 64.189445 50.717464 -57.538467 0.000000
3478 62.539204 49.517288 -60.328884 0.000000
3479 65.059578 47.266960 -59.458752 0.000000
3622 65.229607 74.390945 -14.642156 0.000000
3623 68.150032 71.720558 -14.662157 0.000000
3624 67.059868 73.260780 -11.761731 0.000000
3626 70.440369 70.750420 -5.890867 0.000000
3627 72.000595 69.350212 -2.940433 0.000000
3628 74.670990 66.469780 -2.940433 0.000000
3636 80.521858 48.357117 34.355057 0.000000
3637 80.591866 45.876751 37.455513 0.000000
3638 82.342125 42.856308 37.225479 0.000000
3660 50.597450 84.492432 -17.452570 0.000000
3661 51.817631 83.072235 -20.403004 0.000000
3662 53.657898 82.682167 -16.952494 0.000000
3663 61.289021 78.071487 -12.321814 0.000000
3664 59.608776 78.731590 -15.852334 0.000000
3665 62.469196 76.591278 -15.272248 0.000000
3666 63.559361 75.051048 -18.172674 0.000000
4300 43.026333 67.699966 -59.738792 0.000000
4301 39.925877 69.260193 -60.098846 0.000000
4302 41.116055 66.369774 -62.509201 0.000000
4303 39.175766 64.969574 -65.179596 0.000000
4304 42.266220 63.379333 -64.799538 0.000000
4305 55.128113 60.348885 -57.628487 0.000000
4306 52.167679 62.329174 -58.278580 0.000000
4307 53.327854 59.158707 -60.498909 0.000000
4308 50.497433 53.107819 -68.060013 0.000000
4309 49.507286 56.488319 -66.039719 0.000000
4310 47.506992 55.048103 -68.680107 0.000000
4311 44.476547 56.898376 -69.190186 0.000000
4755 73.670837 66.039719 -14.652158 0.000000
4756 74.610985 64.219452 -17.632597 0.000000
4757 76.291229 62.969269 -14.732169 0.000000
4759 81.211952 56.488319 -14.752171 0.000000
4780 77.201370 58.648628 24.573616 0.000000
4781 83.132240 52.757763 17.562586 0.000000
4782 80.851898 56.188271 17.582588 0.000000
4783 82.462143 54.818066 14.042068 0.000000
4784 81.662025 56.778362 10.551554 0.000000
4785 83.942360 53.337849 10.521549 0.000000
4786 85.182541 51.927647 7.031035 0.000000
4787 85.992653 49.977360 10.521549 0.000000
4800 85.542587 36.675396 36.615391 0.000000
4868 54.057957 79.951767 -26.243862 0.000000
4869 52.007656 80.081787 -29.754381 0.000000
4870 55.038101 78.221512 -29.234303 0.000000
4871 59.758801 72.380653 -34.545086 0.000000
4872 56.838367 74.420952 -35.125172 0.000000
4873 57.618481 72.380653 -38.005596 0.000000
4874 55.398155 72.260635 -41.376095 0.000000
4875 58.348591 70.240341 -40.796005 0.000000
4876 58.888668 68.130035 -43.526409 0.000000
4877 61.098995 68.240044 -40.155910 0.000000
4878 68.460075 63.879406 -35.155178 0.000000
4879 66.439781 63.979420 -38.675694 0.000000
5694 76.611275 43.486401 -47.346970 0.000000
5695 73.940887 45.586708 -49.567295 0.000000
5696 75.241081 42.476250 -50.377419 0.000000
5828 63.649368 58.428604 -50.377419 0.000000
5829 66.199738 56.238281 -49.567295 0.000000
5830 67.269897 52.947792 -51.707611 0.000000
5831 68.230042 49.577297 -53.757915 0.000000
5917 62.879257 77.271378 -8.811297 0.000000
5918 65.879692 74.731003 -8.811297 0.000000
5919 64.639519 76.091202 -5.890867 0.000000
5941 55.438160 82.152092 -13.451980 0.000000
5942 57.118408 81.491997 -9.961467 0.000000
5943 60.038841 79.431694 -9.401383 0.000000
6324 43.596416 71.720558 -54.398006 0.000000
6325 44.856606 68.930145 -56.918381 0.000000
6326 46.046776 66.039719 -59.338734 0.000000
6327 57.248425 53.827927 -61.869106 0.000000
6328 54.398006 55.858219 -62.639217 0.000000
6329 55.358147 52.507725 -64.659523 0.000000
6330 53.397865 51.117527 -67.369919 0.000000
6592 70.380363 63.639370 -31.604654 0.000000
6594 72.410652 62.619217 -28.954264 0.000000
6595 74.350945 61.519058 -26.253862 0.000000
6596 76.201218 60.348885 -23.533464 0.000000
6597 76.861313 63.379333 -8.821300 0.000000
6598 77.901466 61.619072 -11.771733 0.000000
6599 79.381683 60.188866 -8.841302 0.000000
6600 81.772041 56.898376 -8.841302 0.000000
6611 80.011780 53.087814 27.994122 0.000000
6612 79.631714 55.298141 24.573616 0.000000
6613 81.902054 51.907639 24.523609 0.000000
6614 83.652313 50.627457 21.003092 0.000000
6615 85.272545 49.267250 17.462572 0.000000
6616 86.662758 47.907055 14.042068 0.000000
6617 87.182831 45.786739 17.482573 0.000000
6618 88.963097 42.226215 17.482573 0.000000
6665 59.938828 76.011192 -25.143700 0.000000
6666 58.018539 76.241226 -28.694225 0.000000
6667 60.898964 74.190918 -28.114140 0.000000
6668 61.779091 72.260635 -31.054571 0.000000
6669 62.589214 70.240341 -33.934994 0.000000
6670 63.239311 68.240044 -36.695400 0.000000
6671 65.259605 68.130035 -33.204884 0.000000
6672 67.869987 65.919701 -32.424774 0.000000
7011 32.844833 67.889992 -65.689667 0.000000
7012 29.034275 69.370209 -65.939705 0.000000
7013 30.234451 66.489784 -68.330055 0.000000
7357 54.167973 67.549942 -50.047367 0.000000
7358 52.647755 66.479782 -53.017803 0.000000
7359 55.498169 64.589508 -52.447720 0.000000
7360 56.738354 61.519058 -54.758060 0.000000
7361 57.888523 58.348591 -56.978390 0.000000
7362 62.159153 57.378448 -53.347855 0.000000
7363 60.588917 56.258282 -56.268284 0.000000
7364 58.958679 55.058105 -59.118698 0.000000
7365 59.928825 51.707611 -61.138996 0.000000
7366 60.798950 48.257103 -63.059284 0.000000
7567 67.269897 71.140480 -20.403004 0.000000
7568 70.100327 68.360062 -20.413004 0.000000
7569 69.160179 70.080315 -17.552586 0.000000
7570 70.970444 68.930145 -14.672159 0.000000
7571 72.670692 67.699966 -11.771733 0.000000
7572 68.800125 72.060608 -8.831300 0.000000
7573 71.610542 69.260193 -8.841302 0.000000
7574 74.300941 66.369774 -8.821300 0.000000
7575 75.811165 64.969574 -5.890867 0.000000
7576 77.231369 63.479347 -2.950434 0.000000
7577 78.541557 61.919109 0.000000 0.000000
7585 78.061493 54.157970 31.244600 0.000000
7586 80.331825 50.767475 31.194590 0.000000
7587 82.462143 47.276958 31.104578 0.000000
7588 84.452431 43.716434 30.964558 0.000000
7589 86.082672 40.635983 30.674513 0.000000
7590 84.282410 41.786152 33.975002 0.000000
7591 83.992371 39.785854 36.945438 0.000000
7592 83.602310 37.745560 39.865868 0.000000
7595 83.092232 35.645245 42.766293 0.000000
7596 82.472137 33.514931 45.576710 0.000000
7620 46.756882 85.012512 -24.283573 0.000000
7621 47.897049 83.472290 -27.214006 0.000000
7622 49.897343 83.342270 -23.833508 0.000000
7623 52.977795 81.562012 -23.343437 0.000000
7624 55.978241 79.681725 -22.823359 0.000000
7625 56.668346 80.761887 -16.412416 0.000000
7626 57.838516 79.261665 -19.352850 0.000000
7627 58.938671 77.671440 -22.263277 0.000000
7628 61.799099 75.591125 -21.673191 0.000000
7629 64.579506 73.410805 -21.053099 0.000000
8471 33.574944 72.150620 -60.578918 0.000000
8472 38.665691 72.060608 -57.578476 0.000000
8473 36.775414 70.750420 -60.378887 0.000000
8474 34.835129 69.350212 -63.079285 0.000000
8475 36.025303 66.469780 -65.469635 0.000000
8476 37.175472 63.479347 -67.759972 0.000000
8477 38.265636 60.398895 -69.940292 0.000000
8478 50.927494 65.399628 -55.968239 0.000000
8479 49.137230 64.219452 -58.848663 0.000000
8480 47.296963 62.969269 -61.649075 0.000000
8481 51.457577 57.858517 -63.309322 0.000000
8482 48.437130 59.778801 -63.899406 0.000000
8483 45.366680 61.619072 -64.409485 0.000000
8484 43.406387 60.188866 -67.049873 0.000000
8485 41.396091 58.688637 -69.610245 0.000000
9033 72.830719 65.399628 -20.523022 0.000000
9034 75.461105 62.329174 -20.603033 0.000000
9035 77.961472 59.158707 -20.643040 0.000000
9036 78.811600 59.778801 -14.752171 0.000000
9037 79.631714 57.858517 -17.712608 0.000000
9058 77.191360 63.489349 3.520518 0.000000
9059 79.631714 60.408890 3.520518 0.000000
9063 79.091637 57.468460 21.103107 0.000000
9064 78.421539 59.528763 17.582588 0.000000
9065 77.621429 61.489048 14.042068 0.000000
9066 79.231667 60.118855 10.551554 0.000000
9067 80.711876 58.638634 7.031035 0.000000
9068 82.062080 57.068398 3.520518 0.000000
9069 84.242401 53.797916 3.520518 0.000000
9070 86.292702 50.437424 3.520518 0.000000
9071 88.212990 47.006920 3.520518 0.000000
9072 87.912941 46.506847 10.541552 0.000000
9087 87.672913 37.455513 30.234451 0.000000
9167 47.717026 73.410805 -48.347118 0.000000
9168 50.687462 71.690552 -47.907055 0.000000
9169 48.917202 81.832047 -30.234451 0.000000
9170 49.867340 80.081787 -33.214890 0.000000
9171 50.767475 78.221512 -36.145321 0.000000
9172 55.968239 76.371246 -32.204742 0.000000
9173 53.827927 76.371246 -35.665249 0.000000
9174 51.607594 76.241226 -39.065750 0.000000
9175 52.377708 74.190918 -41.896168 0.000000
9176 53.087814 72.030602 -44.676579 0.000000
9177 53.727905 69.790276 -47.396976 0.000000
9178 56.568325 67.899994 -46.826893 0.000000
9179 59.348736 65.919701 -46.196800 0.000000
9180 62.059139 63.879406 -45.516697 0.000000
9181 63.809395 66.149734 -39.435806 0.000000
9182 64.299469 63.979420 -42.136204 0.000000
9756 73.870872 49.607300 -45.656719 0.000000
10162 72.550674 48.647160 -48.707169 0.000000
10163 71.140480 47.617008 -51.707611 0.000000
10164 69.650253 46.536850 -54.638042 0.000000
10165 73.780861 41.386093 -53.347855 0.000000
10166 70.980446 43.416389 -55.488163 0.000000
10167 68.070015 45.376678 -57.538467 0.000000
10168 66.419777 44.176506 -60.328884 0.000000
