#!ascii label, from subject  
543
3 27.644068 85.082527 44.726585 0.000000
52 44.926617 86.282700 23.253424 0.000000
53 67.089867 68.830132 27.644068 0.000000
54 50.147381 70.210342 50.577446 0.000000
55 14.372116 96.204163 23.253424 0.000000
56 30.904547 95.124001 0.000000 0.000000
96 22.813358 70.210342 67.469933 0.000000
109 44.726585 52.577736 72.370651 0.000000
172 36.635391 86.502731 34.315052 0.000000
173 48.157089 79.271660 37.395504 0.000000
174 39.265778 78.391533 48.117085 0.000000
175 21.213121 91.513474 34.315052 0.000000
176 30.034422 92.443611 23.553467 0.000000
178 7.631124 92.443611 37.395504 0.000000
219 19.722902 60.688934 77.011337 0.000000
241 34.125023 62.029129 70.640404 0.000000
242 30.864544 51.937645 79.701729 0.000000
256 -0.280041 96.654228 -25.713783 0.000000
257 7.001030 98.784538 -13.992060 0.000000
265 -7.001030 98.784538 13.992060 0.000000
364 -18.152672 29.604359 93.793808 0.000000
379 26.543907 38.625687 88.353012 0.000000
384 56.588333 78.361534 25.713783 0.000000
385 59.228718 70.240341 39.515816 0.000000
386 60.058842 60.688934 52.077667 0.000000
387 7.251067 99.054581 11.731727 0.000000
388 15.642302 98.784538 0.000000 0.000000
389 22.873365 96.654228 11.741728 0.000000
394 0.280041 96.654228 25.713783 0.000000
493 36.955441 71.140480 59.798801 0.000000
494 47.927055 62.029129 62.109142 0.000000
495 57.488464 51.937645 63.259312 0.000000
496 41.006035 39.965881 82.002068 0.000000
497 55.008099 39.965881 73.340790 0.000000
652 32.214745 85.992653 39.615833 0.000000
653 38.075603 82.722176 41.356091 0.000000
654 33.534935 81.932060 46.536850 0.000000
655 24.483604 88.513031 39.615833 0.000000
656 29.014271 89.303146 34.425064 0.000000
721 25.363733 56.458309 78.561562 0.000000
722 23.633480 51.127529 82.642174 0.000000
877 48.757175 85.542587 17.532581 0.000000
878 54.648045 81.632019 18.782766 0.000000
879 50.887497 82.532150 24.543612 0.000000
880 49.317257 74.991043 44.136497 0.000000
881 53.837925 74.951035 38.555679 0.000000
882 54.828072 70.410370 45.166649 0.000000
883 59.828812 65.669670 45.936764 0.000000
884 55.238129 65.609657 51.447575 0.000000
885 10.841596 97.864403 17.532581 0.000000
886 15.112225 98.164452 11.781734 0.000000
887 18.672749 96.674232 17.542583 0.000000
888 37.605534 89.653198 23.473455 0.000000
889 34.265041 92.283585 17.692604 0.000000
890 41.726143 89.183136 17.542583 0.000000
892 -6.120901 85.542587 51.447575 0.000000
894 -2.970437 89.183136 45.166649 0.000000
895 11.041625 94.633934 30.424479 0.000000
896 3.970585 94.793953 31.634657 0.000000
897 7.341080 96.674232 24.543612 0.000000
898 3.780556 98.164452 18.782766 0.000000
1010 15.872337 70.410370 69.230194 0.000000
1014 24.203564 74.480965 62.209156 0.000000
1081 31.294607 74.951035 58.358593 0.000000
1082 29.984415 70.910439 63.839397 0.000000
1083 39.525818 57.458458 71.690552 0.000000
1084 41.156059 62.239166 66.599800 0.000000
1085 46.446835 57.458458 67.409927 0.000000
1086 52.837776 57.118408 62.839252 0.000000
1087 51.267548 52.417717 68.020012 0.000000
1089 33.874985 39.415802 85.442581 0.000000
1090 38.725700 33.234890 86.012665 0.000000
1128 6.790999 96.134155 -26.743937 0.000000
1129 3.190470 94.453903 -32.724819 0.000000
1133 23.343437 97.254311 0.000000 0.000000
1134 19.212830 97.904411 -7.021034 0.000000
1462 40.876015 86.602745 28.854248 0.000000
1463 46.696873 83.052223 30.424479 0.000000
1464 42.496254 83.092232 35.945290 0.000000
1465 43.826450 79.031631 42.856308 0.000000
1466 44.816597 74.480965 49.467281 0.000000
1467 17.832624 94.083847 28.854248 0.000000
1468 22.273279 94.633934 23.473455 0.000000
1469 25.683781 92.203568 29.004269 0.000000
1470 33.414917 89.693207 29.004269 0.000000
1474 14.452127 92.203568 35.945290 0.000000
1545 21.313137 65.609657 72.410652 0.000000
1585 28.544203 66.289757 69.230194 0.000000
1586 27.003977 61.559055 74.060898 0.000000
1587 32.574795 57.118408 75.361092 0.000000
1588 37.915581 52.417717 76.271233 0.000000
1602 68.160034 64.689522 34.235039 0.000000
1614 3.370496 97.954414 -19.902929 0.000000
1615 10.441538 97.254311 -20.883076 0.000000
1804 -30.664515 30.524494 90.173279 0.000000
1805 -23.403444 33.474926 91.293434 0.000000
1806 -16.032360 36.165325 91.863518 0.000000
1809 -8.291221 38.675694 91.863518 0.000000
1810 -0.750110 40.836014 91.293434 0.000000
1811 6.861010 42.716286 90.173279 0.000000
1812 14.392118 44.296520 88.513031 0.000000
1843 21.463158 44.456543 86.982803 0.000000
1844 19.552877 38.595680 90.173279 0.000000
1856 61.999123 73.780861 26.743937 0.000000
1857 52.507725 79.021629 31.634657 0.000000
1858 58.098553 74.540970 32.724819 0.000000
1859 63.319317 69.710266 33.664955 0.000000
1860 64.169449 65.359619 40.165913 0.000000
1863 3.630534 99.774689 5.880866 0.000000
1864 7.851156 99.704681 0.000000 0.000000
1865 11.481689 99.174591 5.880866 0.000000
1866 19.302843 97.954414 5.890867 0.000000
1867 26.953966 96.134155 5.890867 0.000000
1868 26.523903 94.793953 17.692604 0.000000
1869 30.694517 94.453903 11.781734 0.000000
1870 34.695107 93.613777 5.890867 0.000000
1878 0.510075 92.283585 38.555679 0.000000
1881 -3.370496 97.954414 19.902929 0.000000
1882 0.130019 99.174591 12.901898 0.000000
2125 32.474781 78.651581 52.547733 0.000000
2126 38.205624 74.951035 54.087959 0.000000
2127 43.696430 70.910439 55.368153 0.000000
2128 35.635246 66.759827 65.389633 0.000000
2129 42.556263 66.759827 61.118996 0.000000
2130 49.157234 66.289757 56.488319 0.000000
2131 54.167973 61.559055 57.278435 0.000000
2132 58.928677 56.458309 57.818512 0.000000
2134 28.804239 45.436687 84.312416 0.000000
2135 36.045307 46.096786 81.111938 0.000000
2136 43.006332 46.426834 77.441399 0.000000
2137 45.996769 33.414917 82.282120 0.000000
2138 48.167091 40.105904 77.941475 0.000000
2139 50.037365 46.426834 73.100754 0.000000
2140 56.428303 46.096786 68.520088 0.000000
2191 11.361672 99.114586 -7.021034 0.000000
2572 29.944408 85.592590 42.196209 0.000000
2573 32.904846 84.032372 43.106342 0.000000
2574 30.604504 83.552299 45.656719 0.000000
2575 26.083839 86.842789 42.196209 0.000000
2576 28.374176 87.322853 39.645836 0.000000
2797 46.866901 85.962654 20.403004 0.000000
2798 49.857338 84.102386 21.053099 0.000000
2799 47.937057 84.462433 23.913521 0.000000
2800 49.767323 72.660690 47.396976 0.000000
2801 52.107674 72.750710 44.676579 0.000000
2802 52.517731 70.360359 47.907055 0.000000
2803 55.078106 68.060013 48.347118 0.000000
2804 52.717762 67.950005 51.047516 0.000000
2805 12.611857 97.094292 20.403004 0.000000
2806 14.762173 97.354324 17.552586 0.000000
2807 16.532433 96.504211 20.413004 0.000000
2808 41.296082 88.042961 23.383442 0.000000
2809 39.685841 89.483170 20.523022 0.000000
2810 43.356380 87.792923 20.413004 0.000000
2811 45.276665 87.432869 17.552586 0.000000
2813 -4.550670 87.432869 48.347118 0.000000
2815 12.711872 95.494057 26.853952 0.000000
2816 9.191353 95.714096 27.504049 0.000000
2817 10.861599 96.504211 23.913521 0.000000
2818 9.091337 97.354324 21.053099 0.000000
2930 19.362850 70.360359 68.400070 0.000000
2932 20.132963 72.660690 65.709671 0.000000
2934 23.523462 72.390656 64.879555 0.000000
3001 27.113993 72.740700 63.059284 0.000000
3002 26.423889 70.620399 65.709671 0.000000
3003 42.156208 55.048103 72.080612 0.000000
3004 43.026333 57.498463 69.610245 0.000000
3005 45.616714 55.048103 69.940292 0.000000
3006 48.887192 54.968090 67.759972 0.000000
3007 48.037075 52.537735 70.250343 0.000000
3009 35.115170 32.924847 87.662903 0.000000
3030 66.399773 70.740417 24.283573 0.000000
3031 68.500084 69.810280 20.903078 0.000000
3032 69.240196 67.959999 24.293575 0.000000
3053 27.143997 96.264168 0.000000 0.000000
3054 25.133701 96.744247 -3.520518 0.000000
3055 28.914255 95.684090 -3.520518 0.000000
3397 38.775707 86.602745 31.604654 0.000000
3398 41.726143 84.912491 32.424774 0.000000
3399 39.595829 84.852486 35.155178 0.000000
3400 38.705700 80.621872 44.766590 0.000000
3401 40.976032 80.921906 42.136204 0.000000
3402 41.566120 78.761597 45.516697 0.000000
3403 44.356533 76.821312 46.196800 0.000000
3404 42.066193 76.481262 48.817184 0.000000
3405 19.532875 92.853668 31.604654 0.000000
3406 21.773205 93.223724 28.954264 0.000000
3407 23.463453 91.913528 31.684664 0.000000
3408 32.854836 87.982956 34.405067 0.000000
3409 31.234598 89.553185 31.734671 0.000000
3410 35.045158 88.152977 31.684664 0.000000
3411 37.175472 88.222984 28.954264 0.000000
3415 19.532875 90.483322 37.865574 0.000000
3417 17.842627 91.913528 35.155178 0.000000
3418 16.162378 93.223724 32.424774 0.000000
3532 17.042507 63.229309 75.591125 0.000000
3533 17.832624 65.679665 73.280785 0.000000
3534 20.533024 63.189301 74.761002 0.000000
3601 24.173559 63.619366 73.280785 0.000000
3602 23.383442 61.169003 75.591125 0.000000
3603 28.134142 54.227985 79.181656 0.000000
3604 28.994268 56.838367 77.021339 0.000000
3605 31.744675 54.558029 77.581421 0.000000
3606 35.265194 54.808067 75.861168 0.000000
3607 34.415066 52.217686 78.051491 0.000000
3648 3.440506 99.044579 -13.451980 0.000000
3649 1.620239 98.644516 -16.412416 0.000000
3650 5.190764 98.434486 -16.952494 0.000000
3651 6.911017 97.664368 -20.403004 0.000000
3652 8.721284 98.094437 -17.452570 0.000000
3965 -21.833214 28.194149 93.443756 0.000000
3966 -24.453598 30.124435 92.183571 0.000000
3967 -20.793062 31.554644 92.603630 0.000000
3968 -19.732904 34.845131 91.653488 0.000000
3969 -17.102518 32.904846 92.883667 0.000000
3978 -4.520666 39.785854 91.653488 0.000000
3979 -1.730255 37.745560 92.603630 0.000000
3981 5.880866 39.685841 91.613487 0.000000
3982 9.671424 40.565971 90.903381 0.000000
3983 10.641566 43.536407 89.413162 0.000000
3984 13.441978 41.356091 90.063263 0.000000
4051 16.982500 41.476105 89.413162 0.000000
4052 16.022360 38.505669 90.903381 0.000000
4075 55.658195 80.061783 22.263277 0.000000
4077 58.478607 77.861458 22.823359 0.000000
4078 61.199009 75.581123 23.343437 0.000000
4079 59.328735 76.121208 26.243862 0.000000
4080 47.466988 81.231956 33.934994 0.000000
4081 49.637306 81.091942 31.054571 0.000000
4082 50.367416 79.201653 34.545086 0.000000
4083 56.568325 72.640694 39.065750 0.000000
4084 55.998241 74.801010 35.665249 0.000000
4085 58.708641 72.450661 36.145321 0.000000
4086 60.748943 72.180626 33.214890 0.000000
4087 61.309025 70.020309 36.615391 0.000000
4088 63.799393 67.589951 36.945438 0.000000
4089 61.739082 67.839989 39.865868 0.000000
4090 59.988831 63.229309 49.047218 0.000000
4091 62.259163 63.169304 46.226803 0.000000
4095 5.450802 99.474640 8.811297 0.000000
4096 7.561113 99.554657 5.890867 0.000000
4097 9.371379 99.184601 8.811297 0.000000
4098 19.002798 97.484352 11.771733 0.000000
4099 17.222534 98.124443 8.841302 0.000000
4100 21.103107 97.364334 8.821300 0.000000
4101 23.153408 97.124298 5.890867 0.000000
4102 24.933670 96.454201 8.821300 0.000000
4103 26.173853 93.613777 23.533464 0.000000
4104 24.413593 94.773956 20.603033 0.000000
4105 28.294167 93.683792 20.643040 0.000000
4106 36.305344 92.023544 14.732169 0.000000
4107 32.494785 93.433754 14.752171 0.000000
4108 34.525082 93.123711 11.771733 0.000000
4109 32.714813 94.093849 8.841302 0.000000
4126 2.350346 91.023392 41.376095 0.000000
4127 4.070600 92.423599 38.005596 0.000000
4128 2.120312 95.784103 28.694225 0.000000
4129 0.390057 94.683937 32.204742 0.000000
4130 -1.460215 95.634079 29.234303 0.000000
4132 -3.260480 96.454201 26.243862 0.000000
4133 -5.080748 97.124298 23.343437 0.000000
4134 -1.550228 97.364334 22.823359 0.000000
4135 5.520813 98.684525 15.272248 0.000000
4136 1.950287 98.734535 15.852334 0.000000
4137 3.690543 99.184601 12.321814 0.000000
4138 1.880277 99.554657 9.401383 0.000000
4681 29.564352 80.341827 51.707611 0.000000
4682 28.994268 78.591568 54.638042 0.000000
4683 34.145027 73.090752 59.118698 0.000000
4684 34.775120 75.011040 56.268284 0.000000
4685 37.605534 73.090752 56.978390 0.000000
4686 40.976032 72.970741 54.758060 0.000000
4687 40.355938 71.080460 57.628487 0.000000
4688 31.354614 64.209457 69.980301 0.000000
4689 32.114727 66.579803 67.369919 0.000000
4690 34.895138 64.439484 68.060013 0.000000
4691 44.576561 62.189156 64.409485 0.000000
4692 41.886166 64.539497 63.899406 0.000000
4693 45.266666 64.439484 61.649075 0.000000
4694 45.896755 66.579803 58.848663 0.000000
4695 48.577148 64.209457 59.338734 0.000000
4696 51.697609 63.959415 56.918381 0.000000
4697 51.087521 61.839104 59.738792 0.000000
4698 55.198128 54.558029 63.079285 0.000000
4699 55.928230 56.838367 60.378887 0.000000
4700 58.248577 54.227985 60.578918 0.000000
4703 24.023537 41.566120 87.732918 0.000000
4704 25.153704 44.976624 85.712616 0.000000
4705 27.694075 42.066193 86.412720 0.000000
4706 37.465515 39.725845 83.792336 0.000000
4707 34.995152 42.796295 83.352272 0.000000
4708 38.555679 43.066338 81.622017 0.000000
4709 39.555820 46.296818 79.341675 0.000000
4710 42.036186 43.236362 79.791748 0.000000
4715 50.637451 36.795418 78.001480 0.000000
4716 51.637604 40.065895 75.711151 0.000000
4717 49.147232 43.306374 75.581123 0.000000
4718 52.567738 43.236362 73.280785 0.000000
4719 53.267841 46.296818 70.860435 0.000000
4720 55.758209 43.066338 70.990456 0.000000
4774 71.400513 69.240196 10.541552 0.000000
4838 11.751730 99.324615 0.000000 0.000000
4839 9.611416 99.494644 -3.510517 0.000000
4840 13.511990 99.034576 -3.510517 0.000000
5782 34.445068 86.302704 36.985443 0.000000
5783 37.385506 84.682465 37.865574 0.000000
5784 35.165176 84.412430 40.505962 0.000000
5785 35.825272 82.382126 43.966473 0.000000
5786 36.425362 80.211807 47.346970 0.000000
5787 22.863365 90.063263 36.985443 0.000000
5788 25.133701 90.483322 34.405067 0.000000
5789 26.763941 88.963097 37.045456 0.000000
5790 30.634510 87.702911 37.045456 0.000000
5905 22.553322 58.618626 77.841461 0.000000
5907 24.513609 53.827927 80.651871 0.000000
5908 27.274015 51.567593 81.241959 0.000000
5935 5.260775 99.324615 -10.511547 0.000000
5949 -5.260775 99.324615 10.511547 0.000000
6188 53.537884 83.082230 15.272248 0.000000
6189 51.737614 83.642319 18.172674 0.000000
6190 52.797768 82.132095 21.673191 0.000000
6191 53.767914 80.491844 25.143700 0.000000
6192 48.777176 77.191360 40.796005 0.000000
6193 51.027515 77.161362 38.005596 0.000000
6194 51.607594 75.021042 41.376095 0.000000
6195 54.378002 72.740700 41.896168 0.000000
6196 57.058403 70.370361 42.366238 0.000000
6197 59.578773 68.010010 42.766293 0.000000
6198 57.358440 68.080025 45.576710 0.000000
6199 57.568474 65.679665 48.727169 0.000000
6200 57.678490 63.189301 51.797626 0.000000
6201 9.051332 98.524498 14.642156 0.000000
6202 11.191648 98.684525 11.761731 0.000000
6203 12.981912 98.074432 14.662157 0.000000
6204 16.902487 97.474350 14.672159 0.000000
6205 20.783060 96.724236 14.652158 0.000000
6206 33.844982 91.123413 23.533464 0.000000
6207 32.174740 92.423599 20.643040 0.000000
6208 35.955292 91.023392 20.603033 0.000000
6209 38.025597 90.813370 17.632597 0.000000
6219 9.341375 93.613777 33.934994 0.000000
6220 5.800854 93.683792 34.545086 0.000000
6221 7.511106 94.773956 31.054571 0.000000
6222 5.660833 95.814110 28.114140 0.000000
6223 3.810561 96.724236 25.143700 0.000000
6224 2.030299 97.484352 22.263277 0.000000
6225 5.560819 97.474350 21.673191 0.000000
6226 7.311076 98.074432 18.172674 0.000000
6424 12.371821 70.370361 69.980301 0.000000
6425 9.641419 72.640694 68.060013 0.000000
6432 24.853659 76.481262 59.458752 0.000000
6553 28.404182 76.721291 57.538467 0.000000
6554 27.774088 74.781006 60.328884 0.000000
6555 30.654512 72.970741 61.138996 0.000000
6556 33.494930 71.080460 61.869106 0.000000
6557 36.845425 59.778801 71.210487 0.000000
6558 37.675549 62.189156 68.680107 0.000000
6559 40.365944 59.888817 69.190186 0.000000
6560 43.826450 59.888817 67.049873 0.000000
6561 47.216949 59.778801 64.799538 0.000000
6562 50.407421 59.618774 62.509201 0.000000
6563 49.677311 57.328438 65.179596 0.000000
6564 52.087666 54.808067 65.469635 0.000000
6565 54.418011 52.217686 65.689667 0.000000
6566 29.024273 35.615242 88.833076 0.000000
6567 30.234451 39.055748 86.972801 0.000000
6568 32.694817 36.015301 87.382866 0.000000
6569 36.325348 36.355350 85.802628 0.000000
6570 39.895874 36.635391 84.082375 0.000000
6609 70.490379 68.770126 17.482573 0.000000
6638 3.260480 96.454201 -26.243862 0.000000
6639 1.460215 95.634079 -29.234303 0.000000
6640 4.990735 95.354042 -29.754381 0.000000
6641 6.720989 94.093849 -33.214890 0.000000
6647 19.512873 98.094437 0.000000 0.000000
6648 17.442568 98.414490 -3.520518 0.000000
6649 21.303135 97.654373 -3.520518 0.000000
6650 23.063395 97.064293 -7.031035 0.000000
7252 42.926315 86.492729 26.063837 0.000000
7253 45.846748 84.732475 26.853952 0.000000
7254 43.816452 84.872498 29.654366 0.000000
7255 44.626572 83.122238 33.204884 0.000000
7256 45.356674 81.231956 36.695400 0.000000
7257 40.315937 82.962219 38.675694 0.000000
7258 43.196358 81.131943 39.435806 0.000000
7259 46.016773 79.201653 40.155910 0.000000
7260 46.596859 77.051346 43.526409 0.000000
7261 47.096931 74.781006 46.826893 0.000000
7262 47.506992 72.390656 50.047367 0.000000
7263 16.112371 95.204018 26.063837 0.000000
7264 18.332699 95.494057 23.383442 0.000000
7265 20.062952 94.413902 26.183853 0.000000
7266 23.993532 93.473755 26.253862 0.000000
7267 27.874102 92.383591 26.293869 0.000000
7268 27.364029 90.813370 31.734671 0.000000
7269 29.574354 91.023392 29.034275 0.000000
7270 31.744675 91.123413 26.293869 0.000000
7271 35.535233 89.723206 26.253862 0.000000
7272 39.265778 88.182976 26.183853 0.000000
7280 11.051627 92.383591 36.695400 0.000000
7281 12.751877 93.473755 33.204884 0.000000
7282 14.442126 94.413902 29.654366 0.000000
7441 15.112225 68.080025 71.690552 0.000000
7442 18.612740 68.060013 70.880440 0.000000
7443 22.083250 67.950005 69.980301 0.000000
7537 25.693783 68.300056 68.400070 0.000000
7538 24.953674 65.999710 70.880440 0.000000
7539 27.794092 63.959415 71.690552 0.000000
7540 30.584501 61.839104 72.410652 0.000000
7541 26.193857 59.038692 76.361237 0.000000
7542 29.804388 59.378738 74.761002 0.000000
7543 33.364910 59.618774 73.050751 0.000000
7544 36.075310 57.328438 73.580833 0.000000
7545 38.745705 54.968090 74.030891 0.000000
7546 41.356091 52.537735 74.380951 0.000000
7578 67.679962 66.809830 30.964558 0.000000
7579 69.920296 65.889694 27.804092 0.000000
7580 70.450371 63.819397 31.104578 0.000000
7603 -2.030299 97.484352 -22.263277 0.000000
7605 -0.200029 98.124443 -19.352850 0.000000
7606 1.550228 97.364334 -22.823359 0.000000
7607 5.080748 97.124298 -23.343437 0.000000
7608 8.621269 96.754242 -23.833508 0.000000
7610 34.615097 93.833809 0.000000 0.000000
8047 -28.084135 28.654219 91.613487 0.000000
8048 -27.053984 32.024715 90.803368 0.000000
8049 -25.983824 35.345203 89.883232 0.000000
8050 -22.333288 36.755409 90.293289 0.000000
8051 -18.642744 38.095608 90.573334 0.000000
8052 -14.932198 39.375793 90.713348 0.000000
8059 -13.251949 34.215034 93.043694 0.000000
8060 -12.171792 37.455513 91.933533 0.000000
8061 -11.061628 40.635983 90.713348 0.000000
8062 -7.311076 41.786152 90.573334 0.000000
8063 -3.530520 42.856308 90.293289 0.000000
8065 2.070305 38.745705 92.183571 0.000000
8066 3.060451 41.806156 90.803368 0.000000
8155 18.872780 47.266960 86.092674 0.000000
8156 17.942642 44.406540 87.802925 0.000000
8157 20.523022 41.546116 88.633049 0.000000
8158 23.063395 38.635689 89.323151 0.000000
8161 25.593767 35.635246 89.883232 0.000000
8191 63.839397 73.210777 23.833508 0.000000
8192 64.589508 71.350510 27.214006 0.000000
8193 48.827187 82.842194 27.504049 0.000000
8194 51.737614 80.841904 28.114140 0.000000
8195 54.588032 78.741585 28.694225 0.000000
8196 53.217838 77.051346 35.125172 0.000000
8197 55.338146 76.831306 32.204742 0.000000
8198 57.388451 76.511261 29.234303 0.000000
8199 60.088844 74.210922 29.754381 0.000000
8200 62.709229 71.810577 30.234451 0.000000
8201 65.249611 69.320198 30.674513 0.000000
8202 65.779678 67.239891 33.975002 0.000000
8203 66.209740 65.069580 37.225479 0.000000
8205 62.039131 65.559654 43.076340 0.000000
8206 64.439484 63.019279 43.346382 0.000000
8211 1.820268 99.954720 2.940433 0.000000
8212 3.930578 99.934708 0.000000 0.000000
8213 5.740845 99.804695 2.940433 0.000000
8214 9.671424 99.504646 2.940433 0.000000
8215 13.571999 99.044579 2.940433 0.000000
8216 13.301958 98.734535 8.831300 0.000000
8217 15.402267 98.644516 5.890867 0.000000
8218 17.482573 98.434486 2.940433 0.000000
8219 21.343142 97.664368 2.940433 0.000000
8220 25.163704 96.754242 2.950434 0.000000
8221 28.954264 95.684090 2.950434 0.000000
8222 20.483015 95.714096 20.523022 0.000000
8223 22.613329 95.814110 17.632597 0.000000
8224 24.713636 95.784103 14.732169 0.000000
8225 30.414476 93.613777 17.712608 0.000000
8226 28.624212 94.683937 14.752171 0.000000
8227 26.803947 95.634079 11.771733 0.000000
8228 28.844246 95.354042 8.841302 0.000000
8229 30.854540 94.953979 5.890867 0.000000
8230 32.824833 94.433899 2.950434 0.000000
8231 36.505375 93.063698 2.950434 0.000000
8251 -1.230181 90.813370 41.896168 0.000000
8253 2.240330 93.613777 35.125172 0.000000
8254 -1.340197 93.433754 35.665249 0.000000
8260 -6.911017 97.664368 20.403004 0.000000
8261 -5.190764 98.434486 16.952494 0.000000
8262 0.200029 98.124443 19.352850 0.000000
8263 -1.620239 98.644516 16.412416 0.000000
8264 -3.440506 99.044579 13.451980 0.000000
8265 -1.690249 99.504646 9.961467 0.000000
8266 0.060009 99.804695 6.450949 0.000000
8674 -6.881013 83.642319 54.398006 0.000000
8680 6.851008 74.801010 66.039719 0.000000
8681 4.050596 76.831306 63.899406 0.000000
8694 27.143997 83.552299 47.797035 0.000000
8941 30.104431 82.002068 48.707169 0.000000
8942 33.024860 80.341827 49.567295 0.000000
8943 35.905289 78.591568 50.377419 0.000000
8944 31.904697 76.851318 55.488163 0.000000
8945 35.365208 76.851318 53.347855 0.000000
8946 38.765709 76.721291 51.137527 0.000000
8947 41.546116 74.781006 51.817631 0.000000
8948 44.276520 72.740700 52.447720 0.000000
8949 46.956913 70.620399 53.017803 0.000000
8950 29.284311 68.650108 66.579803 0.000000
8951 32.824833 68.880142 64.659523 0.000000
8952 36.315342 68.990158 62.639217 0.000000
8953 38.425659 64.539497 66.039719 0.000000
8954 39.125759 66.819832 63.309322 0.000000
8955 39.785854 68.990158 60.498909 0.000000
8956 43.156349 68.880142 58.278580 0.000000
8957 46.456841 68.650108 55.968239 0.000000
8958 49.687313 68.300056 53.567886 0.000000
8959 52.237690 65.999710 54.017948 0.000000
8960 54.738056 63.619366 54.398006 0.000000
8961 57.158417 61.169003 54.718052 0.000000
8962 53.537884 59.378738 60.098846 0.000000
8963 56.578327 59.038692 57.578476 0.000000
8964 59.528763 58.618626 54.988094 0.000000
8968 22.563322 47.827042 84.892494 0.000000
8969 26.233864 48.317112 83.542305 0.000000
8970 29.864395 48.727169 82.082085 0.000000
8971 31.364618 42.456245 84.952499 0.000000
8972 32.454777 45.796738 82.782188 0.000000
8973 33.484928 49.057220 80.471848 0.000000
8974 37.015446 49.297256 78.761597 0.000000
8975 40.495964 49.467281 76.921326 0.000000
8976 43.906464 49.547295 74.971031 0.000000
8978 42.396240 33.354908 84.222397 0.000000
8979 43.536407 36.725403 82.212105 0.000000
8980 49.557293 33.444923 80.181801 0.000000
8981 47.126938 36.795418 80.181801 0.000000
8982 44.626572 40.065895 80.041779 0.000000
8983 45.626717 43.306374 77.761444 0.000000
8984 46.556854 46.466839 75.341095 0.000000
8985 47.416981 49.547295 72.800720 0.000000
8986 50.687462 49.467281 70.620399 0.000000
8987 53.887932 49.297256 68.330055 0.000000
8988 56.998386 49.057220 65.939705 0.000000
9055 70.330353 70.770416 7.031035 0.000000
9133 5.680836 99.794685 -3.510517 0.000000
9134 7.441095 99.494644 -7.021034 0.000000
9135 9.181351 99.034576 -10.511547 0.000000
9136 15.302252 98.584511 -7.031035 0.000000
9137 13.131933 98.584511 -10.541552 0.000000
9138 10.941610 98.414490 -14.032066 0.000000
