#!ascii label, from subject  
614
1 27.644068 -85.082527 44.726585 0.000000
18 -26.293869 -80.911911 52.577736 0.000000
67 -51.287548 -69.390213 50.577446 0.000000
68 -44.726585 -85.082527 27.644068 0.000000
72 50.147381 -70.210342 50.577446 0.000000
102 0.700103 -86.282700 50.577446 0.000000
134 -13.822034 -95.124001 27.644068 0.000000
157 36.185326 -58.788658 -72.370651 0.000000
158 13.822034 -42.536259 -89.453171 0.000000
187 -62.419193 -61.569061 48.117085 0.000000
192 39.265778 -78.391533 48.117085 0.000000
292 -12.921903 -84.402420 52.077667 0.000000
293 -6.630976 -91.633484 39.515816 0.000000
294 -20.302988 -89.113113 40.615978 0.000000
308 85.102524 -34.625095 39.515816 0.000000
309 78.481552 -46.846897 40.615978 0.000000
346 39.165764 -75.881172 -52.077667 0.000000
347 44.186504 -64.749535 -62.109142 0.000000
348 31.624655 -70.720406 -63.259312 0.000000
352 2.720401 -34.625095 -93.793808 0.000000
409 -39.165764 -75.881172 52.077667 0.000000
410 -35.955292 -84.032372 40.615978 0.000000
411 -48.497135 -78.031494 39.515816 0.000000
418 60.058842 -60.688934 52.077667 0.000000
419 68.810135 -60.158852 40.615978 0.000000
473 25.473751 -78.391533 56.638336 0.000000
474 14.312106 -86.502731 48.117085 0.000000
477 -15.982352 -75.801163 63.259312 0.000000
480 -31.624655 -70.720406 63.259312 0.000000
481 -44.186504 -64.749535 62.109142 0.000000
492 36.955441 -71.140480 59.798801 0.000000
560 7.631124 -92.443611 37.395504 0.000000
561 0.280041 -96.654228 25.713783 0.000000
562 -7.001030 -98.784538 13.992060 0.000000
563 -29.664368 -91.313438 28.014122 0.000000
564 -22.663336 -96.404190 14.012063 0.000000
573 35.955292 -84.032372 -40.615978 0.000000
628 21.013094 -64.669525 -73.340790 0.000000
629 25.343731 -51.347557 -82.002068 0.000000
669 32.214745 -85.992653 39.615833 0.000000
671 24.483604 -88.513031 39.615833 0.000000
672 33.534935 -81.932060 46.536850 0.000000
673 38.075603 -82.722176 41.356091 0.000000
772 -19.652893 -82.852203 52.457722 0.000000
773 -16.652451 -86.982803 46.466839 0.000000
774 -23.373442 -85.272545 46.736877 0.000000
788 77.581421 -42.716286 46.466839 0.000000
789 73.880867 -48.577148 46.736877 0.000000
827 35.485222 -73.490814 -57.818512 0.000000
922 -45.326672 -72.810715 51.447575 0.000000
923 -43.966473 -77.191360 45.936764 0.000000
924 -50.017365 -73.900879 45.166649 0.000000
937 55.238129 -65.609657 51.447575 0.000000
938 59.828812 -65.669670 45.936764 0.000000
939 54.828072 -70.410370 45.166649 0.000000
1038 18.742758 -79.031631 58.358593 0.000000
1053 -37.995594 -67.899994 62.839252 0.000000
1054 -40.285931 -61.929115 67.409927 0.000000
1080 31.294607 -74.951035 58.358593 0.000000
1237 7.521107 -86.602745 49.467281 0.000000
1238 11.001619 -89.693207 42.856308 0.000000
1239 4.180615 -89.653198 44.136497 0.000000
1240 -10.251509 -93.613777 33.664955 0.000000
1241 -3.190470 -94.453903 32.724819 0.000000
1242 -6.790999 -96.134155 26.743937 0.000000
1243 -3.370496 -97.954414 19.902929 0.000000
1244 -10.441538 -97.254311 20.883076 0.000000
1245 -40.465958 -84.812477 34.235039 0.000000
1246 -32.914845 -87.942947 34.425064 0.000000
1247 -37.325493 -88.493027 27.924109 0.000000
1265 42.326229 -81.231956 -40.165913 0.000000
1285 85.872643 -38.675694 33.664955 0.000000
1399 40.285931 -61.929115 -67.409927 0.000000
1407 11.791736 -49.647308 -86.012665 0.000000
1408 17.572586 -54.067959 -82.282120 0.000000
1409 19.642891 -47.096931 -86.012665 0.000000
1413 16.032360 -36.165325 -91.863518 0.000000
1415 4.830711 -28.034126 -95.884117 0.000000
1416 -0.760112 -23.723494 -97.154297 0.000000
1489 -56.988392 -65.639656 49.467281 0.000000
1490 -56.078255 -70.070320 44.136497 0.000000
1498 44.816597 -74.480965 49.467281 0.000000
1499 49.317257 -74.991043 44.136497 0.000000
1500 43.826450 -79.031631 42.856308 0.000000
1678 -6.120901 -85.542587 51.447575 0.000000
1679 -2.970437 -89.183136 45.166649 0.000000
1680 -9.801443 -88.292999 45.936764 0.000000
1681 -13.501988 -90.593338 40.165913 0.000000
1682 -17.112520 -92.403603 34.235039 0.000000
1683 -48.717171 -84.812477 20.883076 0.000000
1684 -41.666134 -88.493027 20.893076 0.000000
1700 10.441538 -97.254311 -20.883076 0.000000
1707 80.941917 -36.605389 45.936764 0.000000
1708 81.992073 -40.836014 40.165913 0.000000
1709 82.592163 -44.836601 34.235039 0.000000
1776 41.806156 -70.530388 -57.278435 0.000000
1777 37.995594 -67.899994 -62.839252 0.000000
1778 34.015007 -64.949562 -68.020012 0.000000
1784 8.291221 -38.675694 -91.863518 0.000000
1915 -32.804829 -78.581566 52.457722 0.000000
1916 -31.214594 -82.722176 46.736877 0.000000
1917 -37.655544 -80.161804 46.466839 0.000000
1918 -42.326229 -81.231956 40.165913 0.000000
1919 -46.736877 -81.762039 33.664955 0.000000
1922 -51.007507 -81.762039 26.743937 0.000000
1936 64.599510 -55.478168 52.457722 0.000000
1937 69.030159 -55.258133 46.736877 0.000000
1938 64.599510 -60.578918 46.466839 0.000000
1939 64.169449 -65.359619 40.165913 0.000000
2041 -69.700264 -50.637451 50.807484 0.000000
2069 26.623920 -81.932060 50.807484 0.000000
2070 21.023094 -85.992653 46.536850 0.000000
2071 19.952936 -82.722176 52.547733 0.000000
2072 13.141934 -83.092232 54.087959 0.000000
2073 6.330932 -83.052223 55.368153 0.000000
2076 -0.810119 -82.532150 56.488319 0.000000
2077 -7.641125 -81.632019 57.278435 0.000000
2078 -14.492133 -80.311821 57.818512 0.000000
2079 -21.203119 -78.601570 58.098553 0.000000
2087 -23.883516 -73.510818 63.469341 0.000000
2088 -29.044275 -76.051193 58.098553 0.000000
2089 -35.485222 -73.490814 57.818512 0.000000
2090 -41.806156 -70.530388 57.278435 0.000000
2091 -47.857048 -67.239891 56.488319 0.000000
2093 -50.347416 -61.098995 61.118996 0.000000
2094 -53.937943 -63.469341 55.368153 0.000000
2095 -59.478752 -59.498760 54.087959 0.000000
2118 54.167973 -61.559055 57.278435 0.000000
2119 49.157234 -66.289757 56.488319 0.000000
2121 42.556263 -66.759827 61.118996 0.000000
2122 43.696430 -70.910439 55.368153 0.000000
2123 38.205624 -74.951035 54.087959 0.000000
2124 32.474781 -78.651581 52.547733 0.000000
2318 17.822622 -89.303146 41.356091 0.000000
2319 14.452127 -92.203568 35.945290 0.000000
2321 0.510075 -92.283585 38.555679 0.000000
2322 3.970585 -94.793953 31.634657 0.000000
2326 -3.510517 -99.704681 7.021034 0.000000
2327 -28.224155 -86.862785 40.745998 0.000000
2328 -25.063690 -90.493324 34.425064 0.000000
2329 -21.813210 -93.523766 27.924109 0.000000
2330 -34.115021 -91.623489 21.083103 0.000000
2331 -26.253862 -94.173866 21.083103 0.000000
2332 -18.302694 -96.084145 20.893076 0.000000
2333 -14.882191 -97.904411 14.042068 0.000000
2334 -11.361672 -99.114586 7.021034 0.000000
2353 43.966473 -77.191360 -45.936764 0.000000
2354 37.655544 -80.161804 -46.466839 0.000000
2376 87.922943 -28.034126 38.555679 0.000000
2382 73.890877 -53.687908 40.745998 0.000000
2383 78.321526 -51.807625 34.425064 0.000000
2519 26.403887 -67.909996 -68.520088 0.000000
2520 28.694225 -61.929115 -73.100754 0.000000
2522 23.253424 -58.208569 -77.941475 0.000000
2523 30.864544 -55.248131 -77.441399 0.000000
2530 10.471541 -32.214745 -94.103859 0.000000
2531 12.571850 -25.523758 -95.884117 0.000000
2589 29.944408 -85.592590 42.196209 0.000000
2590 28.374176 -87.322853 39.645836 0.000000
2591 26.083839 -86.842789 42.196209 0.000000
2592 30.604504 -83.552299 45.656719 0.000000
2593 32.904846 -84.032372 43.106342 0.000000
2692 -22.983383 -81.932060 52.547733 0.000000
2693 -21.523169 -84.122383 49.627304 0.000000
2694 -24.853659 -83.162247 49.697315 0.000000
2702 3.930578 -99.934708 0.000000 0.000000
2703 5.680836 -99.794685 -3.510517 0.000000
2709 71.410515 -49.327259 49.697315 0.000000
2842 -48.337116 -71.140480 51.047516 0.000000
2843 -47.717026 -73.410805 48.347118 0.000000
2844 -50.687462 -71.690552 47.907055 0.000000
2857 52.717762 -67.950005 51.047516 0.000000
2858 55.078106 -68.060013 48.347118 0.000000
2859 52.517731 -70.360359 47.907055 0.000000
2973 -37.175472 -63.479347 67.759972 0.000000
3157 4.120606 -86.492729 50.047367 0.000000
3158 5.860863 -88.182976 46.826893 0.000000
3159 2.440359 -88.042961 47.396976 0.000000
3160 -12.041773 -94.433899 30.674513 0.000000
3161 -8.531256 -94.953979 30.234451 0.000000
3162 -10.311519 -95.684090 27.214006 0.000000
3163 -8.621269 -96.754242 23.833508 0.000000
3164 -12.141787 -96.264168 24.283573 0.000000
3165 -42.626274 -85.012512 30.964558 0.000000
3166 -38.925732 -86.722763 31.104578 0.000000
3167 -41.056042 -86.852783 27.804092 0.000000
3205 86.082672 -40.635983 30.674513 0.000000
3319 38.265636 -60.398895 -69.940292 0.000000
3327 12.811886 -46.136787 -87.812927 0.000000
3328 15.732315 -48.417126 -86.092674 0.000000
3329 16.752466 -44.856606 -87.812927 0.000000
3330 20.463013 -43.576416 -87.662903 0.000000
3331 17.542583 -41.296082 -89.383163 0.000000
3332 18.642744 -38.095608 -90.573334 0.000000
3333 14.932198 -39.375793 -90.713348 0.000000
3335 -1.820268 -27.073986 -96.264168 0.000000
3442 -59.738792 -63.639370 48.817184 0.000000
3443 -59.348736 -65.919701 46.196800 0.000000
3457 42.066193 -76.481262 48.817184 0.000000
3458 44.356533 -76.821312 46.196800 0.000000
3459 41.566120 -78.761597 45.516697 0.000000
3757 -9.521402 -85.022507 51.797626 0.000000
3758 -7.971174 -86.972801 48.727169 0.000000
3759 -11.371674 -86.412720 49.047218 0.000000
3760 -18.492722 -88.102974 43.566414 0.000000
3761 -15.092222 -88.863083 43.346382 0.000000
3762 -16.912489 -89.913239 40.415951 0.000000
3763 -15.322255 -91.553474 37.225479 0.000000
3764 -18.722755 -90.823364 37.455513 0.000000
3790 9.181351 -99.034576 -10.511547 0.000000
3792 10.941610 -98.414490 -14.032066 0.000000
3793 12.671865 -97.654373 -17.482573 0.000000
3794 8.721284 -98.094437 -17.452570 0.000000
3805 78.081497 -44.816597 43.566414 0.000000
3806 79.851753 -41.806156 43.346382 0.000000
3807 80.281815 -43.866459 40.415951 0.000000
3808 82.342125 -42.856308 37.225479 0.000000
3809 80.591866 -45.876751 37.455513 0.000000
3916 42.266220 -74.390945 -51.797626 0.000000
3918 40.515961 -73.260780 -54.718052 0.000000
3919 33.574944 -72.150620 -60.578918 0.000000
3920 36.775414 -70.750420 -60.378887 0.000000
3921 34.835129 -69.350212 -63.079285 0.000000
3922 36.025303 -66.469780 -65.469635 0.000000
3923 32.844833 -67.889992 -65.689667 0.000000
4207 -36.005299 -77.271378 52.297695 0.000000
4208 -35.255188 -79.431694 49.497284 0.000000
4209 -38.435658 -78.071487 49.307259 0.000000
4210 -46.266808 -77.671440 42.766293 0.000000
4211 -43.176353 -79.261665 43.076340 0.000000
4212 -45.446690 -79.681725 39.865868 0.000000
4213 -44.566563 -81.562012 36.945438 0.000000
4214 -47.647015 -79.951767 36.615391 0.000000
4223 -52.977795 -81.562012 23.343437 0.000000
4252 62.369183 -58.118557 52.297695 0.000000
4253 64.649513 -58.078548 49.497284 0.000000
4254 62.369183 -60.678932 49.307259 0.000000
4255 59.578773 -68.010010 42.766293 0.000000
4256 62.039131 -65.559654 43.076340 0.000000
4260 48.777176 -77.191360 40.796005 0.000000
4261 51.607594 -75.021042 41.376095 0.000000
4547 26.063837 -80.211807 53.757915 0.000000
4548 23.303429 -82.382126 51.707611 0.000000
4549 22.733345 -80.621872 54.638042 0.000000
4551 15.952349 -81.131943 56.268284 0.000000
4552 12.531845 -81.231956 56.978390 0.000000
4553 9.741434 -83.122238 54.758060 0.000000
4554 9.131344 -81.231956 57.628487 0.000000
4561 2.000294 -80.841904 58.848663 0.000000
4562 -1.560230 -80.491844 59.338734 0.000000
4563 -4.220621 -82.132095 56.918381 0.000000
4564 -4.980733 -80.061783 59.738792 0.000000
4565 -12.581852 -76.581276 63.079285 0.000000
4566 -11.841743 -78.851601 60.378887 0.000000
4567 -15.242244 -78.111496 60.578918 0.000000
4568 -17.852629 -79.501701 57.988537 0.000000
4569 -18.602739 -77.261375 60.718937 0.000000
4588 -29.034275 -69.370209 65.939705 0.000000
4590 -27.784088 -72.180626 63.419338 0.000000
4591 -26.483900 -74.841019 60.828953 0.000000
4592 -30.364470 -73.440811 60.718937 0.000000
4593 -32.284756 -74.811012 57.988537 0.000000
4594 -33.574944 -72.150620 60.578918 0.000000
4595 -41.116055 -66.369774 62.509201 0.000000
4596 -39.925877 -69.260193 60.098846 0.000000
4597 -43.026333 -67.699966 59.738792 0.000000
4598 -44.856606 -68.930145 56.918381 0.000000
4599 -46.046776 -66.039719 59.338734 0.000000
4606 -52.167679 -62.329174 58.278580 0.000000
4608 -56.738354 -61.519058 54.758060 0.000000
4664 51.087521 -61.839104 59.738792 0.000000
4665 51.697609 -63.959415 56.918381 0.000000
4666 48.577148 -64.209457 59.338734 0.000000
4672 39.785854 -68.990158 60.498909 0.000000
4673 43.156349 -68.880142 58.278580 0.000000
4674 40.355938 -71.080460 57.628487 0.000000
4675 40.976032 -72.970741 54.758060 0.000000
4676 37.605534 -73.090752 56.978390 0.000000
4677 28.404182 -76.721291 57.538467 0.000000
4678 31.904697 -76.851318 55.488163 0.000000
4679 28.994268 -78.591568 54.638042 0.000000
4680 29.564352 -80.341827 51.707611 0.000000
5152 17.682604 -86.302704 47.346970 0.000000
5153 19.432861 -87.702911 43.966473 0.000000
5154 16.082367 -87.982956 44.766590 0.000000
5155 9.321372 -91.123413 40.155910 0.000000
5156 12.741876 -91.023392 39.435806 0.000000
5157 11.051627 -92.383591 36.695400 0.000000
5158 12.751877 -93.473755 33.204884 0.000000
5159 9.341375 -93.613777 33.934994 0.000000
5160 -4.800707 -90.473320 42.366238 0.000000
5161 -1.230181 -90.813370 41.896168 0.000000
5162 -3.060451 -92.023544 39.065750 0.000000
5163 -1.460215 -95.634079 29.234303 0.000000
5164 0.390057 -94.683937 32.204742 0.000000
5165 2.120312 -95.784103 28.694225 0.000000
5170 -5.190764 -98.434486 16.952494 0.000000
5172 -3.440506 -99.044579 13.451980 0.000000
5173 -1.690249 -99.504646 9.961467 0.000000
5174 -5.260775 -99.324615 10.511547 0.000000
5175 -33.614948 -83.442284 43.706436 0.000000
5176 -29.744379 -84.862488 43.776443 0.000000
5177 -32.114727 -85.522583 40.715992 0.000000
5178 -31.314611 -89.703209 31.244600 0.000000
5179 -29.014271 -89.303146 34.455074 0.000000
5180 -27.394032 -90.973389 31.244600 0.000000
5181 -23.463453 -92.083557 31.194590 0.000000
5182 -25.763792 -92.493614 27.994122 0.000000
5184 -37.925583 -90.133270 21.003092 0.000000
5186 -26.653923 -95.364037 14.042068 0.000000
5187 -28.454189 -94.253876 17.582588 0.000000
5188 -24.483604 -95.364037 17.562586 0.000000
5189 -22.303284 -95.204018 21.003092 0.000000
5190 -20.503017 -96.324181 17.462572 0.000000
5191 -16.602442 -97.064293 17.482573 0.000000
5192 -18.782766 -97.224312 14.042068 0.000000
5194 -15.302252 -98.584511 7.031035 0.000000
5235 47.026924 -75.591125 -45.576710 0.000000
5236 46.266808 -77.671440 -42.766293 0.000000
5237 39.165764 -82.682167 -40.415951 0.000000
5238 40.025894 -80.761887 -43.346382 0.000000
5239 36.825420 -82.152092 -43.566414 0.000000
5295 84.562454 -32.524788 42.366238 0.000000
5296 85.982658 -29.234303 41.896168 0.000000
5297 86.572739 -31.344614 39.065750 0.000000
5310 68.970154 -57.748501 43.706436 0.000000
5311 71.520531 -54.508022 43.776443 0.000000
5312 71.410515 -56.968384 40.715992 0.000000
5654 23.723494 -66.339760 -70.990456 0.000000
5655 27.574059 -64.969574 -70.860435 0.000000
5656 24.873661 -63.349331 -73.280785 0.000000
5660 21.473160 -52.757763 -82.212105 0.000000
5661 20.433008 -56.188271 -80.181801 0.000000
5662 24.313578 -54.818066 -80.041779 0.000000
5663 27.083986 -56.778362 -77.761444 0.000000
5664 28.124140 -53.337849 -79.791748 0.000000
5679 5.510811 -36.675396 -92.883667 0.000000
5680 9.381381 -35.475224 -93.043694 0.000000
5681 6.600972 -33.444923 -94.023842 0.000000
5682 5.880866 -24.683634 -96.744247 0.000000
5683 8.711283 -26.803947 -95.964134 0.000000
5684 9.751435 -23.433451 -96.744247 0.000000
5809 -65.029579 -59.428749 47.346970 0.000000
5817 22.863365 -90.063263 36.985443 0.000000
5818 36.425362 -80.211807 47.346970 0.000000
5819 38.705700 -80.621872 44.766590 0.000000
5820 35.825272 -82.382126 43.966473 0.000000
5821 35.165176 -84.412430 40.505962 0.000000
5998 -16.292398 -83.682327 52.297695 0.000000
5999 -14.792177 -85.752625 49.307259 0.000000
6000 -18.162674 -84.982513 49.497284 0.000000
6001 -20.022947 -86.182686 46.626862 0.000000
6002 -21.853218 -87.262848 43.706436 0.000000
6019 7.441095 -99.494644 -7.021034 0.000000
6028 75.781158 -45.676723 46.626862 0.000000
6029 76.241226 -47.747028 43.706436 0.000000
6094 36.005299 -77.271378 -52.297695 0.000000
6095 37.345497 -74.731003 -54.988094 0.000000
6268 -42.266220 -74.390945 51.797626 0.000000
6269 -41.596123 -76.591278 49.047218 0.000000
6270 -44.676579 -75.051048 48.727169 0.000000
6271 -47.026924 -75.591125 45.576710 0.000000
6272 -49.297256 -76.011192 42.366238 0.000000
6295 57.678490 -63.189301 51.797626 0.000000
6296 59.988831 -63.229309 49.047218 0.000000
6297 57.568474 -65.679665 48.727169 0.000000
6298 57.358440 -68.080025 45.576710 0.000000
6299 57.058403 -70.370361 42.366238 0.000000
6474 22.123257 -78.761597 57.538467 0.000000
6500 -32.844833 -67.889992 65.689667 0.000000
6501 -34.835129 -69.350212 63.079285 0.000000
6502 -36.025303 -66.469780 65.469635 0.000000
6503 -39.175766 -64.969574 65.179596 0.000000
6504 -42.266220 -63.379333 64.799538 0.000000
6550 34.145027 -73.090752 59.118698 0.000000
6835 10.921608 -86.602745 48.817184 0.000000
6836 12.661863 -88.152977 45.516697 0.000000
6837 9.271364 -88.222984 46.196800 0.000000
6838 7.591117 -89.723206 43.526409 0.000000
6839 5.910870 -91.123413 40.796005 0.000000
6840 -8.441242 -92.683640 36.615391 0.000000
6841 -4.910723 -93.123711 36.145321 0.000000
6842 -6.720989 -94.093849 33.214890 0.000000
6843 -4.990735 -95.354042 29.754381 0.000000
6844 -3.260480 -96.454201 26.243862 0.000000
6845 -1.550228 -97.364334 22.823359 0.000000
6846 -5.080748 -97.124298 23.343437 0.000000
6847 -6.911017 -97.664368 20.403004 0.000000
6848 -8.721284 -98.094437 17.452570 0.000000
6849 -38.235626 -84.492432 37.455513 0.000000
6850 -34.455074 -86.052666 37.545528 0.000000
6851 -36.715405 -86.452728 34.355057 0.000000
6852 -35.145172 -88.282997 31.194590 0.000000
6853 -33.524937 -89.973251 27.994122 0.000000
6859 -20.953085 -97.224312 10.521549 0.000000
6921 85.542587 -36.675396 36.615391 0.000000
6922 87.052818 -33.444923 36.145321 0.000000
6923 87.412872 -35.475224 33.214890 0.000000
7125 42.266220 -63.379333 -64.799538 0.000000
7140 13.632007 -55.298141 -82.212105 0.000000
7141 14.692163 -51.907639 -84.222397 0.000000
7142 18.622740 -50.627457 -84.222397 0.000000
7143 22.513313 -49.267250 -84.082375 0.000000
7152 -0.080012 -32.524788 -94.573921 0.000000
7153 3.780556 -31.344614 -94.903969 0.000000
7154 0.980144 -29.234303 -95.644081 0.000000
7155 2.030299 -25.893810 -96.584213 0.000000
7156 3.080453 -22.533318 -97.394333 0.000000
7158 0.280041 -20.503017 -97.894409 0.000000
7315 -54.167973 -67.549942 50.047367 0.000000
7316 -53.727905 -69.790276 47.396976 0.000000
7317 -56.568325 -67.899994 46.826893 0.000000
7336 47.506992 -72.390656 50.047367 0.000000
7337 49.767323 -72.660690 47.396976 0.000000
7338 47.096931 -74.781006 46.826893 0.000000
7339 46.596859 -77.051346 43.526409 0.000000
7341 40.976032 -80.921906 42.136204 0.000000
7756 -2.710399 -85.962654 51.047516 0.000000
7757 -1.130166 -87.792923 47.907055 0.000000
7758 -4.550670 -87.432869 48.347118 0.000000
7759 -6.390941 -88.793068 45.576710 0.000000
7760 -8.221210 -90.033257 42.766293 0.000000
7761 -13.231948 -87.692909 46.226803 0.000000
7762 -11.661716 -89.503181 43.076340 0.000000
7763 -10.071483 -91.173416 39.865868 0.000000
7764 -11.881749 -92.183571 36.945438 0.000000
7765 -13.692015 -93.063698 33.975002 0.000000
7766 -15.482279 -93.833809 30.964558 0.000000
7767 -46.756882 -85.012512 24.283573 0.000000
7768 -43.236362 -86.852783 24.293575 0.000000
7769 -45.226658 -86.722763 20.903078 0.000000
7807 14.382117 -96.744247 -20.903078 0.000000
7823 83.092232 -35.645245 42.766293 0.000000
7824 79.311668 -39.685841 46.226803 0.000000
7825 81.522003 -38.745705 43.076340 0.000000
7826 83.602310 -37.745560 39.865868 0.000000
7827 83.992371 -39.785854 36.945438 0.000000
7828 84.282410 -41.786152 33.975002 0.000000
7829 84.452431 -43.716434 30.964558 0.000000
7982 43.026333 -67.699966 -59.738792 0.000000
7983 38.665691 -72.060608 -57.578476 0.000000
7984 39.925877 -69.260193 -60.098846 0.000000
7985 41.116055 -66.369774 -62.509201 0.000000
7986 39.175766 -64.969574 -65.179596 0.000000
7987 37.175472 -63.479347 -67.759972 0.000000
7988 35.125172 -61.919109 -70.250343 0.000000
7999 10.081484 -43.716434 -89.383163 0.000000
8000 11.061628 -40.635983 -90.713348 0.000000
8353 -29.564352 -79.791748 52.547733 0.000000
8354 -28.774237 -81.882057 49.697315 0.000000
8355 -32.034718 -80.711876 49.627304 0.000000
8356 -34.455074 -81.491997 46.626862 0.000000
8357 -36.825420 -82.152092 43.566414 0.000000
8358 -40.836014 -78.731590 46.226803 0.000000
8359 -40.025894 -80.761887 43.346382 0.000000
8360 -39.165764 -82.682167 40.415951 0.000000
8361 -41.426102 -83.072235 37.225479 0.000000
8362 -43.626419 -83.342270 33.975002 0.000000
8363 -45.756737 -83.472290 30.674513 0.000000
8364 -53.087814 -72.030602 44.676579 0.000000
8365 -52.377708 -74.190918 41.896168 0.000000
8366 -51.607594 -76.241226 39.065750 0.000000
8369 -50.767475 -78.221512 36.145321 0.000000
8370 -49.867340 -80.081787 33.214890 0.000000
8371 -48.917202 -81.832047 30.234451 0.000000
8372 -47.897049 -83.472290 27.214006 0.000000
8373 -49.897343 -83.342270 23.833508 0.000000
8409 1.820268 -99.954720 2.940433 0.000000
8411 68.980156 -52.667751 49.697315 0.000000
8412 66.859840 -55.408157 49.627304 0.000000
8413 66.859840 -57.948528 46.626862 0.000000
8414 66.749825 -60.408890 43.566414 0.000000
8415 62.259163 -63.169304 46.226803 0.000000
8416 64.439484 -63.019279 43.346382 0.000000
8417 66.529793 -62.799244 40.415951 0.000000
8421 52.107674 -72.750710 44.676579 0.000000
8422 54.378002 -72.740700 41.896168 0.000000
8777 27.143997 -83.552299 47.797035 0.000000
8778 24.353584 -85.592590 45.656719 0.000000
8779 23.843510 -84.032372 48.707169 0.000000
8780 20.503017 -84.412430 49.567295 0.000000
8781 17.152525 -84.682465 50.377419 0.000000
8782 19.362850 -80.921906 55.488163 0.000000
8783 16.562437 -82.962219 53.347855 0.000000
8784 13.732021 -84.852486 51.137527 0.000000
8785 10.341522 -84.912491 51.817631 0.000000
8786 6.931021 -84.872498 52.447720 0.000000
8787 3.520518 -84.732475 53.017803 0.000000
8794 5.570820 -81.091942 58.278580 0.000000
8795 2.760406 -82.842194 55.968239 0.000000
8796 -0.050007 -84.462433 53.567886 0.000000
8797 -3.470511 -84.102386 54.017948 0.000000
8798 -6.881013 -83.642319 54.398006 0.000000
8799 -10.281513 -83.082230 54.718052 0.000000
8800 -8.411238 -79.501701 60.098846 0.000000
8801 -11.071630 -81.021927 57.578476 0.000000
8802 -13.712018 -82.412132 54.988094 0.000000
8803 -17.082514 -81.652016 55.178120 0.000000
8804 -20.443010 -80.781891 55.308136 0.000000
8805 -23.763498 -79.821747 55.378147 0.000000
8829 -19.952936 -74.721001 63.419338 0.000000
8830 -22.563322 -76.111198 60.828953 0.000000
8831 -25.143700 -77.391396 58.148560 0.000000
8832 -27.694075 -78.541557 55.378147 0.000000
8833 -30.944553 -77.371391 55.308136 0.000000
8834 -34.175030 -76.091202 55.178120 0.000000
8835 -37.345497 -74.731003 54.988094 0.000000
8836 -36.775414 -70.750420 60.378887 0.000000
8837 -38.665691 -72.060608 57.578476 0.000000
8838 -40.515961 -73.260780 54.718052 0.000000
8839 -43.596416 -71.720558 54.398006 0.000000
8840 -46.626862 -70.080315 54.017948 0.000000
8841 -49.597301 -68.360062 53.567886 0.000000
8844 -45.366680 -61.619072 64.409485 0.000000
8847 -47.296963 -62.969269 61.649075 0.000000
8848 -49.137230 -64.219452 58.848663 0.000000
8849 -50.927494 -65.399628 55.968239 0.000000
8850 -52.647755 -66.479782 53.017803 0.000000
8851 -55.498169 -64.589508 52.447720 0.000000
8852 -58.278580 -62.619217 51.817631 0.000000
8853 -60.988976 -60.568916 51.137527 0.000000
8856 -63.649368 -58.428604 50.377419 0.000000
8857 -66.199738 -56.238281 49.567295 0.000000
8858 -68.680107 -53.967949 48.707169 0.000000
8916 61.809093 -56.018250 55.178120 0.000000
8917 59.528763 -58.618626 54.988094 0.000000
8919 56.578327 -59.038692 57.578476 0.000000
8920 57.158417 -61.169003 54.718052 0.000000
8921 54.738056 -63.619366 54.398006 0.000000
8922 52.237690 -65.999710 54.017948 0.000000
8923 49.687313 -68.300056 53.567886 0.000000
8930 45.896755 -66.579803 58.848663 0.000000
8931 46.456841 -68.650108 55.968239 0.000000
8932 46.956913 -70.620399 53.017803 0.000000
8933 44.276520 -72.740700 52.447720 0.000000
8934 41.546116 -74.781006 51.817631 0.000000
8935 38.765709 -76.721291 51.137527 0.000000
8936 34.775120 -75.011040 56.268284 0.000000
8937 35.365208 -76.851318 53.347855 0.000000
8938 35.905289 -78.591568 50.377419 0.000000
8939 33.024860 -80.341827 49.567295 0.000000
8940 30.104431 -82.002068 48.707169 0.000000
9512 22.773354 -87.322853 43.106342 0.000000
9513 21.163115 -88.963097 40.505962 0.000000
9514 19.532875 -90.483322 37.865574 0.000000
9515 14.422123 -89.553185 42.136204 0.000000
9516 16.152380 -90.813370 38.675694 0.000000
9517 17.842627 -91.913528 35.155178 0.000000
9521 0.610090 -89.483170 44.676579 0.000000
9522 2.350346 -91.023392 41.376095 0.000000
9523 4.070600 -92.423599 38.005596 0.000000
9524 -1.340197 -93.433754 35.665249 0.000000
9525 2.240330 -93.613777 35.125172 0.000000
9526 5.800854 -93.683792 34.545086 0.000000
9527 7.511106 -94.773956 31.054571 0.000000
9537 0.060009 -99.804695 6.450949 0.000000
9538 -1.760259 -99.934708 3.510517 0.000000
9539 -27.314020 -84.072372 46.776886 0.000000
9540 -25.813799 -86.142677 43.776443 0.000000
9541 -24.283573 -88.062965 40.715992 0.000000
9542 -30.594503 -87.472878 37.615540 0.000000
9543 -26.663927 -88.753059 37.615540 0.000000
9544 -22.703342 -89.873230 37.545528 0.000000
9545 -21.113108 -91.523468 34.355057 0.000000
9546 -19.482868 -93.033691 31.104578 0.000000
9547 -17.832624 -94.403893 27.804092 0.000000
9548 -39.525818 -88.563042 24.433596 0.000000
9549 -35.745262 -90.133270 24.523609 0.000000
9550 -31.914698 -91.543472 24.573616 0.000000
9551 -32.384769 -92.973686 17.582588 0.000000
9552 -30.214449 -92.973686 21.103107 0.000000
9553 -27.984119 -92.823662 24.573616 0.000000
9554 -24.053541 -93.933823 24.523609 0.000000
9555 -20.082956 -94.883972 24.433596 0.000000
9556 -16.072365 -95.684090 24.293575 0.000000
9557 -14.382117 -96.744247 20.903078 0.000000
9558 -12.671865 -97.654373 17.482573 0.000000
9559 -10.941610 -98.414490 14.032066 0.000000
9560 -17.062511 -97.984428 10.541552 0.000000
9561 -13.131933 -98.584511 10.541552 0.000000
9562 -9.181351 -99.034576 10.511547 0.000000
9563 -7.441095 -99.494644 7.021034 0.000000
9614 44.676579 -75.051048 -48.727169 0.000000
9615 41.596123 -76.591278 -49.047218 0.000000
9616 43.176353 -79.261665 -43.076340 0.000000
9617 40.836014 -78.731590 -46.226803 0.000000
9618 38.435658 -78.071487 -49.307259 0.000000
9644 30.594503 -87.472878 -37.615540 0.000000
9645 32.114727 -85.522583 -40.715992 0.000000
9685 87.292847 -25.893810 41.376095 0.000000
9687 88.443016 -30.144438 35.665249 0.000000
9702 71.520531 -51.957649 46.776886 0.000000
9703 73.940887 -51.167534 43.776443 0.000000
9704 76.251221 -50.307407 40.715992 0.000000
9705 73.740852 -56.128265 37.615540 0.000000
9706 76.171219 -52.787773 37.615540 0.000000
9707 78.461548 -49.367268 37.545528 0.000000
9708 80.521858 -48.357117 34.355057 0.000000
9709 82.462143 -47.276958 31.104578 0.000000
10113 29.034275 -69.370209 -65.939705 0.000000
10114 30.234451 -66.489784 -68.330055 0.000000
10115 31.374617 -63.489349 -70.620399 0.000000
10116 32.464783 -60.408890 -72.800720 0.000000
10120 16.502430 -57.468460 -80.181801 0.000000
10121 19.342848 -59.528763 -78.001480 0.000000
10122 22.153261 -61.489048 -75.711151 0.000000
10123 25.993826 -60.118855 -75.581123 0.000000
10124 29.804388 -58.638634 -75.341095 0.000000
10125 33.554939 -57.068398 -74.971031 0.000000
10144 12.171792 -37.455513 -91.933533 0.000000
10145 13.251949 -34.215034 -93.043694 0.000000
10146 14.322108 -30.934553 -94.023842 0.000000
10147 7.651126 -30.144438 -95.053993 0.000000
10148 11.531697 -28.884253 -95.053993 0.000000
