#!ascii label, from subject  
1612
0 0.000000 0.000000 100.014725 0.000000
2 89.453171 0.000000 44.726585 0.000000
15 -42.536259 -30.904547 85.082527 0.000000
17 16.252392 -50.007362 85.082527 0.000000
19 52.577736 0.000000 85.082527 0.000000
23 95.124001 30.904547 0.000000 0.000000
36 85.082527 0.000000 -52.577736 0.000000
45 -22.113256 -16.062366 96.204163 0.000000
47 8.441242 -25.993826 96.204163 0.000000
48 -13.822034 -42.536259 89.453171 0.000000
49 27.334024 0.000000 96.204163 0.000000
50 36.185326 -26.293869 89.453171 0.000000
74 95.944122 16.062366 23.253424 0.000000
75 100.014725 0.000000 0.000000 0.000000
97 -59.728790 -43.396389 67.469933 0.000000
99 -67.089867 -16.252392 72.370651 0.000000
100 -67.089867 16.252392 72.370651 0.000000
101 22.813358 -70.210342 67.469933 0.000000
103 -5.280777 -68.830132 72.370651 0.000000
105 73.830864 0.000000 67.469933 0.000000
106 82.272110 -25.993826 50.577446 0.000000
107 63.829395 -26.293869 72.370651 0.000000
108 44.726585 -52.577736 72.370651 0.000000
113 87.062820 43.396389 -23.253424 0.000000
144 81.842049 27.334024 -50.577446 0.000000
145 94.733948 16.252392 -27.644068 0.000000
146 94.733948 -16.252392 -27.644068 0.000000
165 -11.161643 -8.111195 99.054581 0.000000
166 -22.403299 0.000000 97.474350 0.000000
167 4.260627 -13.121931 99.054581 0.000000
168 -6.921019 -21.303135 97.474350 0.000000
169 13.802031 0.000000 99.054581 0.000000
170 18.122667 -13.171938 97.474350 0.000000
194 93.593781 8.111195 34.315052 0.000000
220 -51.627598 -37.505520 77.011337 0.000000
222 -55.498169 -23.873514 79.701729 0.000000
227 19.722902 -60.688934 77.011337 0.000000
228 8.861305 -70.240341 70.640404 0.000000
229 5.550817 -60.158852 79.701729 0.000000
230 -28.534199 -37.175472 88.353012 0.000000
231 -25.343731 -51.347557 82.002068 0.000000
232 -39.855865 -45.406685 79.701729 0.000000
233 -48.457134 -51.617599 70.640404 0.000000
234 63.819397 0.000000 77.011337 0.000000
235 69.540237 -13.281955 70.640404 0.000000
236 58.928677 -13.311960 79.701729 0.000000
237 26.543907 -38.625687 88.353012 0.000000
238 41.006035 -39.965881 82.002068 0.000000
239 30.864544 -51.937645 79.701729 0.000000
240 34.125023 -62.029129 70.640404 0.000000
246 69.540237 13.281955 70.640404 0.000000
314 91.973541 37.505520 -11.731727 0.000000
315 91.833519 30.134436 -25.713783 0.000000
316 96.114151 23.873514 -13.992060 0.000000
318 98.684525 -8.231212 -14.012063 0.000000
320 91.833519 -30.134436 -25.713783 0.000000
354 84.262405 13.802031 -52.077667 0.000000
355 75.231079 22.013241 -62.109142 0.000000
356 77.031342 8.221210 -63.259312 0.000000
367 -32.634804 -23.713491 91.513474 0.000000
368 -44.176506 -15.642302 88.353012 0.000000
369 -33.764969 -8.111195 93.793808 0.000000
371 12.461835 -38.365646 91.513474 0.000000
372 1.230181 -46.846897 88.353012 0.000000
373 -2.720401 -34.625095 93.793808 0.000000
374 -18.152672 -29.604359 93.793808 0.000000
375 40.345940 0.000000 91.513474 0.000000
376 44.936615 -13.311960 88.353012 0.000000
377 32.084724 -13.281955 93.793808 0.000000
378 22.543320 -26.413887 93.793808 0.000000
400 -84.262405 13.802031 52.077667 0.000000
422 96.454201 23.713491 11.731727 0.000000
423 98.784538 15.642302 0.000000 0.000000
424 98.994568 8.111195 11.741728 0.000000
447 84.262405 -13.802031 -52.077667 0.000000
468 -56.658340 -8.231212 82.002068 0.000000
469 -68.000008 0.000000 73.340790 0.000000
470 -77.031342 8.221210 63.259312 0.000000
478 -9.681425 -56.438309 82.002068 0.000000
479 -21.013094 -64.669525 73.340790 0.000000
483 82.432129 0.000000 56.638336 0.000000
484 86.692764 -13.121931 48.117085 0.000000
485 79.081642 -13.171938 59.798801 0.000000
486 73.810860 -26.413887 62.109142 0.000000
487 67.159889 -38.625687 63.259312 0.000000
488 50.677460 -26.643923 82.002068 0.000000
489 55.008099 -39.965881 73.340790 0.000000
490 57.488464 -51.937645 63.259312 0.000000
500 79.081642 13.171938 59.798801 0.000000
501 86.692764 13.121931 48.117085 0.000000
503 80.481850 48.447128 -34.315052 0.000000
511 90.283295 21.303135 37.395504 0.000000
589 85.562592 35.825272 -37.395504 0.000000
590 89.203133 22.013241 -39.515816 0.000000
591 91.023392 8.221210 -40.615978 0.000000
592 98.684525 8.231212 -14.012063 0.000000
593 96.014130 0.000000 -28.014122 0.000000
594 91.023392 -8.221210 -40.615978 0.000000
595 89.203133 -22.013241 -39.515816 0.000000
596 85.562592 -35.825272 -37.395504 0.000000
635 64.069435 30.134436 -70.640404 0.000000
645 -5.590823 -4.060598 99.774689 0.000000
646 -11.201650 0.000000 99.384636 0.000000
647 2.140315 -6.580969 99.774689 0.000000
648 -3.460510 -10.651567 99.384636 0.000000
649 6.911017 0.000000 99.774689 0.000000
650 9.061334 -6.580969 99.384636 0.000000
674 91.743500 4.060598 39.615833 0.000000
676 91.743500 -4.060598 39.615833 0.000000
689 75.291084 -46.576855 -46.536850 0.000000
700 -47.196945 -34.285046 81.241959 0.000000
701 -53.697903 -30.774530 78.561562 0.000000
702 -49.167236 -27.474043 82.642174 0.000000
707 18.022654 -55.478168 81.241959 0.000000
708 12.671865 -60.578918 78.561562 0.000000
709 10.931609 -55.258133 82.642174 0.000000
710 -35.645245 -34.145027 86.982803 0.000000
711 -34.305050 -41.436100 84.312416 0.000000
712 -41.326084 -38.275635 82.642174 0.000000
713 -45.856750 -41.566120 78.561562 0.000000
714 58.338585 0.000000 81.241959 0.000000
715 61.529053 -6.670981 78.561562 0.000000
716 55.928230 -6.670981 82.642174 0.000000
717 21.463158 -44.456543 86.982803 0.000000
718 28.804239 -45.436687 84.312416 0.000000
719 23.633480 -51.127529 82.642174 0.000000
720 25.363733 -56.458309 78.561562 0.000000
725 55.928230 6.670981 82.642174 0.000000
726 61.529053 6.670981 78.561562 0.000000
794 93.763802 34.285046 -5.880866 0.000000
795 94.283882 30.774530 -12.901898 0.000000
796 95.914124 27.474043 -7.021034 0.000000
834 84.872498 6.911017 -52.457722 0.000000
835 80.861900 11.041625 -57.818512 0.000000
836 81.301971 4.120606 -58.098553 0.000000
850 -27.444038 -19.932934 94.083847 0.000000
851 -33.304901 -15.962350 92.943680 0.000000
852 -28.014122 -12.121784 95.244026 0.000000
857 10.481544 -32.254749 94.083847 0.000000
858 4.890720 -36.605389 92.943680 0.000000
859 2.870422 -30.384472 95.244026 0.000000
860 -14.562144 -18.742758 97.154297 0.000000
861 -12.571850 -25.523758 95.884117 0.000000
862 -20.182972 -22.893370 95.244026 0.000000
863 -25.473751 -26.743937 92.943680 0.000000
864 33.914993 0.000000 94.083847 0.000000
865 36.325348 -6.660981 92.943680 0.000000
866 29.784386 -6.660981 95.244026 0.000000
867 13.331964 -19.642891 97.154297 0.000000
868 20.393002 -19.842920 95.884117 0.000000
869 15.532287 -26.273867 95.244026 0.000000
870 17.562586 -32.494785 92.943680 0.000000
907 -83.252258 20.613035 51.447575 0.000000
908 -87.002808 17.962643 45.936764 0.000000
944 96.424194 19.932934 17.532581 0.000000
945 98.024422 15.962350 11.781734 0.000000
946 97.714378 12.121784 17.542583 0.000000
984 83.252258 -20.613035 -51.447575 0.000000
985 80.001778 -17.962643 -57.278435 0.000000
1023 -44.586567 -7.851156 89.183136 0.000000
1024 -50.577446 -11.981764 85.442581 0.000000
1025 -50.867489 -4.130608 86.012665 0.000000
1027 -62.539204 4.130608 77.941475 0.000000
1028 -67.769981 8.151200 73.100754 0.000000
1029 -72.740700 4.130608 68.520088 0.000000
1030 -72.280640 12.271806 68.020012 0.000000
1031 -76.321243 15.152231 62.839252 0.000000
1040 1.790264 -69.710266 71.690552 0.000000
1041 3.280483 -74.540970 66.599800 0.000000
1042 -3.800559 -73.780861 67.409927 0.000000
1045 -6.320930 -44.836601 89.183136 0.000000
1046 -4.240624 -51.807625 85.442581 0.000000
1047 -11.791736 -49.647308 86.012665 0.000000
1048 -30.864544 -55.248131 77.441399 0.000000
1049 -23.253424 -58.208569 77.941475 0.000000
1050 -28.694225 -61.929115 73.100754 0.000000
1055 -54.227985 -47.627014 69.230194 0.000000
1059 78.321526 0.000000 62.209156 0.000000
1060 80.951920 -6.600972 58.358593 0.000000
1061 76.701294 -6.600972 63.839397 0.000000
1062 66.859840 -19.832920 71.690552 0.000000
1063 71.910583 -19.912931 66.599800 0.000000
1064 68.990158 -26.423889 67.409927 0.000000
1065 70.650398 -32.594799 62.839252 0.000000
1066 65.699677 -32.554794 68.020012 0.000000
1067 40.685989 -19.862923 89.183136 0.000000
1068 47.957062 -20.042950 85.442581 0.000000
1069 43.576416 -26.553909 86.012665 0.000000
1070 43.006332 -46.426834 77.441399 0.000000
1071 48.167091 -40.105904 77.941475 0.000000
1072 50.037365 -46.426834 73.100754 0.000000
1073 56.428303 -46.096786 68.520088 0.000000
1074 51.267548 -52.417717 68.020012 0.000000
1076 46.446835 -57.458458 67.409927 0.000000
1077 28.544203 -66.289757 69.230194 0.000000
1098 71.870583 6.660981 69.230194 0.000000
1099 74.500961 13.261951 65.389633 0.000000
1100 76.701294 6.600972 63.839397 0.000000
1101 80.951920 6.600972 58.358593 0.000000
1122 86.562737 23.723494 44.136497 0.000000
1123 88.703056 17.252539 42.856308 0.000000
1124 84.682465 19.602886 49.467281 0.000000
1282 84.682465 -19.602886 49.467281 0.000000
1304 83.972359 46.036774 -28.854248 0.000000
1305 83.222252 42.246216 -35.945290 0.000000
1306 86.592751 39.745850 -30.424479 0.000000
1307 93.523766 23.253424 -26.743937 0.000000
1308 90.823364 26.163849 -32.724819 0.000000
1309 92.203568 19.182823 -33.664955 0.000000
1310 90.333298 15.152231 -40.165913 0.000000
1311 93.163719 12.271806 -34.235039 0.000000
1312 99.704681 7.851156 0.000000 0.000000
1313 99.044579 11.981764 -7.021034 0.000000
1314 99.684669 4.130608 -7.031035 0.000000
1315 97.034279 -12.281808 -20.893076 0.000000
1316 97.684380 -4.130608 -21.083103 0.000000
1317 95.694084 -8.151200 -27.924109 0.000000
1318 93.813812 -4.130608 -34.425064 0.000000
1319 93.163719 -12.271806 -34.235039 0.000000
1320 90.333298 -15.152231 -40.165913 0.000000
1321 92.203568 -19.182823 -33.664955 0.000000
1323 88.933090 -33.064865 -31.634657 0.000000
1325 83.222252 -42.246216 -35.945290 0.000000
1419 80.031776 33.914993 -49.467281 0.000000
1421 77.031342 31.684664 -55.368153 0.000000
1422 71.350510 19.182823 -67.409927 0.000000
1423 69.880287 26.163849 -66.599800 0.000000
1447 -16.672455 -12.111782 97.864403 0.000000
1448 -22.333288 -8.061187 97.154297 0.000000
1449 -16.822475 -4.060598 98.504501 0.000000
1451 6.370938 -19.602886 97.864403 0.000000
1452 0.760112 -23.723494 97.154297 0.000000
1453 -1.330196 -17.252539 98.504501 0.000000
1454 -9.061334 -14.742170 98.504501 0.000000
1455 20.613035 0.000000 97.864403 0.000000
1456 22.803356 -6.600972 97.154297 0.000000
1457 16.002356 -6.600972 98.504501 0.000000
1458 11.221652 -13.171938 98.504501 0.000000
1502 94.993988 12.111782 28.854248 0.000000
1546 -55.808220 -40.545971 72.410652 0.000000
1548 -58.028542 -33.924992 74.060898 0.000000
1549 -59.928825 -27.063984 75.361092 0.000000
1550 -61.489048 -20.122961 76.271233 0.000000
1559 21.313137 -65.609657 72.410652 0.000000
1560 15.872337 -70.410370 69.230194 0.000000
1561 14.332109 -65.669670 74.060898 0.000000
1562 7.221063 -65.359619 75.361092 0.000000
1563 0.140021 -64.689522 76.271233 0.000000
1564 -21.243126 -39.985886 89.183136 0.000000
1565 -19.642891 -47.096931 86.012665 0.000000
1566 -27.023979 -44.406540 85.442581 0.000000
1567 -32.694817 -48.527145 81.111938 0.000000
1568 -38.135616 -52.257690 76.271233 0.000000
1570 -44.256516 -48.627155 75.361092 0.000000
1571 -50.197392 -44.706581 74.060898 0.000000
1572 68.990158 0.000000 72.410652 0.000000
1573 71.870583 -6.660981 69.230194 0.000000
1574 66.889847 -6.660981 74.060898 0.000000
1575 64.389481 -13.331964 75.361092 0.000000
1576 61.569061 -19.862923 76.271233 0.000000
1577 31.464630 -32.554794 89.183136 0.000000
1578 38.725700 -33.234890 86.012665 0.000000
1579 33.874985 -39.415802 85.442581 0.000000
1580 36.045307 -46.096786 81.111938 0.000000
1581 37.915581 -52.417717 76.271233 0.000000
1582 39.525818 -57.458458 71.690552 0.000000
1583 32.574795 -57.118408 75.361092 0.000000
1584 27.003977 -61.559055 74.060898 0.000000
1595 64.389481 13.331964 75.361092 0.000000
1596 66.889847 6.660981 74.060898 0.000000
1718 89.733208 40.545971 -17.532581 0.000000
1719 89.673203 36.855423 -24.543612 0.000000
1720 92.193573 33.924992 -18.782766 0.000000
1721 94.203873 27.063984 -19.902929 0.000000
1722 95.714096 20.122961 -20.883076 0.000000
1724 99.684669 -4.130608 -7.031035 0.000000
1727 95.714096 -20.122961 -20.883076 0.000000
1728 93.523766 -23.253424 -26.743937 0.000000
1788 83.252258 20.613035 -51.447575 0.000000
1789 78.741585 24.733641 -56.488319 0.000000
1790 80.001778 17.962643 -57.278435 0.000000
1791 76.321243 15.152231 -62.839252 0.000000
1813 -37.675549 -27.374029 88.513031 0.000000
1814 -43.496399 -23.343437 86.982803 0.000000
1815 -38.505669 -19.732904 90.173279 0.000000
1816 -39.065750 -11.911754 91.293434 0.000000
1817 -39.345791 -4.070600 91.863518 0.000000
1818 -28.154146 -4.070600 95.884117 0.000000
1823 14.392118 -44.296520 88.513031 0.000000
1824 8.761290 -48.577148 86.982803 0.000000
1825 6.861010 -42.716286 90.173279 0.000000
1826 -0.750110 -40.836014 91.293434 0.000000
1827 -8.291221 -38.675694 91.863518 0.000000
1828 -4.830711 -28.034126 95.884117 0.000000
1829 -10.471541 -32.214745 94.103859 0.000000
1830 -16.032360 -36.165325 91.863518 0.000000
1831 -23.403444 -33.474926 91.293434 0.000000
1832 -30.664515 -30.524494 90.173279 0.000000
1833 46.576855 0.000000 88.513031 0.000000
1834 48.907196 -6.670981 86.982803 0.000000
1835 42.746288 -6.670981 90.173279 0.000000
1836 38.605686 -13.331964 91.293434 0.000000
1837 34.225040 -19.832920 91.863518 0.000000
1838 25.173708 -13.261951 95.884117 0.000000
1839 27.404034 -19.912931 94.103859 0.000000
1840 29.444334 -26.423889 91.863518 0.000000
1841 24.603622 -32.594799 91.293434 0.000000
1842 19.552877 -38.595680 90.173279 0.000000
1894 -84.872498 6.911017 52.457722 0.000000
1946 96.014130 27.374029 5.880866 0.000000
1947 97.254311 23.343437 0.000000 0.000000
1948 97.874405 19.732904 5.880866 0.000000
1949 99.124596 11.911754 5.890867 0.000000
1950 99.754684 4.070600 5.890867 0.000000
2001 84.872498 -6.911017 -52.457722 0.000000
2002 81.301971 -4.120606 -58.098553 0.000000
2003 80.861900 -11.041625 -57.818512 0.000000
2052 -50.007362 -19.822918 84.312416 0.000000
2053 -56.258282 -16.102371 81.111938 0.000000
2054 -62.079140 -12.281808 77.441399 0.000000
2055 -56.858368 0.000000 82.282120 0.000000
2056 -62.539204 -4.130608 77.941475 0.000000
2057 -67.769981 -8.151200 73.100754 0.000000
2058 -72.740700 -4.130608 68.520088 0.000000
2059 -77.291382 0.000000 63.469341 0.000000
2060 -81.301971 4.120606 58.098553 0.000000
2061 -80.861900 11.041625 57.818512 0.000000
2062 -80.001778 17.962643 57.278435 0.000000
2074 10.411532 -74.951035 65.389633 0.000000
2080 3.400501 -53.687908 84.312416 0.000000
2081 -2.070305 -58.478607 81.111938 0.000000
2082 -7.501105 -62.839252 77.441399 0.000000
2083 -17.572586 -54.067959 82.282120 0.000000
2084 -15.402267 -60.758945 77.941475 0.000000
2085 -13.191941 -66.969856 73.100754 0.000000
2097 86.152679 0.000000 50.807484 0.000000
2098 88.282997 -6.580969 46.536850 0.000000
2099 84.842491 -6.580969 52.547733 0.000000
2100 83.092232 -13.171938 54.087959 0.000000
2101 80.941917 -19.642891 55.368153 0.000000
2102 74.500961 -13.261951 65.389633 0.000000
2103 76.641289 -19.842920 61.118996 0.000000
2104 78.241516 -26.273867 56.488319 0.000000
2105 75.281075 -32.494785 57.278435 0.000000
2106 71.910583 -38.595680 57.818512 0.000000
2107 68.200043 -44.456543 58.098553 0.000000
2108 52.107674 -13.351965 84.312416 0.000000
2109 54.978092 -20.042950 81.111938 0.000000
2110 57.448460 -26.553909 77.441399 0.000000
2111 45.996769 -33.414917 82.282120 0.000000
2112 53.027805 -33.414917 77.941475 0.000000
2113 59.618774 -33.234890 73.100754 0.000000
2114 61.279018 -39.415802 68.520088 0.000000
2115 62.529202 -45.436687 63.469341 0.000000
2147 76.641289 19.842920 61.118996 0.000000
2148 80.941917 19.642891 55.368153 0.000000
2149 83.092232 13.171938 54.087959 0.000000
2150 84.842491 6.580969 52.547733 0.000000
2151 88.282997 6.580969 46.536850 0.000000
2152 71.830574 57.218422 -39.615833 0.000000
2154 75.971184 55.198128 -34.425064 0.000000
2155 79.751740 52.917789 -29.004269 0.000000
2156 83.122238 50.427422 -23.473455 0.000000
2159 86.182686 47.627014 -17.542583 0.000000
2160 88.693054 44.706581 -11.781734 0.000000
2161 90.773361 41.566120 -5.880866 0.000000
2162 92.403603 38.275635 0.000000 0.000000
2171 93.743805 34.145027 7.021034 0.000000
2172 94.363892 30.524494 12.901898 0.000000
2173 94.523918 26.743937 18.782766 0.000000
2174 94.213867 22.893370 24.543612 0.000000
2176 91.383446 25.523758 31.634657 0.000000
2177 93.413750 18.742758 30.424479 0.000000
2178 92.163567 14.742170 35.945290 0.000000
2179 90.443314 10.651567 41.356091 0.000000
2402 81.902054 38.175621 -42.856308 0.000000
2403 83.972359 31.684664 -44.136497 0.000000
2404 88.933090 33.064865 -31.634657 0.000000
2405 87.612892 28.994268 -38.555679 0.000000
2406 85.742615 24.733641 -45.166649 0.000000
2407 87.002808 17.962643 -45.936764 0.000000
2408 87.872932 11.041625 -46.466839 0.000000
2409 88.322998 4.120606 -46.736877 0.000000
2410 97.774384 19.822918 -7.021034 0.000000
2411 97.704376 16.102371 -14.042068 0.000000
2412 97.034279 12.281808 -20.893076 0.000000
2413 99.024582 0.000000 -14.052068 0.000000
2414 97.684380 4.130608 -21.083103 0.000000
2415 95.694084 8.151200 -27.924109 0.000000
2416 93.813812 4.130608 -34.425064 0.000000
2417 91.333443 0.000000 -40.745998 0.000000
2418 88.322998 -4.120606 -46.736877 0.000000
2419 87.872932 -11.041625 -46.466839 0.000000
2420 87.002808 -17.962643 -45.936764 0.000000
2421 85.742615 -24.733641 -45.166649 0.000000
2422 90.823364 -26.163849 -32.724819 0.000000
2423 87.612892 -28.994268 -38.555679 0.000000
2424 83.972359 -31.684664 -44.136497 0.000000
2425 81.902054 -38.175621 -42.856308 0.000000
2426 79.431694 -44.546558 -41.356091 0.000000
2539 73.670837 28.994268 -61.118996 0.000000
2540 68.070015 33.064865 -65.389633 0.000000
2541 62.059139 36.855423 -69.230194 0.000000
2562 -2.800412 2.030299 99.954720 0.000000
2565 -2.800412 -2.030299 99.954720 0.000000
2566 -5.600825 0.000000 99.854698 0.000000
2567 1.070158 -3.290485 99.954720 0.000000
2568 -1.730255 -5.320783 99.854698 0.000000
2569 3.460510 0.000000 99.954720 0.000000
2570 4.530667 -3.290485 99.854698 0.000000
2594 90.653343 2.030299 42.196209 0.000000
2595 91.823517 0.000000 39.645836 0.000000
2596 90.653343 -2.030299 42.196209 0.000000
2620 -44.896610 -32.614803 83.212257 0.000000
2621 -48.217098 -30.904547 81.992073 0.000000
2622 -45.886753 -29.214302 83.922356 0.000000
2627 17.152525 -52.777771 83.212257 0.000000
2628 14.492133 -55.408157 81.992073 0.000000
2629 13.602003 -52.667751 83.922356 0.000000
2630 -39.125759 -32.554794 86.092674 0.000000
2631 -38.515671 -36.245335 84.892494 0.000000
2632 -41.966175 -34.615097 83.922356 0.000000
2633 -44.286518 -36.305344 81.992073 0.000000
2634 55.488163 0.000000 83.212257 0.000000
2635 57.168419 -3.340492 81.992073 0.000000
2636 54.297993 -3.340492 83.922356 0.000000
2637 18.872780 -47.266960 86.092674 0.000000
2638 22.563322 -47.827042 84.892494 0.000000
2639 19.952936 -50.607449 83.922356 0.000000
2640 20.843069 -53.337849 81.992073 0.000000
2643 50.787476 3.340492 86.092674 0.000000
2645 54.297993 3.340492 83.922356 0.000000
2646 57.168419 3.340492 81.992073 0.000000
2714 94.503906 32.614803 -2.940433 0.000000
2715 94.903969 30.904547 -6.450949 0.000000
2716 95.584068 29.214302 -3.510517 0.000000
2754 85.022507 3.460510 -52.547733 0.000000
2755 83.142242 5.520813 -55.308136 0.000000
2756 83.252258 2.060303 -55.378147 0.000000
2770 -24.793648 -18.012651 95.204018 0.000000
2771 -27.744081 -16.042362 94.743950 0.000000
2772 -25.073690 -14.102077 95.784103 0.000000
2777 9.471395 -29.144289 95.204018 0.000000
2778 6.680983 -31.344614 94.743950 0.000000
2779 5.660833 -28.204153 95.784103 0.000000
2780 -18.352701 -17.422565 96.764244 0.000000
2781 -17.382561 -20.833067 96.264168 0.000000
2782 -21.163115 -19.492868 95.784103 0.000000
2783 -23.833508 -21.433155 94.743950 0.000000
2784 30.644510 0.000000 95.204018 0.000000
2785 31.874691 -3.330490 94.743950 0.000000
2786 28.574205 -3.330490 95.784103 0.000000
2787 10.891603 -22.833361 96.764244 0.000000
2788 14.442126 -22.973381 96.264168 0.000000
2789 12.001766 -26.143850 95.784103 0.000000
2790 13.021916 -29.284311 94.743950 0.000000
2864 96.244171 18.012651 20.403004 0.000000
2865 97.144295 16.042362 17.552586 0.000000
2866 96.894257 14.102077 20.413004 0.000000
2904 82.592163 -23.983532 -51.047516 0.000000
2905 81.061935 -22.693340 -54.017948 0.000000
2943 -44.696583 -3.930578 89.383163 0.000000
2944 -47.767033 -5.990882 87.662903 0.000000
2947 -64.979568 10.221505 75.341095 0.000000
2948 -67.489929 12.211798 72.800720 0.000000
2949 -70.080315 10.221505 70.620399 0.000000
2950 -69.740273 14.272101 70.250343 0.000000
2951 -71.860573 15.742317 67.759972 0.000000
2952 -69.260193 17.722610 69.940292 0.000000
2957 23.523462 -72.390656 64.879555 0.000000
2959 20.132963 -72.660690 65.709671 0.000000
2960 -1.740256 -69.320198 72.080612 0.000000
2961 -1.010149 -71.810577 69.610245 0.000000
2962 -4.540668 -71.350510 69.940292 0.000000
2964 -7.981175 -70.740417 70.250343 0.000000
2965 -10.081484 -43.716434 89.383163 0.000000
2966 -9.061334 -47.276958 87.662903 0.000000
2967 -12.811886 -46.136787 87.812927 0.000000
2968 -33.554939 -57.068398 74.971031 0.000000
2969 -29.804388 -58.638634 75.341095 0.000000
2975 -57.018394 -45.536701 68.400070 0.000000
2979 76.121208 0.000000 64.879555 0.000000
2980 77.561417 -3.300486 63.059284 0.000000
2981 75.331085 -3.300486 65.709671 0.000000
2982 65.379623 -23.073397 72.080612 0.000000
2983 67.980011 -23.143406 69.610245 0.000000
2984 66.449776 -26.373882 69.940292 0.000000
2985 67.389915 -29.504341 67.759972 0.000000
2986 64.809540 -29.444334 70.250343 0.000000
2987 38.465664 -23.093399 89.383163 0.000000
2988 42.166206 -23.223417 87.662903 0.000000
2989 39.915874 -26.443893 87.812927 0.000000
2990 43.906464 -49.547295 74.971031 0.000000
2991 46.556854 -46.466839 75.341095 0.000000
2992 47.416981 -49.547295 72.800720 0.000000
2993 50.687462 -49.467281 70.620399 0.000000
2994 48.037075 -52.537735 70.250343 0.000000
2995 48.887192 -54.968090 67.759972 0.000000
2996 45.616714 -55.048103 69.940292 0.000000
2997 25.693783 -68.300056 68.400070 0.000000
2998 29.284311 -68.650108 66.579803 0.000000
2999 26.423889 -70.620399 65.709671 0.000000
3018 72.890724 3.330490 68.400070 0.000000
3019 74.330940 6.630976 66.579803 0.000000
3020 75.331085 3.300486 65.709671 0.000000
3021 77.561417 3.300486 63.059284 0.000000
3042 84.482437 24.883661 47.396976 0.000000
3043 85.672607 21.683191 46.826893 0.000000
3044 83.532303 22.813358 50.047367 0.000000
3202 83.532303 -22.813358 50.047367 0.000000
3224 85.562592 44.736584 -26.063837 0.000000
3225 85.332558 42.916317 -29.654366 0.000000
3226 86.892792 41.606129 -26.853952 0.000000
3227 94.193863 19.762909 -27.214006 0.000000
3228 92.943680 21.233126 -30.234451 0.000000
3229 93.533768 17.722610 -30.674513 0.000000
3230 92.743645 15.742317 -33.975002 0.000000
3231 94.023842 14.272101 -30.964558 0.000000
3232 99.934708 3.930578 0.000000 0.000000
3233 99.774689 5.990882 -3.520518 0.000000
3234 99.934708 2.070305 -3.520518 0.000000
3235 95.964134 -14.272101 -24.293575 0.000000
3236 96.444199 -10.221505 -24.433596 0.000000
3237 95.294029 -12.211798 -27.804092 0.000000
3238 94.503906 -10.221505 -31.104578 0.000000
3239 94.023842 -14.272101 -30.964558 0.000000
3240 92.743645 -15.742317 -33.975002 0.000000
3241 93.533768 -17.722610 -30.674513 0.000000
3339 80.981918 30.644510 -50.047367 0.000000
3340 78.581566 32.824833 -52.447720 0.000000
3341 79.501701 29.534348 -53.017803 0.000000
3343 68.600098 21.233126 -69.610245 0.000000
3370 -13.932051 -10.121490 98.524498 0.000000
3371 -16.762468 -8.101192 98.264465 0.000000
3372 -14.002061 -6.090896 98.844551 0.000000
3374 -14.022064 2.030299 99.004570 0.000000
3377 5.320783 -16.372412 98.524498 0.000000
3378 2.520371 -18.442715 98.264465 0.000000
3379 1.470216 -15.202237 98.844551 0.000000
3380 -7.321078 -9.391383 99.304619 0.000000
3381 -6.270924 -12.701871 99.004570 0.000000
3382 -10.121490 -11.431683 98.844551 0.000000
3383 -12.881896 -13.441978 98.264465 0.000000
3384 17.212532 0.000000 98.524498 0.000000
3385 18.322697 -3.300486 98.264465 0.000000
3386 14.912196 -3.300486 98.844551 0.000000
3387 6.670981 -9.861451 99.304619 0.000000
3388 10.151494 -9.881454 99.004570 0.000000
3389 7.751141 -13.161939 98.844551 0.000000
3390 8.801296 -16.402414 98.264465 0.000000
3464 94.353889 10.121490 31.604654 0.000000
3465 95.394051 8.101192 28.954264 0.000000
3466 94.663933 6.090896 31.684664 0.000000
3535 -53.747913 -39.055748 74.761002 0.000000
3536 -56.958389 -37.265484 73.280785 0.000000
3537 -54.868076 -35.745262 75.591125 0.000000
3538 -54.638042 -27.334024 79.181656 0.000000
3539 -56.858368 -28.944262 77.021339 0.000000
3540 -57.748501 -25.483751 77.581421 0.000000
3541 -60.748943 -23.613476 75.861168 0.000000
3542 -58.538620 -22.013241 78.051491 0.000000
3557 20.533024 -63.189301 74.761002 0.000000
3558 17.832624 -65.679665 73.280785 0.000000
3559 17.042507 -63.229309 75.591125 0.000000
3560 9.121343 -60.408890 79.181656 0.000000
3561 9.951465 -63.019279 77.021339 0.000000
3562 6.390941 -62.799244 77.581421 0.000000
3563 3.680542 -65.069580 75.861168 0.000000
3564 2.850420 -62.479198 78.051491 0.000000
3565 -24.903666 -38.615685 88.833076 0.000000
3566 -24.153555 -42.226215 87.382866 0.000000
3567 -27.794092 -40.826008 86.972801 0.000000
3568 -37.115463 -43.456398 82.082085 0.000000
3569 -33.534935 -45.016628 82.782188 0.000000
3570 -36.305344 -47.006920 80.471848 0.000000
3571 -35.445221 -50.437424 78.761597 0.000000
3572 -39.025745 -48.867191 78.051491 0.000000
3573 -41.226070 -50.477432 75.861168 0.000000
3574 -42.086197 -47.046925 77.581421 0.000000
3575 -48.777176 -39.565823 77.841461 0.000000
3576 -48.057076 -43.166355 76.361237 0.000000
3577 -50.947502 -41.136055 75.591125 0.000000
3578 -53.037811 -42.656277 73.280785 0.000000
3579 66.439781 0.000000 74.761002 0.000000
3580 67.980011 -3.330490 73.280785 0.000000
3581 65.399628 -3.330490 75.591125 0.000000
3582 60.268871 -10.001472 79.181656 0.000000
3583 63.009274 -10.011474 77.021339 0.000000
3584 61.699085 -13.321961 77.581421 0.000000
3585 63.019279 -16.602442 75.861168 0.000000
3586 60.298878 -16.602442 78.051491 0.000000
3587 29.024273 -35.615242 88.833076 0.000000
3588 32.694817 -36.015301 87.382866 0.000000
3589 30.234451 -39.055748 86.972801 0.000000
3590 29.864395 -48.727169 82.082085 0.000000
3591 32.454777 -45.796738 82.782188 0.000000
3592 33.484928 -49.057220 80.471848 0.000000
3593 37.015446 -49.297256 78.761597 0.000000
3594 34.415066 -52.217686 78.051491 0.000000
3595 35.265194 -54.808067 75.861168 0.000000
3596 31.744675 -54.558029 77.581421 0.000000
3597 22.553322 -58.618626 77.841461 0.000000
3598 26.193857 -59.038692 76.361237 0.000000
3599 23.383442 -61.169003 75.591125 0.000000
3600 24.173559 -63.619366 73.280785 0.000000
3617 61.699085 13.321961 77.581421 0.000000
3618 62.719231 3.340492 77.841461 0.000000
3619 64.249466 6.670981 76.361237 0.000000
3620 65.399628 3.330490 75.591125 0.000000
3621 67.980011 3.330490 73.280785 0.000000
3824 90.903381 39.055748 -14.642156 0.000000
3825 91.023392 37.265484 -18.172674 0.000000
3826 92.153564 35.745262 -15.272248 0.000000
3827 95.264023 27.334024 -13.451980 0.000000
3828 94.313889 28.944262 -16.412416 0.000000
3829 95.214020 25.483751 -16.952494 0.000000
3830 95.023987 23.613476 -20.403004 0.000000
3831 95.984131 22.013241 -17.452570 0.000000
3838 96.794250 -18.122667 -17.482573 0.000000
3939 83.812340 17.212532 -51.797626 0.000000
3940 81.682022 19.302843 -54.398006 0.000000
3941 82.192101 15.892339 -54.718052 0.000000
3942 79.001625 9.641419 -60.578918 0.000000
3943 78.651581 13.111930 -60.378887 0.000000
3944 76.721291 11.701722 -63.079285 0.000000
3945 74.350945 13.722019 -65.469635 0.000000
3985 -35.175179 -25.553761 90.063263 0.000000
3986 -38.125610 -23.573469 89.413162 0.000000
3987 -35.595242 -21.733198 90.903381 0.000000
3988 -33.564938 -12.051774 93.443756 0.000000
3989 -36.205326 -13.942053 92.183571 0.000000
3990 -36.435364 -10.021475 92.603630 0.000000
3991 -39.235775 -7.991176 91.653488 0.000000
3992 -36.575382 -6.090896 92.883667 0.000000
3993 -22.383295 -4.030593 97.394333 0.000000
3994 -25.263721 -6.070893 96.584213 0.000000
3995 -25.293724 -2.040300 96.744247 0.000000
4007 13.441978 -41.356091 90.063263 0.000000
4008 10.641566 -43.536407 89.413162 0.000000
4009 9.671424 -40.565971 90.903381 0.000000
4010 1.090160 -35.645245 93.443756 0.000000
4011 2.070305 -38.745705 92.183571 0.000000
4012 -1.730255 -37.745560 92.603630 0.000000
4013 -4.520666 -39.785854 91.653488 0.000000
4014 -5.510811 -36.675396 92.883667 0.000000
4015 -3.080453 -22.533318 97.394333 0.000000
4016 -2.030299 -25.893810 96.584213 0.000000
4017 -5.880866 -24.683634 96.744247 0.000000
4018 -15.372262 -27.584059 94.903969 0.000000
4019 -11.531697 -28.884253 95.053993 0.000000
4020 -14.322108 -30.934553 94.023842 0.000000
4021 -13.251949 -34.215034 93.043694 0.000000
4022 -17.102518 -32.904846 92.883667 0.000000
4023 -19.732904 -34.845131 91.653488 0.000000
4024 -20.793062 -31.554644 92.603630 0.000000
4025 -29.074280 -25.243717 92.303589 0.000000
4026 -28.084135 -28.654219 91.613487 0.000000
4027 -31.674665 -27.133993 90.903381 0.000000
4028 -34.195034 -28.974264 89.413162 0.000000
4029 43.486401 0.000000 90.063263 0.000000
4030 44.696583 -3.340492 89.413162 0.000000
4031 41.576118 -3.340492 90.903381 0.000000
4032 34.235039 -9.981469 93.443756 0.000000
4033 37.495522 -10.001472 92.183571 0.000000
4034 35.365208 -13.311960 92.603630 0.000000
4035 36.445362 -16.592443 91.653488 0.000000
4036 33.174881 -16.572439 92.883667 0.000000
4037 20.483015 -9.891456 97.394333 0.000000
4038 24.003532 -9.941463 96.584213 0.000000
4039 21.663189 -13.221947 96.744247 0.000000
4040 21.483162 -23.143406 94.903969 0.000000
4041 23.913521 -19.892927 95.053993 0.000000
4042 24.993679 -23.183413 94.023842 0.000000
4043 28.444185 -23.183413 93.043694 0.000000
4044 26.013830 -26.433889 92.883667 0.000000
4045 27.043980 -29.534348 91.653488 0.000000
4046 23.593473 -29.524345 92.603630 0.000000
4047 15.022211 -35.455219 92.303589 0.000000
4048 18.572733 -35.565235 91.613487 0.000000
4049 16.022360 -38.505669 90.903381 0.000000
4050 16.982500 -41.476105 89.413162 0.000000
4162 -84.622459 10.361526 52.297695 0.000000
4164 -86.122681 12.421828 49.307259 0.000000
4274 96.294174 25.553761 8.811297 0.000000
4275 97.014282 23.573469 5.890867 0.000000
4276 97.224312 21.733198 8.811297 0.000000
4277 98.584511 12.051774 11.771733 0.000000
4278 98.644516 13.942053 8.841302 0.000000
4279 99.124596 10.021475 8.821300 0.000000
4280 99.524651 7.991176 5.890867 0.000000
4281 99.434631 6.090896 8.821300 0.000000
4389 84.622459 -10.361526 -52.297695 0.000000
4390 82.932213 -8.981321 -55.178120 0.000000
4391 82.612160 -12.421828 -54.988094 0.000000
4503 -43.866459 -19.512873 87.732918 0.000000
4504 -46.786884 -21.603180 85.712616 0.000000
4505 -47.136940 -17.752613 86.412720 0.000000
4506 -53.667900 -10.111488 83.792336 0.000000
4507 -53.467873 -14.052068 83.352272 0.000000
4508 -56.508320 -12.181792 81.622017 0.000000
4509 -59.218719 -14.202091 79.341675 0.000000
4510 -59.418747 -10.261511 79.791748 0.000000
4514 -65.319611 2.070305 75.711151 0.000000
4515 -62.599213 0.000000 78.001480 0.000000
4516 -65.319611 -2.070305 75.711151 0.000000
4517 -65.209602 -6.150906 75.581123 0.000000
4518 -67.940002 -4.080601 73.280785 0.000000
4519 -70.310356 -6.140904 70.860435 0.000000
4520 -70.420372 -2.060303 70.990456 0.000000
4521 -74.951035 6.180910 65.939705 0.000000
4522 -75.081055 2.060303 66.049721 0.000000
4523 -77.231369 4.120606 63.419338 0.000000
4524 -79.361679 2.060303 60.828953 0.000000
4525 -79.231667 6.180910 60.718937 0.000000
4526 -81.131943 7.591117 57.988537 0.000000
4527 -79.001625 9.641419 60.578918 0.000000
4528 -75.821159 18.592737 62.509201 0.000000
4529 -78.211510 16.572439 60.098846 0.000000
4530 -77.681435 20.002945 59.738792 0.000000
4555 12.371821 -70.370361 69.980301 0.000000
4556 13.151937 -72.740700 67.369919 0.000000
4557 9.641419 -72.640694 68.060013 0.000000
4570 5.000736 -47.747028 87.732918 0.000000
4571 6.090896 -51.167534 85.712616 0.000000
4572 2.320342 -50.307407 86.412720 0.000000
4573 -6.961025 -54.157970 83.792336 0.000000
4574 -3.160465 -55.188126 83.352272 0.000000
4575 -5.880866 -57.498463 81.622017 0.000000
4576 -4.790705 -60.708939 79.341675 0.000000
4577 -8.601267 -59.688789 79.791748 0.000000
4578 -22.513313 -49.267250 84.082375 0.000000
4579 -18.622740 -50.627457 84.222397 0.000000
4580 -21.473160 -52.757763 82.212105 0.000000
4581 -22.153261 -61.489048 75.711151 0.000000
4582 -19.342848 -59.528763 78.001480 0.000000
4583 -18.222681 -62.769241 75.711151 0.000000
4584 -14.302107 -63.919411 75.581123 0.000000
4585 -17.112520 -65.869698 73.280785 0.000000
4586 -15.882339 -68.770126 70.860435 0.000000
4587 -19.802914 -67.619957 70.990456 0.000000
4600 -45.466690 -53.517876 71.210487 0.000000
4614 84.342415 0.000000 53.757915 0.000000
4615 85.542587 -3.290485 51.707611 0.000000
4616 83.702324 -3.290485 54.638042 0.000000
4617 80.061783 -9.891456 59.118698 0.000000
4618 82.092087 -9.901457 56.268284 0.000000
4619 81.131943 -13.181940 56.978390 0.000000
4620 82.062080 -16.422417 54.758060 0.000000
4621 80.071785 -16.422417 57.628487 0.000000
4622 70.750420 -9.971467 69.980301 0.000000
4623 73.250778 -9.961467 67.369919 0.000000
4624 72.070610 -13.281955 68.060013 0.000000
4625 72.920731 -23.183413 64.409485 0.000000
4626 74.320938 -19.892927 63.899406 0.000000
4627 75.271080 -23.143406 61.649075 0.000000
4628 77.501411 -23.073397 58.848663 0.000000
4629 76.071198 -26.353880 59.338734 0.000000
4630 76.811310 -29.394329 56.918381 0.000000
4631 74.600975 -29.474339 59.738792 0.000000
4632 68.950150 -35.635246 63.079285 0.000000
4633 71.340500 -35.625248 60.378887 0.000000
4634 69.580238 -38.635689 60.578918 0.000000
4635 70.100327 -41.546116 57.988537 0.000000
4636 67.729973 -41.566120 60.718937 0.000000
4637 46.956913 -10.001472 87.732918 0.000000
4638 50.547443 -10.021475 85.712616 0.000000
4639 48.567146 -13.341963 86.412720 0.000000
4640 49.357265 -23.363440 83.792336 0.000000
4641 51.517586 -20.052952 83.352272 0.000000
4642 52.867779 -23.363440 81.622017 0.000000
4643 56.258282 -23.313431 79.341675 0.000000
4644 54.107967 -26.623920 79.791748 0.000000
4645 39.895874 -36.635391 84.082375 0.000000
4646 42.396240 -33.354908 84.222397 0.000000
4647 43.536407 -36.725403 82.212105 0.000000
4648 51.637604 -40.065895 75.711151 0.000000
4649 50.637451 -36.795418 78.001480 0.000000
4650 54.067959 -36.725403 75.711151 0.000000
4651 56.368298 -33.354908 75.581123 0.000000
4652 57.358440 -36.635391 73.280785 0.000000
4653 60.488903 -36.355350 70.860435 0.000000
4654 58.188564 -39.725845 70.990456 0.000000
4655 56.998386 -49.057220 65.939705 0.000000
4656 59.528763 -45.796738 66.049721 0.000000
4657 60.058842 -48.727169 63.419338 0.000000
4658 62.989277 -48.317112 60.828953 0.000000
4667 36.845425 -59.778801 71.210487 0.000000
4668 40.365944 -59.888817 69.190186 0.000000
4669 37.675549 -62.189156 68.680107 0.000000
4733 68.240044 16.572439 71.210487 0.000000
4735 70.780426 16.612444 68.680107 0.000000
4736 76.841316 13.221947 62.639217 0.000000
4737 75.631134 16.562437 63.309322 0.000000
4738 77.911469 16.512430 60.498909 0.000000
4739 78.841599 19.752907 58.278580 0.000000
4740 80.071785 16.422417 57.628487 0.000000
4741 82.062080 16.422417 54.758060 0.000000
4742 81.131943 13.181940 56.978390 0.000000
4743 81.742035 3.300486 57.538467 0.000000
4744 82.942207 6.590970 55.488163 0.000000
4745 83.702324 3.290485 54.638042 0.000000
4746 85.542587 3.290485 51.707611 0.000000
4748 73.940887 56.238281 -37.045456 0.000000
4753 81.481995 51.707611 -26.253862 0.000000
4763 87.482880 46.196800 -14.672159 0.000000
4764 86.842789 48.197098 -11.771733 0.000000
4766 89.053108 45.136646 -5.890867 0.000000
4768 91.643486 39.945877 -2.940433 0.000000
4791 92.323586 37.815567 7.021034 0.000000
4792 92.833664 35.695255 10.511547 0.000000
4793 94.113853 32.354767 9.961467 0.000000
4794 93.133713 33.874985 13.451980 0.000000
4796 93.383751 30.124435 19.352850 0.000000
4797 93.343742 28.194149 22.263277 0.000000
4798 94.423904 24.833656 21.673191 0.000000
4799 93.173714 26.263866 25.143700 0.000000
4803 89.163124 24.683634 38.005596 0.000000
4804 89.723206 26.803947 35.125172 0.000000
4805 90.893379 23.433451 34.545086 0.000000
4806 92.453606 22.143259 31.054571 0.000000
4807 91.923531 20.042950 33.934994 0.000000
4808 92.843666 16.752466 33.204884 0.000000
4809 91.273430 18.032654 36.695400 0.000000
4810 87.752914 15.202237 45.516697 0.000000
4811 89.623192 13.962054 42.136204 0.000000
4812 88.643051 11.891751 44.766590 0.000000
4813 89.413162 8.621269 43.966473 0.000000
4814 87.542885 9.851450 47.346970 0.000000
5287 87.542885 -9.851450 47.346970 0.000000
5288 89.413162 -8.621269 43.966473 0.000000
5289 88.643051 -11.891751 44.766590 0.000000
5354 78.591568 49.577297 -36.985443 0.000000
5356 80.021782 46.536850 -37.865574 0.000000
5357 84.442429 39.055748 -36.695400 0.000000
5358 82.632164 40.245922 -39.435806 0.000000
5359 83.782333 37.025452 -40.155910 0.000000
5360 82.992218 34.955147 -43.526409 0.000000
5361 84.832489 33.784973 -40.796005 0.000000
5362 90.813370 33.514931 -25.143700 0.000000
5363 89.373154 34.985149 -28.114140 0.000000
5364 90.443314 31.614655 -28.694225 0.000000
5365 90.083260 24.103548 -36.145321 0.000000
5366 89.273140 27.594063 -35.665249 0.000000
5367 88.463028 25.523758 -39.065750 0.000000
5368 86.742767 26.883957 -41.896168 0.000000
5369 87.522888 23.393442 -42.366238 0.000000
5370 86.422714 21.363144 -45.576710 0.000000
5371 88.172981 20.002945 -42.766293 0.000000
5372 90.733360 11.701722 -40.415951 0.000000
5373 89.173134 13.111930 -43.346382 0.000000
5374 89.513176 9.641419 -43.566414 0.000000
5375 88.152977 7.591117 -46.626862 0.000000
5376 89.743217 6.180910 -43.706436 0.000000
5377 98.094437 19.512873 0.000000 0.000000
5378 97.594360 21.603180 -3.510517 0.000000
5379 98.364479 17.752613 -3.510517 0.000000
5380 98.944565 10.111488 -10.521549 0.000000
5381 98.464493 14.052068 -10.541552 0.000000
5382 98.274460 12.181792 -14.042068 0.000000
5383 97.444344 14.202091 -17.482573 0.000000
5384 97.944420 10.261511 -17.462572 0.000000
5385 99.264610 -6.190911 -10.521549 0.000000
5386 99.434631 -2.070305 -10.551554 0.000000
5387 98.934563 -4.120606 -14.042068 0.000000
5388 96.924271 -2.070305 -24.573616 0.000000
5389 97.764389 0.000000 -21.103107 0.000000
5390 96.924271 2.070305 -24.573616 0.000000
5391 96.764244 6.150906 -24.523609 0.000000
5392 95.934128 4.080601 -27.994122 0.000000
5393 94.823959 6.140904 -31.194590 0.000000
5394 94.983986 2.060303 -31.244600 0.000000
5395 92.493614 -6.180910 -37.545528 0.000000
5396 92.643631 -2.060303 -37.615540 0.000000
5397 91.263435 -4.120606 -40.715992 0.000000
5398 89.903236 -2.060303 -43.776443 0.000000
5399 89.743217 -6.180910 -43.706436 0.000000
5400 88.152977 -7.591117 -46.626862 0.000000
5401 89.513176 -9.641419 -43.566414 0.000000
5402 89.823227 -18.592737 -39.865868 0.000000
5403 88.723061 -16.572439 -43.076340 0.000000
5404 88.172981 -20.002945 -42.766293 0.000000
5405 86.422714 -21.363144 -45.576710 0.000000
5406 87.522888 -23.393442 -42.366238 0.000000
5407 92.743645 -26.703930 -26.243862 0.000000
5408 92.233582 -24.723639 -29.754381 0.000000
5409 91.403458 -28.164146 -29.234303 0.000000
5410 87.302849 -34.465073 -34.545086 0.000000
5411 88.343002 -31.054571 -35.125172 0.000000
5412 86.642754 -32.434776 -38.005596 0.000000
5413 85.842628 -30.354469 -41.376095 0.000000
5414 84.832489 -33.784973 -40.796005 0.000000
5415 82.992218 -34.955147 -43.526409 0.000000
5416 83.782333 -37.025452 -40.155910 0.000000
5418 81.371979 -43.416389 -38.675694 0.000000
5702 77.041336 23.393442 -59.338734 0.000000
5703 76.261223 26.883957 -58.848663 0.000000
5704 74.500961 25.523758 -61.649075 0.000000
5705 67.029861 28.164146 -68.680107 0.000000
5706 69.020164 29.634361 -66.039719 0.000000
5707 66.109734 31.614655 -68.060013 0.000000
5708 65.119583 34.985149 -67.369919 0.000000
5709 63.099293 33.514931 -69.980301 0.000000
5710 60.078846 35.415215 -71.690552 0.000000
5711 61.098995 32.054718 -72.410652 0.000000
5717 79.231667 -6.180910 -60.718937 0.000000
5718 79.361679 -2.060303 -60.828953 0.000000
5767 -8.381234 -6.090896 99.474640 0.000000
5768 -11.191648 -4.060598 99.304619 0.000000
5769 -8.401237 -2.030299 99.644669 0.000000
5771 3.200471 -9.851450 99.474640 0.000000
5772 0.400059 -11.891751 99.304619 0.000000
5773 -0.660097 -8.621269 99.644669 0.000000
5774 -4.530667 -7.361084 99.644669 0.000000
5775 10.361526 0.000000 99.474640 0.000000
5776 11.441684 -3.290485 99.304619 0.000000
5777 7.991176 -3.290485 99.644669 0.000000
5778 5.600825 -6.580969 99.644669 0.000000
5822 92.723648 6.090896 36.985443 0.000000
5823 93.823807 4.060598 34.405067 0.000000
5824 92.873672 2.030299 37.045456 0.000000
5866 -49.437279 -35.925285 79.171654 0.000000
5867 -52.697758 -34.165028 77.841461 0.000000
5868 -50.487434 -32.554794 79.961769 0.000000
5869 -51.467575 -29.144289 80.651871 0.000000
5870 -52.377708 -25.693783 81.241959 0.000000
5879 18.882780 -58.118557 79.171654 0.000000
5880 16.202385 -60.678932 77.841461 0.000000
5881 15.362262 -58.078548 79.961769 0.000000
5882 11.811739 -57.948528 80.651871 0.000000
5883 8.251215 -57.748501 81.241959 0.000000
5884 -32.114727 -35.695255 87.732918 0.000000
5885 -31.444628 -39.335789 86.412720 0.000000
5886 -35.005154 -37.815567 85.712616 0.000000
5887 -37.845570 -39.885868 83.542305 0.000000
5888 -40.615978 -41.876167 81.241959 0.000000
5889 -42.886311 -43.516403 79.181656 0.000000
5890 -43.616421 -39.945877 80.651871 0.000000
5891 -46.566856 -37.955589 79.961769 0.000000
5892 61.108994 0.000000 79.171654 0.000000
5893 62.719231 -3.340492 77.841461 0.000000
5894 59.978825 -3.340492 79.961769 0.000000
5895 58.768650 -6.680983 80.651871 0.000000
5896 57.478462 -10.001472 81.241959 0.000000
5897 24.023537 -41.566120 87.732918 0.000000
5898 27.694075 -42.066193 86.412720 0.000000
5899 25.153704 -44.976624 85.712616 0.000000
5900 26.233864 -48.317112 83.542305 0.000000
5901 27.274015 -51.567593 81.241959 0.000000
5902 28.134142 -54.227985 79.181656 0.000000
5903 24.513609 -53.827927 80.651871 0.000000
5904 21.713196 -56.018250 79.961769 0.000000
5913 57.478462 10.001472 81.241959 0.000000
5914 60.268871 10.001472 79.181656 0.000000
5915 58.768650 6.680983 80.651871 0.000000
5916 59.978825 3.340492 79.961769 0.000000
6038 92.923676 35.925285 -8.811297 0.000000
6039 93.183716 34.165028 -12.321814 0.000000
6040 94.103859 32.554794 -9.401383 0.000000
6041 95.154007 29.144289 -9.961467 0.000000
6042 96.084145 25.693783 -10.511547 0.000000
6108 84.622459 10.361526 -52.297695 0.000000
6109 82.612160 12.421828 -54.988094 0.000000
6110 82.932213 8.981321 -55.178120 0.000000
6111 81.131943 7.591117 -57.988537 0.000000
6112 79.231667 6.180910 -60.718937 0.000000
6136 -30.054424 -21.833214 92.853668 0.000000
6137 -32.994854 -19.852922 92.303589 0.000000
6138 -30.394474 -17.962643 93.573769 0.000000
6139 -30.674513 -14.052068 94.153862 0.000000
6140 -30.904547 -10.121490 94.573921 0.000000
6149 11.481689 -35.335205 92.853668 0.000000
6150 8.681278 -37.515522 92.303589 0.000000
6151 7.691132 -34.455074 93.573769 0.000000
6152 3.880571 -33.514931 94.153862 0.000000
6153 0.080012 -32.524788 94.573921 0.000000
6154 -10.751583 -20.042950 97.394333 0.000000
6155 -9.751435 -23.433451 96.744247 0.000000
6156 -13.571999 -22.143259 96.584213 0.000000
6157 -16.392412 -24.223564 95.644081 0.000000
6158 -19.182823 -26.263866 94.573921 0.000000
6159 -21.833214 -28.194149 93.443756 0.000000
6160 -22.843363 -24.833656 94.153862 0.000000
6161 -26.473896 -23.353437 93.573769 0.000000
6162 37.155468 0.000000 92.853668 0.000000
6163 38.365646 -3.330490 92.303589 0.000000
6164 35.145172 -3.330490 93.573769 0.000000
6165 33.074867 -6.660981 94.153862 0.000000
6166 30.954557 -9.971467 94.573921 0.000000
6167 15.742317 -16.422417 97.394333 0.000000
6168 19.272837 -16.512430 96.744247 0.000000
6169 16.872482 -19.752907 96.584213 0.000000
6170 17.972645 -23.073397 95.644081 0.000000
6171 19.052805 -26.353880 94.573921 0.000000
6172 20.072954 -29.474339 93.443756 0.000000
6173 16.562437 -29.394329 94.153862 0.000000
6174 14.032066 -32.394772 93.573769 0.000000
6241 -83.812340 17.212532 51.797626 0.000000
6242 -85.702614 15.892339 49.047218 0.000000
6243 -85.182541 19.302843 48.727169 0.000000
6308 96.494209 21.833214 14.642156 0.000000
6309 97.314323 19.852922 11.761731 0.000000
6310 97.294319 17.962643 14.662157 0.000000
6311 97.934418 14.052068 14.672159 0.000000
6312 98.414490 10.121490 14.652158 0.000000
6378 83.812340 -17.212532 -51.797626 0.000000
6379 82.192101 -15.892339 -54.718052 0.000000
6380 81.682022 -19.302843 -54.398006 0.000000
6447 -44.416538 -11.751730 88.833076 0.000000
6448 -47.416981 -13.822034 86.972801 0.000000
6449 -47.627014 -9.921460 87.382866 0.000000
6450 -50.757473 -8.061187 85.802628 0.000000
6451 -53.807919 -6.190911 84.082375 0.000000
6453 -59.648785 6.190911 80.041779 0.000000
6454 -62.369183 8.211208 77.761444 0.000000
6455 -65.209602 6.150906 75.581123 0.000000
6456 -67.940002 4.080601 73.280785 0.000000
6457 -70.420372 2.060303 70.990456 0.000000
6458 -70.310356 6.140904 70.860435 0.000000
6459 -72.570679 8.211208 68.330055 0.000000
6460 -74.721001 10.261511 65.689667 0.000000
6461 -76.721291 11.701722 63.079285 0.000000
6462 -74.350945 13.722019 65.469635 0.000000
6463 -73.890877 17.182529 65.179596 0.000000
6478 5.330785 -70.020309 71.210487 0.000000
6479 6.080895 -72.450661 68.680107 0.000000
6480 2.540374 -72.180626 69.190186 0.000000
6481 -0.260038 -74.210922 67.049873 0.000000
6487 -2.550375 -45.876751 88.833076 0.000000
6488 -1.510222 -49.367268 86.972801 0.000000
6489 -5.280777 -48.357117 87.382866 0.000000
6490 -8.021181 -50.767475 85.802628 0.000000
6491 -10.741581 -53.087814 84.082375 0.000000
6492 -28.124140 -53.337849 79.791748 0.000000
6493 -24.313578 -54.818066 80.041779 0.000000
6494 -27.083986 -56.778362 77.761444 0.000000
6495 -25.993826 -60.118855 75.581123 0.000000
6496 -24.873661 -63.349331 73.280785 0.000000
6505 -51.377567 -49.657307 69.980301 0.000000
6513 80.421837 0.000000 59.458752 0.000000
6514 81.742035 -3.300486 57.538467 0.000000
6515 79.701729 -3.300486 60.328884 0.000000
6516 78.871613 -6.610973 61.138996 0.000000
6517 77.951477 -9.891456 61.869106 0.000000
6518 68.240044 -16.572439 71.210487 0.000000
6519 70.780426 -16.612444 68.680107 0.000000
6520 69.430222 -19.882925 69.190186 0.000000
6521 70.500381 -23.183413 67.049873 0.000000
6522 71.450523 -26.433889 64.799538 0.000000
6523 72.270630 -29.524345 62.509201 0.000000
6524 69.880287 -29.534348 65.179596 0.000000
6525 68.220039 -32.594799 65.469635 0.000000
6526 66.479782 -35.615242 65.689667 0.000000
6527 42.846306 -16.602442 88.833076 0.000000
6528 46.486843 -16.692455 86.972801 0.000000
6529 44.356533 -19.962938 87.382866 0.000000
6530 45.806744 -23.313431 85.802628 0.000000
6531 47.166943 -26.623920 84.082375 0.000000
6532 42.036186 -43.236362 79.791748 0.000000
6533 44.626572 -40.065895 80.041779 0.000000
6534 45.626717 -43.306374 77.761444 0.000000
6535 49.147232 -43.306374 75.581123 0.000000
6536 52.567738 -43.236362 73.280785 0.000000
6537 55.758209 -43.066338 70.990456 0.000000
6538 53.267841 -46.296818 70.860435 0.000000
6539 53.887932 -49.297256 68.330055 0.000000
6540 54.418011 -52.217686 65.689667 0.000000
6542 52.087666 -54.808067 65.469635 0.000000
6545 31.354614 -64.209457 69.980301 0.000000
6584 70.750420 9.971467 69.980301 0.000000
6585 72.070610 13.281955 68.060013 0.000000
6586 73.250778 9.961467 67.369919 0.000000
6587 75.651138 9.941463 64.659523 0.000000
6588 77.951477 9.891456 61.869106 0.000000
6589 80.061783 9.891456 59.118698 0.000000
6590 78.871613 6.610973 61.138996 0.000000
6591 79.701729 3.300486 60.328884 0.000000
6627 87.292847 25.893810 41.376095 0.000000
6628 88.493027 22.533318 40.796005 0.000000
6629 89.543182 19.292841 40.155910 0.000000
6630 87.682907 20.503017 43.526409 0.000000
6631 86.762772 18.442715 46.196800 0.000000
6632 85.742615 16.372412 48.817184 0.000000
6916 85.742615 -16.372412 48.817184 0.000000
6956 82.282120 47.266960 -31.604654 0.000000
6957 81.902054 45.376678 -35.155178 0.000000
6958 83.662315 44.176506 -32.424774 0.000000
6959 84.962502 41.016041 -33.204884 0.000000
6960 86.142677 37.815567 -33.934994 0.000000
6961 92.743645 26.703930 -26.243862 0.000000
6962 91.403458 28.164146 -29.234303 0.000000
6963 92.233582 24.723639 -29.754381 0.000000
6964 91.573479 22.683340 -33.214890 0.000000
6965 90.763359 20.613035 -36.615391 0.000000
6966 89.823227 18.592737 -39.865868 0.000000
6967 91.343437 17.182529 -36.945438 0.000000
6968 91.813507 13.722019 -37.225479 0.000000
6969 92.173561 10.261511 -37.455513 0.000000
6970 99.324615 11.751730 0.000000 0.000000
6971 98.994568 13.822034 -3.520518 0.000000
6972 99.454643 9.921460 -3.520518 0.000000
6973 99.444641 8.061187 -7.031035 0.000000
6974 99.264610 6.190911 -10.521549 0.000000
6975 97.944420 -10.261511 -17.462572 0.000000
6976 98.264465 -6.190911 -17.562586 0.000000
6977 97.434341 -8.211208 -21.003092 0.000000
6978 96.764244 -6.150906 -24.523609 0.000000
6979 95.934128 -4.080601 -27.994122 0.000000
6980 94.983986 -2.060303 -31.244600 0.000000
6981 94.823959 -6.140904 -31.194590 0.000000
6982 93.573769 -8.211208 -34.355057 0.000000
6983 92.173561 -10.261511 -37.455513 0.000000
6984 90.733360 -11.701722 -40.415951 0.000000
6985 91.813507 -13.722019 -37.225479 0.000000
6986 91.343437 -17.182529 -36.945438 0.000000
6987 90.763359 -20.613035 -36.615391 0.000000
6989 90.443314 -31.614655 -28.694225 0.000000
6990 89.373154 -34.985149 -28.114140 0.000000
6991 87.812927 -36.425362 -31.054571 0.000000
6992 86.142677 -37.815567 -33.934994 0.000000
6993 84.442429 -39.055748 -36.695400 0.000000
6994 84.962502 -41.016041 -33.204884 0.000000
7165 74.430954 33.784973 -57.628487 0.000000
7166 73.340790 20.613035 -64.799538 0.000000
7167 72.620689 24.103548 -64.409485 0.000000
7168 70.660400 22.683340 -67.049873 0.000000
7169 67.859985 24.723639 -69.190186 0.000000
7170 64.949562 26.703930 -71.210487 0.000000
7213 -19.402857 -14.102077 97.094292 0.000000
7214 -22.233273 -12.071776 96.764244 0.000000
7215 -19.512873 -10.091486 97.574364 0.000000
7216 -19.582882 -6.060892 97.894409 0.000000
7217 -19.622887 -2.030299 98.054436 0.000000
7218 -14.022064 -2.030299 99.004570 0.000000
7219 -16.832478 0.000000 98.584511 0.000000
7220 -19.622887 2.030299 98.054436 0.000000
7223 7.411091 -22.813358 97.094292 0.000000
7224 4.610679 -24.883661 96.764244 0.000000
7225 3.570526 -21.683191 97.574364 0.000000
7226 -0.280041 -20.503017 97.894409 0.000000
7227 -4.130608 -19.292841 98.054436 0.000000
7228 -2.400353 -13.962054 99.004570 0.000000
7229 -5.200766 -16.012358 98.584511 0.000000
7230 -8.001178 -18.032654 98.054436 0.000000
7231 -11.821740 -16.752466 97.894409 0.000000
7232 -15.632300 -15.442274 97.574364 0.000000
7233 23.983532 0.000000 97.094292 0.000000
7234 25.083694 -3.300486 96.764244 0.000000
7235 21.723198 -3.300486 97.574364 0.000000
7236 19.412857 -6.610973 97.894409 0.000000
7237 17.072514 -9.891456 98.054436 0.000000
7238 12.541847 -6.590970 99.004570 0.000000
7239 13.622005 -9.901457 98.584511 0.000000
7240 14.682160 -13.181940 98.054436 0.000000
7241 12.281808 -16.422417 97.894409 0.000000
7242 9.851450 -19.632889 97.574364 0.000000
7346 95.524063 14.102077 26.063837 0.000000
7347 96.494209 12.071776 23.383442 0.000000
7348 95.994133 10.091486 26.183853 0.000000
7444 -57.808510 -41.996185 69.980301 0.000000
7445 -60.928967 -40.155910 68.400070 0.000000
7446 -58.978680 -38.735706 70.880440 0.000000
7447 -60.078846 -35.415215 71.690552 0.000000
7448 -61.098995 -32.054718 72.410652 0.000000
7449 -55.898228 -32.364765 76.361237 0.000000
7450 -59.018684 -30.514492 74.761002 0.000000
7453 -63.659370 -21.703194 74.030891 0.000000
7454 -64.339470 -18.202679 74.380951 0.000000
7475 22.083250 -67.950005 69.980301 0.000000
7476 19.362850 -70.360359 68.400070 0.000000
7477 18.612740 -68.060013 70.880440 0.000000
7478 15.112225 -68.080025 71.690552 0.000000
7479 11.601707 -68.010010 72.410652 0.000000
7480 13.511990 -63.169304 76.361237 0.000000
7481 10.781587 -65.559654 74.761002 0.000000
7482 8.041183 -67.839989 73.050751 0.000000
7483 4.510664 -67.589951 73.580833 0.000000
7484 0.970143 -67.239891 74.030891 0.000000
7485 -2.570378 -66.809830 74.380951 0.000000
7486 -17.542583 -41.296082 89.383163 0.000000
7487 -16.752466 -44.856606 87.812927 0.000000
7488 -20.463013 -43.576416 87.662903 0.000000
7489 -23.353437 -45.786739 85.802628 0.000000
7490 -26.203856 -47.907055 83.792336 0.000000
7491 -30.684517 -42.956326 84.952499 0.000000
7492 -29.884398 -46.506847 83.352272 0.000000
7493 -29.044275 -49.977360 81.622017 0.000000
7494 -31.804682 -51.927647 79.341675 0.000000
7495 -34.525082 -53.797916 76.921326 0.000000
7496 -37.185474 -55.568176 74.380951 0.000000
7498 -40.305931 -53.837925 74.030891 0.000000
7499 -43.376385 -52.027660 73.580833 0.000000
7500 -46.386829 -50.157383 73.050751 0.000000
7501 -45.096638 -45.136646 77.021339 0.000000
7502 -47.256958 -46.696873 74.761002 0.000000
7503 -49.367268 -48.197098 72.410652 0.000000
7504 -52.247692 -46.196800 71.690552 0.000000
7505 -55.068104 -44.126495 70.880440 0.000000
7506 71.450523 0.000000 69.980301 0.000000
7507 72.890724 -3.330490 68.400070 0.000000
7508 70.480377 -3.330490 70.880440 0.000000
7509 69.420219 -6.660981 71.690552 0.000000
7510 68.270050 -9.981469 72.410652 0.000000
7511 64.249466 -6.670981 76.361237 0.000000
7512 65.679665 -10.001472 74.761002 0.000000
7513 67.009865 -13.311960 73.050751 0.000000
7514 65.679665 -16.592443 73.580833 0.000000
7515 64.249466 -19.862923 74.030891 0.000000
7516 62.749233 -23.093399 74.380951 0.000000
7517 33.844982 -29.444334 89.383163 0.000000
7518 37.485516 -29.794384 87.812927 0.000000
7519 35.115170 -32.924847 87.662903 0.000000
7520 36.325348 -36.355350 85.802628 0.000000
7521 37.465515 -39.725845 83.792336 0.000000
7522 31.364618 -42.456245 84.952499 0.000000
7523 34.995152 -42.796295 83.352272 0.000000
7524 38.555679 -43.066338 81.622017 0.000000
7525 39.555820 -46.296818 79.341675 0.000000
7526 40.495964 -49.467281 76.921326 0.000000
7527 41.356091 -52.537735 74.380951 0.000000
7528 42.156208 -55.048103 72.080612 0.000000
7529 38.745705 -54.968090 74.030891 0.000000
7530 36.075310 -57.328438 73.580833 0.000000
7531 33.364910 -59.618774 73.050751 0.000000
7532 28.994268 -56.838367 77.021339 0.000000
7533 29.804388 -59.378738 74.761002 0.000000
7534 30.584501 -61.839104 72.410652 0.000000
7535 27.794092 -63.959415 71.690552 0.000000
7536 24.953674 -65.999710 70.880440 0.000000
7561 67.009865 13.311960 73.050751 0.000000
7562 63.009274 10.011474 77.021339 0.000000
7563 65.679665 10.001472 74.761002 0.000000
7564 68.270050 9.981469 72.410652 0.000000
7565 69.420219 6.660981 71.690552 0.000000
7566 70.480377 3.330490 70.880440 0.000000
7819 80.921906 -29.144289 51.047516 0.000000
7850 88.443016 41.996185 -20.403004 0.000000
7851 88.423019 40.155910 -23.913521 0.000000
7852 89.773216 38.735706 -21.053099 0.000000
7853 90.993393 35.415215 -21.673191 0.000000
7854 92.083557 32.054718 -22.263277 0.000000
7855 93.293732 32.364765 -15.852334 0.000000
7856 93.253723 30.514492 -19.352850 0.000000
7857 93.073700 28.614212 -22.823359 0.000000
7858 93.933823 25.173708 -23.343437 0.000000
7859 94.683937 21.703194 -23.833508 0.000000
7860 95.304031 18.202679 -24.283573 0.000000
7861 99.934708 -3.930578 0.000000 0.000000
7862 99.934708 -2.070305 -3.520518 0.000000
7863 99.774689 -5.990882 -3.520518 0.000000
7864 99.444641 -8.061187 -7.031035 0.000000
7865 98.944565 -10.111488 -10.521549 0.000000
7868 98.274460 -12.181792 -14.042068 0.000000
7869 97.444344 -14.202091 -17.482573 0.000000
7870 96.454201 -16.212387 -20.903078 0.000000
7871 95.304031 -18.202679 -24.283573 0.000000
7872 94.193863 -19.762909 -27.214006 0.000000
7873 94.683937 -21.703194 -23.833508 0.000000
7874 93.933823 -25.173708 -23.343437 0.000000
8010 82.592163 23.983532 -51.047516 0.000000
8011 80.341827 26.053837 -53.567886 0.000000
8012 81.061935 22.693340 -54.017948 0.000000
8013 79.421684 21.363144 -56.918381 0.000000
8014 77.681435 20.002945 -59.738792 0.000000
8015 80.481850 14.512136 -57.578476 0.000000
8016 78.211510 16.572439 -60.098846 0.000000
8017 75.821159 18.592737 -62.509201 0.000000
8018 73.890877 17.182529 -65.179596 0.000000
8071 -40.135910 -29.154291 86.842789 0.000000
8072 -43.046337 -27.143997 86.092674 0.000000
8073 -40.615978 -25.373734 87.802925 0.000000
8074 -41.026039 -21.553171 88.633049 0.000000
8075 -41.366089 -17.702606 89.323151 0.000000
8076 -35.925285 -17.862631 91.613487 0.000000
8077 -38.815716 -15.832331 90.803368 0.000000
8078 -41.646130 -13.782028 89.883232 0.000000
8079 -41.856163 -9.881454 90.293289 0.000000
8080 -41.996185 -5.960877 90.573334 0.000000
8082 -25.183708 -10.091486 96.264168 0.000000
8083 -28.104136 -8.101192 95.644081 0.000000
8084 -30.984560 -6.090896 94.903969 0.000000
8086 -31.034567 -2.040300 95.053993 0.000000
8087 -33.844982 -4.060598 94.023842 0.000000
8099 15.332257 -47.176945 86.842789 0.000000
8100 12.511842 -49.327259 86.092674 0.000000
8101 11.581705 -46.466839 87.802925 0.000000
8102 7.821151 -45.676723 88.633049 0.000000
8103 4.050596 -44.816597 89.323151 0.000000
8104 5.880866 -39.685841 91.613487 0.000000
8105 3.060451 -41.806156 90.803368 0.000000
8106 0.240035 -43.866459 89.883232 0.000000
8107 -3.530520 -42.856308 90.293289 0.000000
8108 -7.311076 -41.786152 90.573334 0.000000
8109 -11.061628 -40.635983 90.713348 0.000000
8110 1.820268 -27.073986 96.264168 0.000000
8111 -0.980144 -29.234303 95.644081 0.000000
8112 -3.780556 -31.344614 94.903969 0.000000
8113 -8.711283 -26.803947 95.964134 0.000000
8114 -7.651126 -30.144438 95.053993 0.000000
8115 -6.600972 -33.444923 94.023842 0.000000
8116 -9.381381 -35.475224 93.043694 0.000000
8117 -12.171792 -37.455513 91.933533 0.000000
8118 -14.932198 -39.375793 90.713348 0.000000
8119 -18.642744 -38.095608 90.573334 0.000000
8120 -22.333288 -36.755409 90.293289 0.000000
8121 -25.983824 -35.345203 89.883232 0.000000
8122 -24.453598 -30.124435 92.183571 0.000000
8123 -27.053984 -32.024715 90.803368 0.000000
8124 -29.614359 -33.874985 89.323151 0.000000
8125 -33.174881 -32.354767 88.633049 0.000000
8126 -36.685402 -30.784531 87.802925 0.000000
8127 49.607300 0.000000 86.842789 0.000000
8128 50.787476 -3.340492 86.092674 0.000000
8129 47.777035 -3.340492 87.802925 0.000000
8130 45.856750 -6.680983 88.633049 0.000000
8131 43.876457 -10.001472 89.323151 0.000000
8132 39.565823 -6.670981 91.613487 0.000000
8133 40.705994 -10.011474 90.803368 0.000000
8134 41.796154 -13.321961 89.883232 0.000000
8135 39.675838 -16.602442 90.293289 0.000000
8136 37.475517 -19.862923 90.573334 0.000000
8137 35.225185 -23.073397 90.713348 0.000000
8138 26.313873 -6.630976 96.264168 0.000000
8139 27.504049 -9.961467 95.644081 0.000000
8140 28.644217 -13.281955 94.903969 0.000000
8141 22.793354 -16.562437 95.964134 0.000000
8142 26.303873 -16.592443 95.053993 0.000000
8143 29.774382 -16.612444 94.023842 0.000000
8144 30.834538 -19.882925 93.043694 0.000000
8145 31.854689 -23.143406 91.933533 0.000000
8146 32.834835 -26.373882 90.713348 0.000000
8147 30.474485 -29.504341 90.573334 0.000000
8148 28.054129 -32.594799 90.293289 0.000000
8149 25.593767 -35.635246 89.883232 0.000000
8150 21.093105 -32.564796 92.183571 0.000000
8151 22.093252 -35.625248 90.803368 0.000000
8152 23.063395 -38.635689 89.323151 0.000000
8153 20.523022 -41.546116 88.633049 0.000000
8154 17.942642 -44.406540 87.802925 0.000000
8301 -87.492882 14.512136 46.226803 0.000000
8438 95.624077 29.154291 2.940433 0.000000
8439 96.264168 27.143997 0.000000 0.000000
8440 96.694237 25.373734 2.940433 0.000000
8441 97.624374 21.553171 2.940433 0.000000
8442 98.394478 17.702606 2.940433 0.000000
8443 98.014427 17.862631 8.831300 0.000000
8444 98.574509 15.832331 5.890867 0.000000
8445 99.014572 13.782028 2.940433 0.000000
8446 99.484642 9.881454 2.940433 0.000000
8447 99.794685 5.960877 2.950434 0.000000
8448 99.954720 2.040300 2.950434 0.000000
8449 97.364334 10.091486 20.523022 0.000000
8450 98.114441 8.101192 17.632597 0.000000
8451 98.734535 6.090896 14.732169 0.000000
8454 99.234612 4.060598 11.771733 0.000000
8455 99.604660 2.040300 8.841302 0.000000
8456 99.844696 0.000000 5.890867 0.000000
8457 99.954720 -2.040300 2.950434 0.000000
8583 85.022507 -3.460510 -52.547733 0.000000
8584 83.252258 -2.060303 -55.378147 0.000000
8585 83.142242 -5.520813 -55.308136 0.000000
8586 81.131943 -7.591117 -57.988537 0.000000
8587 79.001625 -9.641419 -60.578918 0.000000
8588 80.481850 -14.512136 -57.578476 0.000000
8724 -46.366825 -25.433744 84.892494 0.000000
8725 -49.627304 -23.663483 83.542305 0.000000
8726 -52.797768 -21.863218 82.082085 0.000000
8727 -50.337410 -15.912342 84.952499 0.000000
8728 -53.177830 -17.982647 82.782188 0.000000
8729 -55.918228 -20.002945 80.471848 0.000000
8730 -58.918674 -18.122667 78.761597 0.000000
8731 -61.829102 -16.212387 76.921326 0.000000
8732 -64.639519 -14.272101 74.971031 0.000000
8734 -53.907932 -2.070305 84.222397 0.000000
8735 -56.808365 -4.120606 82.212105 0.000000
8736 -59.748798 2.070305 80.181801 0.000000
8737 -59.748798 -2.070305 80.181801 0.000000
8738 -59.648785 -6.190911 80.041779 0.000000
8739 -62.369183 -8.211208 77.761444 0.000000
8740 -64.979568 -10.221505 75.341095 0.000000
8741 -67.489929 -12.211798 72.800720 0.000000
8742 -70.080315 -10.221505 70.620399 0.000000
8745 -72.800720 0.000000 68.570091 0.000000
8746 -75.081055 -2.060303 66.049721 0.000000
8751 -83.142242 5.520813 55.308136 0.000000
8752 -82.932213 8.981321 55.178120 0.000000
8753 -82.612160 12.421828 54.988094 0.000000
8754 -78.651581 13.111930 60.378887 0.000000
8755 -80.481850 14.512136 57.578476 0.000000
8756 -82.192101 15.892339 54.718052 0.000000
8757 -81.682022 19.302843 54.398006 0.000000
8788 16.662453 -72.750710 66.579803 0.000000
8789 13.922050 -75.021042 64.659523 0.000000
8791 6.851008 -74.801010 66.039719 0.000000
8806 9.861451 -51.957649 84.892494 0.000000
8807 7.171056 -54.508022 83.542305 0.000000
8808 4.480659 -56.968384 82.082085 0.000000
8809 -0.420062 -52.787773 84.952499 0.000000
8810 0.670099 -56.128265 82.782188 0.000000
8811 1.740256 -59.368736 80.471848 0.000000
8812 -0.970143 -61.639072 78.761597 0.000000
8813 -3.690543 -63.819397 76.921326 0.000000
8814 -6.400942 -65.889694 74.971031 0.000000
8815 -15.732315 -48.417126 86.092674 0.000000
8816 -14.692163 -51.907639 84.222397 0.000000
8817 -13.632007 -55.298141 82.212105 0.000000
8818 -20.433008 -56.188271 80.181801 0.000000
8819 -16.502430 -57.468460 80.181801 0.000000
8820 -12.551847 -58.648628 80.041779 0.000000
8821 -11.461687 -61.849102 77.761444 0.000000
8822 -10.351524 -64.959564 75.341095 0.000000
8823 -9.241360 -67.959999 72.800720 0.000000
8824 -11.931757 -69.810280 70.620399 0.000000
8859 87.852936 0.000000 47.797035 0.000000
8860 88.923096 -3.290485 45.656719 0.000000
8861 87.292847 -3.290485 48.707169 0.000000
8862 86.612747 -6.580969 49.567295 0.000000
8863 85.842628 -9.861451 50.377419 0.000000
8864 82.942207 -6.590970 55.488163 0.000000
8865 84.012367 -9.881454 53.347855 0.000000
8866 84.942505 -13.161939 51.137527 0.000000
8867 83.952362 -16.402414 51.817631 0.000000
8868 82.862198 -19.632889 52.447720 0.000000
8869 81.672028 -22.833361 53.017803 0.000000
8870 74.330940 -6.630976 66.579803 0.000000
8871 75.651138 -9.941463 64.659523 0.000000
8872 76.841316 -13.221947 62.639217 0.000000
8873 73.250778 -16.592443 66.039719 0.000000
8874 75.631134 -16.562437 63.309322 0.000000
8875 77.911469 -16.512430 60.498909 0.000000
8876 78.841599 -19.752907 58.278580 0.000000
8877 79.641724 -22.973381 55.968239 0.000000
8878 80.311821 -26.143850 53.567886 0.000000
8879 78.911613 -29.284311 54.017948 0.000000
8880 77.421402 -32.394772 54.398006 0.000000
8881 75.841164 -35.455219 54.718052 0.000000
8882 73.010750 -32.564796 60.098846 0.000000
8883 73.640839 -35.565235 57.578476 0.000000
8884 74.140907 -38.505669 54.988094 0.000000
8885 72.370651 -41.476105 55.178120 0.000000
8888 52.467728 -6.680983 84.892494 0.000000
8889 54.057957 -10.021475 83.542305 0.000000
8890 55.568176 -13.341963 82.082085 0.000000
8891 50.077370 -16.712460 84.952499 0.000000
8892 53.587887 -16.712460 82.782188 0.000000
8893 56.998386 -16.692455 80.471848 0.000000
8894 58.318584 -19.962938 78.761597 0.000000
8895 59.558765 -23.223417 76.921326 0.000000
8896 60.688934 -26.443893 74.971031 0.000000
8897 41.186062 -29.924404 86.092674 0.000000
8898 44.826599 -30.014418 84.222397 0.000000
8899 48.377121 -30.054424 82.212105 0.000000
8900 47.126938 -36.795418 80.181801 0.000000
8901 49.557293 -33.444923 80.181801 0.000000
8902 51.897640 -30.054424 80.041779 0.000000
8903 55.278133 -30.014418 77.761444 0.000000
8904 58.578617 -29.924404 75.341095 0.000000
8905 61.779091 -29.794384 72.800720 0.000000
8906 62.709229 -32.924847 70.620399 0.000000
8907 63.539352 -36.015301 68.330055 0.000000
8908 64.269463 -39.055748 65.939705 0.000000
8909 58.898674 -42.796295 68.570091 0.000000
8910 61.949120 -42.456245 66.049721 0.000000
8911 64.899551 -42.066193 63.419338 0.000000
8912 65.419632 -44.976624 60.828953 0.000000
8913 65.829689 -47.827042 58.148560 0.000000
8924 43.026333 -57.498463 69.610245 0.000000
8925 43.826450 -59.888817 67.049873 0.000000
9007 73.250778 16.592443 66.039719 0.000000
9008 74.320938 19.892927 63.899406 0.000000
9010 77.501411 23.073397 58.848663 0.000000
9011 79.641724 22.973381 55.968239 0.000000
9012 81.672028 22.833361 53.017803 0.000000
9013 82.862198 19.632889 52.447720 0.000000
9014 83.952362 16.402414 51.817631 0.000000
9015 84.942505 13.161939 51.137527 0.000000
9016 82.092087 9.901457 56.268284 0.000000
9017 84.012367 9.881454 53.347855 0.000000
9018 85.842628 9.861451 50.377419 0.000000
9019 86.612747 6.580969 49.567295 0.000000
9020 87.292847 3.290485 48.707169 0.000000
9021 88.923096 3.290485 45.656719 0.000000
9025 76.331238 52.947792 -37.045456 0.000000
9026 78.291527 51.867634 -34.405067 0.000000
9028 77.911469 54.087959 -31.734671 0.000000
9029 80.171799 50.717464 -31.684664 0.000000
9030 81.932060 49.517288 -28.954264 0.000000
9031 83.592308 48.257103 -26.183853 0.000000
9032 85.162529 46.946911 -23.383442 0.000000
9040 84.702469 49.057220 -20.523022 0.000000
9041 86.672752 45.536701 -20.413004 0.000000
9042 88.022957 44.126495 -17.552586 0.000000
9043 89.263138 42.656277 -14.662157 0.000000
9044 90.403305 41.136055 -11.761731 0.000000
9045 88.002953 46.696873 -8.841302 0.000000
9046 89.793221 43.166355 -8.831300 0.000000
9047 91.433456 39.565823 -8.811297 0.000000
9048 92.343597 37.955589 -5.890867 0.000000
9049 93.143707 36.305344 -2.940433 0.000000
9050 93.833809 34.615097 0.000000 0.000000
9076 93.153709 36.245335 3.510517 0.000000
9077 94.503906 32.554794 3.510517 0.000000
9078 94.943977 30.784531 6.450949 0.000000
9079 95.264023 28.974264 9.401383 0.000000
9080 95.474052 27.133993 12.321814 0.000000
9081 93.313736 32.024715 16.412416 0.000000
9082 94.503906 28.654219 15.852334 0.000000
9083 95.564072 25.243717 15.272248 0.000000
9084 95.534065 23.353437 18.172674 0.000000
9085 95.394051 21.433155 21.053099 0.000000
9086 95.134010 19.492868 23.913521 0.000000
9091 90.173279 28.884253 32.204742 0.000000
9092 91.753502 27.584059 28.694225 0.000000
9093 92.873672 24.223564 28.114140 0.000000
9094 93.873817 20.833067 27.504049 0.000000
9095 94.753944 17.422565 26.853952 0.000000
9096 94.263878 15.442274 29.654366 0.000000
9097 93.653786 13.441978 32.424774 0.000000
9098 92.933678 11.431683 35.155178 0.000000
9099 90.503319 16.012358 39.435806 0.000000
9100 91.353447 12.701871 38.675694 0.000000
9101 92.093552 9.391383 37.865574 0.000000
9102 91.143417 7.361084 40.505962 0.000000
9103 90.093262 5.320783 43.106342 0.000000
9675 90.093262 -5.320783 43.106342 0.000000
9760 81.371979 43.416389 -38.675694 0.000000
9763 81.031921 36.075310 -46.196800 0.000000
9764 82.052078 32.824833 -46.826893 0.000000
9765 82.972214 29.534348 -47.396976 0.000000
9766 88.192986 38.325642 -27.504049 0.000000
9767 87.812927 36.425362 -31.054571 0.000000
9768 87.302849 34.465073 -34.545086 0.000000
9769 89.933243 29.634361 -32.204742 0.000000
9770 88.343002 31.054571 -35.125172 0.000000
9771 86.642754 32.434776 -38.005596 0.000000
9772 85.842628 30.354469 -41.376095 0.000000
9773 84.912491 28.224155 -44.676579 0.000000
9774 83.842346 26.053837 -47.907055 0.000000
9775 84.562454 22.693340 -48.347118 0.000000
9776 85.182541 19.302843 -48.727169 0.000000
9777 85.702614 15.892339 -49.047218 0.000000
9778 88.723061 16.572439 -43.076340 0.000000
9779 87.492882 14.512136 -46.226803 0.000000
9780 86.122681 12.421828 -49.307259 0.000000
9781 86.442726 8.981321 -49.497284 0.000000
9782 86.652756 5.520813 -49.627304 0.000000
9783 86.772774 2.060303 -49.697315 0.000000
9784 96.664230 25.433744 -3.510517 0.000000
9785 96.924271 23.663483 -7.021034 0.000000
9786 97.024284 21.863218 -10.511547 0.000000
9787 98.494492 15.912342 -7.031035 0.000000
9788 97.814392 17.982647 -10.541552 0.000000
9789 96.984276 20.002945 -14.032066 0.000000
9790 96.794250 18.122667 -17.482573 0.000000
9791 96.454201 16.212387 -20.903078 0.000000
9792 95.964134 14.272101 -24.293575 0.000000
9793 99.764687 0.000000 -7.031035 0.000000
9794 99.434631 2.070305 -10.551554 0.000000
9795 98.934563 4.120606 -14.042068 0.000000
9796 98.434486 -2.070305 -17.582588 0.000000
9797 98.434486 2.070305 -17.582588 0.000000
9798 98.264465 6.190911 -17.562586 0.000000
9799 97.434341 8.211208 -21.003092 0.000000
9800 96.444199 10.221505 -24.433596 0.000000
9801 95.294029 12.211798 -27.804092 0.000000
9802 94.503906 10.221505 -31.104578 0.000000
9803 93.573769 8.211208 -34.355057 0.000000
9804 92.493614 6.180910 -37.545528 0.000000
9805 93.893822 0.000000 -34.455074 0.000000
9806 92.643631 2.060303 -37.615540 0.000000
9807 91.263435 4.120606 -40.715992 0.000000
9808 89.903236 2.060303 -43.776443 0.000000
9809 88.403015 0.000000 -46.776886 0.000000
9810 86.772774 -2.060303 -49.697315 0.000000
9811 86.652756 -5.520813 -49.627304 0.000000
9812 86.442726 -8.981321 -49.497284 0.000000
9813 86.122681 -12.421828 -49.307259 0.000000
9814 89.173134 -13.111930 -43.346382 0.000000
9815 87.492882 -14.512136 -46.226803 0.000000
9816 85.702614 -15.892339 -49.047218 0.000000
9817 85.182541 -19.302843 -48.727169 0.000000
9818 84.562454 -22.693340 -48.347118 0.000000
9819 83.842346 -26.053837 -47.907055 0.000000
9820 92.943680 -21.233126 -30.234451 0.000000
9821 91.573479 -22.683340 -33.214890 0.000000
9822 90.083260 -24.103548 -36.145321 0.000000
9823 89.933243 -29.634361 -32.204742 0.000000
9824 89.273140 -27.594063 -35.665249 0.000000
9825 88.463028 -25.523758 -39.065750 0.000000
9826 86.742767 -26.883957 -41.896168 0.000000
9827 84.912491 -28.224155 -44.676579 0.000000
9828 82.972214 -29.534348 -47.396976 0.000000
9829 82.052078 -32.824833 -46.826893 0.000000
9830 81.031921 -36.075310 -46.196800 0.000000
9831 79.921761 -39.285782 -45.516697 0.000000
9832 82.632164 -40.245922 -39.435806 0.000000
9833 80.711876 -41.386093 -42.136204 0.000000
9834 78.701576 -42.476250 -44.766590 0.000000
9835 77.401390 -45.586708 -43.966473 0.000000
10171 77.931473 28.224155 -55.968239 0.000000
10172 75.401100 30.354469 -58.278580 0.000000
10173 72.740700 32.434776 -60.498909 0.000000
10174 71.820572 27.594063 -63.899406 0.000000
10175 70.930450 31.054571 -63.309322 0.000000
10176 69.940292 34.465073 -62.639217 0.000000
10177 67.049873 36.425362 -64.659523 0.000000
10178 64.039429 38.325642 -66.579803 0.000000
10179 60.928967 40.155910 -68.400070 0.000000
10180 58.978680 38.735706 -70.880440 0.000000
10181 56.958389 37.265484 -73.280785 0.000000
10189 81.371979 0.000000 -58.148560 0.000000
10190 79.361679 2.060303 -60.828953 0.000000
10191 77.231369 4.120606 -63.419338 0.000000
