#!ascii label, from subject  
242
98 -81.842049 -27.334024 50.577446 0.000000
179 -80.481850 48.447128 34.315052 0.000000
182 -77.851463 40.345940 48.117085 0.000000
183 -85.562592 35.825272 37.395504 0.000000
223 -44.176506 15.642302 88.353012 0.000000
225 -55.498169 23.873514 79.701729 0.000000
226 -64.069435 30.134436 70.640404 0.000000
277 -84.262405 -13.802031 52.077667 0.000000
370 -33.764969 8.111195 93.793808 0.000000
401 -91.023392 8.221210 40.615978 0.000000
465 -71.710556 -35.825272 59.798801 0.000000
466 -75.231079 -22.013241 62.109142 0.000000
472 -71.710556 35.825272 59.798801 0.000000
659 -76.611275 50.637451 39.615833 0.000000
662 -75.291084 46.576855 46.536850 0.000000
663 -79.431694 44.546558 41.356091 0.000000
703 -43.496399 23.343437 86.982803 0.000000
704 -50.007362 19.822918 84.312416 0.000000
706 -53.697903 30.774530 78.561562 0.000000
757 -84.872498 -6.911017 52.457722 0.000000
758 -87.872932 -11.041625 46.466839 0.000000
759 -88.322998 -4.120606 46.736877 0.000000
842 -27.444038 19.932934 94.083847 0.000000
855 -28.014122 12.121784 95.244026 0.000000
856 -33.304901 15.962350 92.943680 0.000000
1016 -69.370209 -42.246216 58.358593 0.000000
1019 -69.880287 -26.163849 66.599800 0.000000
1021 -76.321243 -15.152231 62.839252 0.000000
1034 -68.070015 33.064865 65.389633 0.000000
1036 -69.370209 42.246216 58.358593 0.000000
1475 -83.972359 46.036774 28.854248 0.000000
1477 -79.751740 52.917789 29.004269 0.000000
1480 -80.031776 33.914993 49.467281 0.000000
1481 -83.972359 31.684664 44.136497 0.000000
1482 -81.902054 38.175621 42.856308 0.000000
1483 -83.222252 42.246216 35.945290 0.000000
1551 -44.586567 7.851156 89.183136 0.000000
1553 -50.577446 11.981764 85.442581 0.000000
1554 -56.258282 16.102371 81.111938 0.000000
1557 -59.928825 27.063984 75.361092 0.000000
1651 -83.252258 -20.613035 51.447575 0.000000
1653 -87.002808 -17.962643 45.936764 0.000000
1821 -39.065750 11.911754 91.293434 0.000000
1822 -38.505669 19.732904 90.173279 0.000000
1899 -87.612892 28.994268 38.555679 0.000000
2044 -74.961029 -38.175621 54.087959 0.000000
2045 -77.031342 -31.684664 55.368153 0.000000
2046 -68.070015 -33.064865 65.389633 0.000000
2047 -73.670837 -28.994268 61.118996 0.000000
2048 -78.741585 -24.733641 56.488319 0.000000
2049 -80.001778 -17.962643 57.278435 0.000000
2050 -80.861900 -11.041625 57.818512 0.000000
2064 -69.880287 26.163849 66.599800 0.000000
2065 -73.670837 28.994268 61.118996 0.000000
2066 -77.031342 31.684664 55.368153 0.000000
2067 -74.961029 38.175621 54.087959 0.000000
2068 -72.510674 44.546558 52.547733 0.000000
2582 -73.870872 49.607300 45.656719 0.000000
2583 -76.011192 48.647160 43.106342 0.000000
2677 -85.022507 -3.460510 52.547733 0.000000
2678 -86.652756 -5.520813 49.627304 0.000000
2679 -86.772774 -2.060303 49.697315 0.000000
2774 -25.183708 10.091486 96.264168 0.000000
2775 -25.073690 14.102077 95.784103 0.000000
2776 -27.744081 16.042362 94.743950 0.000000
3112 -80.981918 -30.644510 50.047367 0.000000
3419 -82.282120 47.266960 31.604654 0.000000
3420 -81.932060 49.517288 28.954264 0.000000
3421 -80.171799 50.717464 31.684664 0.000000
3427 -78.991623 37.155468 48.817184 0.000000
3428 -81.031921 36.075310 46.196800 0.000000
3429 -79.921761 39.285782 45.516697 0.000000
3430 -80.021782 46.536850 37.865574 0.000000
3431 -81.371979 43.416389 38.675694 0.000000
3432 -81.902054 45.376678 35.155178 0.000000
3433 -83.662315 44.176506 32.424774 0.000000
3543 -44.416538 11.751730 88.833076 0.000000
3544 -47.627014 9.921460 87.382866 0.000000
3545 -47.416981 13.822034 86.972801 0.000000
3546 -52.797768 21.863218 82.082085 0.000000
3547 -53.177830 17.982647 82.782188 0.000000
3548 -55.918228 20.002945 80.471848 0.000000
3549 -58.918674 18.122667 78.761597 0.000000
3550 -58.538620 22.013241 78.051491 0.000000
3551 -60.748943 23.613476 75.861168 0.000000
3552 -57.748501 25.483751 77.581421 0.000000
3554 -55.898228 32.364765 76.361237 0.000000
3712 -83.812340 -17.212532 51.797626 0.000000
3713 -85.182541 -19.302843 48.727169 0.000000
3714 -85.702614 -15.892339 49.047218 0.000000
3715 -89.513176 -9.641419 43.566414 0.000000
4000 -36.575382 6.090896 92.883667 0.000000
4001 -39.235775 7.991176 91.653488 0.000000
4002 -36.435364 10.021475 92.603630 0.000000
4003 -32.994854 19.852922 92.303589 0.000000
4004 -35.925285 17.862631 91.613487 0.000000
4005 -35.595242 21.733198 90.903381 0.000000
4006 -38.125610 23.573469 89.413162 0.000000
4169 -90.763359 20.613035 36.615391 0.000000
4170 -84.832489 33.784973 40.796005 0.000000
4171 -85.842628 30.354469 41.376095 0.000000
4172 -86.642754 32.434776 38.005596 0.000000
4483 -70.590393 -39.055748 59.118698 0.000000
4484 -72.230637 -40.245922 56.268284 0.000000
4485 -73.380798 -37.025452 56.978390 0.000000
4486 -76.041191 -34.955147 54.758060 0.000000
4487 -74.430954 -33.784973 57.628487 0.000000
4491 -72.620689 -24.103548 64.409485 0.000000
4492 -71.820572 -27.594063 63.899406 0.000000
4493 -74.500961 -25.523758 61.649075 0.000000
4494 -76.261223 -26.883957 58.848663 0.000000
4495 -77.041336 -23.393442 59.338734 0.000000
4496 -79.421684 -21.363144 56.918381 0.000000
4497 -77.681435 -20.002945 59.738792 0.000000
4498 -76.721291 -11.701722 63.079285 0.000000
4499 -78.651581 -13.111930 60.378887 0.000000
4500 -79.001625 -9.641419 60.578918 0.000000
4501 -81.131943 -7.591117 57.988537 0.000000
4533 -64.949562 26.703930 71.210487 0.000000
4535 -67.029861 28.164146 68.680107 0.000000
4536 -69.940292 34.465073 62.639217 0.000000
4537 -70.930450 31.054571 63.309322 0.000000
4538 -72.740700 32.434776 60.498909 0.000000
4539 -75.401100 30.354469 58.278580 0.000000
4540 -74.430954 33.784973 57.628487 0.000000
4541 -76.041191 34.955147 54.758060 0.000000
4542 -73.380798 37.025452 56.978390 0.000000
4544 -70.980446 43.416389 55.488163 0.000000
4545 -69.650253 46.536850 54.638042 0.000000
4546 -71.140480 47.617008 51.707611 0.000000
4610 -64.189445 -50.717464 57.538467 0.000000
5040 -89.743217 6.180910 43.706436 0.000000
5041 -89.903236 2.060303 43.776443 0.000000
5795 -78.591568 49.577297 36.985443 0.000000
5796 -78.291527 51.867634 34.405067 0.000000
5800 -76.611275 43.486401 47.346970 0.000000
5801 -78.701576 42.476250 44.766590 0.000000
5802 -77.401390 45.586708 43.966473 0.000000
5803 -78.071487 47.617008 40.505962 0.000000
5871 -43.866459 19.512873 87.732918 0.000000
5872 -47.136940 17.752613 86.412720 0.000000
5873 -46.786884 21.603180 85.712616 0.000000
5874 -49.627304 23.663483 83.542305 0.000000
5875 -52.377708 25.693783 81.241959 0.000000
5876 -54.638042 27.334024 79.181656 0.000000
5877 -51.467575 29.144289 80.651871 0.000000
5971 -84.622459 -10.361526 52.297695 0.000000
5972 -86.122681 -12.421828 49.307259 0.000000
5973 -86.442726 -8.981321 49.497284 0.000000
5974 -88.152977 -7.591117 46.626862 0.000000
5975 -89.743217 -6.180910 43.706436 0.000000
6144 -28.104136 8.101192 95.644081 0.000000
6145 -30.904547 10.121490 94.573921 0.000000
6146 -33.564938 12.051774 93.443756 0.000000
6147 -30.674513 14.052068 94.153862 0.000000
6148 -30.394474 17.962643 93.573769 0.000000
6246 -86.142677 37.815567 33.934994 0.000000
6247 -87.302849 34.465073 34.545086 0.000000
6433 -65.059578 -47.266960 59.458752 0.000000
6434 -68.070015 -45.376678 57.538467 0.000000
6435 -66.419777 -44.176506 60.328884 0.000000
6436 -67.689964 -41.016041 61.138996 0.000000
6437 -68.880142 -37.815567 61.869106 0.000000
6441 -70.660400 -22.683340 67.049873 0.000000
6442 -73.340790 -20.613035 64.799538 0.000000
6443 -75.821159 -18.592737 62.509201 0.000000
6444 -73.890877 -17.182529 65.179596 0.000000
6465 -63.099293 33.514931 69.980301 0.000000
6466 -66.109734 31.614655 68.060013 0.000000
6467 -65.119583 34.985149 67.369919 0.000000
6468 -67.049873 36.425362 64.659523 0.000000
6469 -68.880142 37.815567 61.869106 0.000000
6470 -70.590393 39.055748 59.118698 0.000000
6471 -67.689964 41.016041 61.138996 0.000000
6509 -57.248425 -53.827927 61.869106 0.000000
6511 -59.928825 -51.707611 61.138996 0.000000
6512 -62.539204 -49.517288 60.328884 0.000000
7288 -77.911469 54.087959 31.734671 0.000000
7294 -80.981918 30.644510 50.047367 0.000000
7295 -82.972214 29.534348 47.396976 0.000000
7296 -82.052078 32.824833 46.826893 0.000000
7297 -82.992218 34.955147 43.526409 0.000000
7298 -83.782333 37.025452 40.155910 0.000000
7299 -80.711876 41.386093 42.136204 0.000000
7300 -82.632164 40.245922 39.435806 0.000000
7301 -84.442429 39.055748 36.695400 0.000000
7302 -84.962502 41.016041 33.204884 0.000000
7303 -85.332558 42.916317 29.654366 0.000000
7460 -50.337410 15.912342 84.952499 0.000000
7461 -53.467873 14.052068 83.352272 0.000000
7468 -62.889256 25.173708 73.580833 0.000000
7469 -62.039131 28.614212 73.050751 0.000000
7470 -56.858368 28.944262 77.021339 0.000000
7471 -59.018684 30.514492 74.761002 0.000000
7472 -61.098995 32.054718 72.410652 0.000000
7693 -82.592163 -23.983532 51.047516 0.000000
7694 -83.842346 -26.053837 47.907055 0.000000
7695 -84.562454 -22.693340 48.347118 0.000000
7698 -87.492882 -14.512136 46.226803 0.000000
8091 -41.996185 5.960877 90.573334 0.000000
8092 -41.856163 9.881454 90.293289 0.000000
8093 -41.646130 13.782028 89.883232 0.000000
8094 -36.205326 13.942053 92.183571 0.000000
8095 -38.815716 15.832331 90.803368 0.000000
8096 -41.366089 17.702606 89.323151 0.000000
8097 -41.026039 21.553171 88.633049 0.000000
8098 -40.615978 25.373734 87.802925 0.000000
8309 -88.463028 25.523758 39.065750 0.000000
8310 -88.343002 31.054571 35.125172 0.000000
8311 -89.273140 27.594063 35.665249 0.000000
8312 -90.083260 24.103548 36.145321 0.000000
8704 -78.581566 -32.824833 52.447720 0.000000
8705 -79.501701 -29.534348 53.017803 0.000000
8708 -69.940292 -34.465073 62.639217 0.000000
8709 -69.020164 -29.634361 66.039719 0.000000
8710 -70.930450 -31.054571 63.309322 0.000000
8711 -72.740700 -32.434776 60.498909 0.000000
8712 -75.401100 -30.354469 58.278580 0.000000
8713 -77.931473 -28.224155 55.968239 0.000000
8714 -80.341827 -26.053837 53.567886 0.000000
8715 -81.061935 -22.693340 54.017948 0.000000
8716 -81.682022 -19.302843 54.398006 0.000000
8717 -82.192101 -15.892339 54.718052 0.000000
8718 -78.211510 -16.572439 60.098846 0.000000
8719 -80.481850 -14.512136 57.578476 0.000000
8720 -82.612160 -12.421828 54.988094 0.000000
8721 -82.932213 -8.981321 55.178120 0.000000
8722 -83.142242 -5.520813 55.308136 0.000000
8763 -69.020164 29.634361 66.039719 0.000000
8764 -71.820572 27.594063 63.899406 0.000000
8767 -77.931473 28.224155 55.968239 0.000000
8768 -79.501701 29.534348 53.017803 0.000000
8769 -78.581566 32.824833 52.447720 0.000000
8770 -77.561417 36.075310 51.817631 0.000000
8771 -76.451256 39.285782 51.137527 0.000000
8772 -72.230637 40.245922 56.268284 0.000000
8773 -73.780861 41.386093 53.347855 0.000000
8774 -75.241081 42.476250 50.377419 0.000000
8775 -73.940887 45.586708 49.567295 0.000000
8776 -72.550674 48.647160 48.707169 0.000000
9376 -88.403015 0.000000 46.776886 0.000000
9377 -89.903236 -2.060303 43.776443 0.000000
