#!ascii label, from subject  
461
13 -26.293869 80.911911 52.577736 0.000000
26 -58.788658 80.911911 0.000000 0.000000
58 -13.822034 95.124001 27.644068 0.000000
61 -68.170029 69.390213 23.253424 0.000000
93 -51.287548 69.390213 50.577446 0.000000
94 -36.185326 58.788658 72.370651 0.000000
95 -5.280777 68.830132 72.370651 0.000000
120 -44.726585 85.082527 27.644068 0.000000
214 -39.855865 45.406685 79.701729 0.000000
216 -9.681425 56.438309 82.002068 0.000000
217 5.550817 60.158852 79.701729 0.000000
262 -39.165764 75.881172 52.077667 0.000000
263 -48.497135 78.031494 39.515816 0.000000
264 -35.955292 84.032372 40.615978 0.000000
276 -52.357708 84.402420 -11.731727 0.000000
392 -20.302988 89.113113 40.615978 0.000000
399 -64.089439 75.881172 11.731727 0.000000
455 -44.186504 64.749535 62.109142 0.000000
456 -31.624655 70.720406 63.259312 0.000000
457 -25.343731 51.347557 82.002068 0.000000
458 -21.013094 64.669525 73.340790 0.000000
459 -15.982352 75.801163 63.259312 0.000000
522 -60.518906 70.300346 37.395504 0.000000
523 -57.038395 78.031494 25.713783 0.000000
524 -52.407711 84.032372 13.992060 0.000000
525 -29.664368 91.313438 28.014122 0.000000
526 -38.325642 91.313438 14.012063 0.000000
527 -45.406685 89.113113 0.000000 0.000000
694 -41.326084 38.275635 82.642174 0.000000
696 3.400501 53.687908 84.312416 0.000000
697 10.931609 55.258133 82.642174 0.000000
742 -32.804829 78.581566 52.457722 0.000000
743 -37.655544 80.161804 46.466839 0.000000
744 -31.214594 82.722176 46.736877 0.000000
754 -61.449047 78.601570 -7.021034 0.000000
755 -58.188564 80.311821 -12.901898 0.000000
756 -55.708199 82.852203 -5.880866 0.000000
904 -71.930588 67.239891 17.542583 0.000000
906 -66.289757 72.810715 17.532581 0.000000
995 -42.426243 55.348145 71.690552 0.000000
997 -40.285931 61.929115 67.409927 0.000000
998 -37.995594 67.899994 62.839252 0.000000
999 -34.015007 64.949562 68.020012 0.000000
1003 -7.501105 62.839252 77.441399 0.000000
1004 -15.402267 60.758945 77.941475 0.000000
1005 -13.191941 66.969856 73.100754 0.000000
1006 -18.552731 70.460373 68.520088 0.000000
1007 -10.661570 72.540680 68.020012 0.000000
1008 -9.171350 77.271378 62.839252 0.000000
1009 -3.800559 73.780861 67.409927 0.000000
1149 -56.078255 70.070320 44.136497 0.000000
1150 -46.736877 81.762039 33.664955 0.000000
1151 -52.947792 78.291527 32.724819 0.000000
1152 -51.007507 81.762039 26.743937 0.000000
1153 -54.848072 81.231956 19.902929 0.000000
1154 -48.717171 84.812477 20.883076 0.000000
1155 -17.112520 92.403603 34.235039 0.000000
1156 -25.063690 90.493324 34.425064 0.000000
1157 -21.813210 93.523766 27.924109 0.000000
1159 -30.604504 94.173866 14.052068 0.000000
1160 -34.735111 93.523766 7.031035 0.000000
1161 -41.996185 90.493324 7.021034 0.000000
1162 -38.275635 92.403603 0.000000 0.000000
1163 -41.956177 90.593338 -5.890867 0.000000
1536 -38.135616 52.257690 76.271233 0.000000
1538 -11.791736 49.647308 86.012665 0.000000
1539 -4.240624 51.807625 85.442581 0.000000
1540 -2.070305 58.478607 81.111938 0.000000
1541 0.140021 64.689522 76.271233 0.000000
1542 1.790264 69.710266 71.690552 0.000000
1543 7.221063 65.359619 75.361092 0.000000
1624 -45.326672 72.810715 51.447575 0.000000
1625 -50.017365 73.900879 45.166649 0.000000
1626 -43.966473 77.191360 45.936764 0.000000
1627 -42.326229 81.231956 40.165913 0.000000
1628 -40.465958 84.812477 34.235039 0.000000
1873 -19.652893 82.852203 52.457722 0.000000
1874 -23.373442 85.272545 46.736877 0.000000
1875 -16.652451 86.982803 46.466839 0.000000
1876 -13.501988 90.593338 40.165913 0.000000
1877 -10.251509 93.613777 33.664955 0.000000
1893 -61.589069 78.581566 5.880866 0.000000
2019 -47.857048 67.239891 56.488319 0.000000
2020 -41.806156 70.530388 57.278435 0.000000
2021 -35.485222 73.490814 57.818512 0.000000
2022 -29.044275 76.051193 58.098553 0.000000
2023 -34.305050 41.436100 84.312416 0.000000
2024 -32.694817 48.527145 81.111938 0.000000
2025 -30.864544 55.248131 77.441399 0.000000
2026 -17.572586 54.067959 82.282120 0.000000
2027 -23.253424 58.208569 77.941475 0.000000
2028 -28.694225 61.929115 73.100754 0.000000
2029 -26.403887 67.909996 68.520088 0.000000
2030 -23.883516 73.510818 63.469341 0.000000
2031 -21.203119 78.601570 58.098553 0.000000
2032 -14.492133 80.311821 57.818512 0.000000
2210 -64.549500 70.070320 30.424479 0.000000
2211 -54.648045 74.360947 38.555679 0.000000
2212 -58.928677 74.360947 31.634657 0.000000
2213 -62.769241 73.900879 24.543612 0.000000
2214 -60.758945 77.191360 18.782766 0.000000
2215 -58.398594 80.161804 12.901898 0.000000
2216 -55.768211 82.722176 7.021034 0.000000
2217 -28.224155 86.862785 40.745998 0.000000
2218 -32.914845 87.942947 34.425064 0.000000
2219 -37.325493 88.493027 27.924109 0.000000
2220 -26.253862 94.173866 21.083103 0.000000
2221 -34.115021 91.623489 21.083103 0.000000
2222 -41.666134 88.493027 20.893076 0.000000
2223 -45.506699 87.942947 14.042068 0.000000
2224 -49.067219 86.862785 7.021034 0.000000
2225 -52.257690 85.272545 0.000000 0.000000
2226 -49.007214 86.982803 -5.880866 0.000000
2613 -44.286518 36.305344 81.992073 0.000000
2614 -41.966175 34.615097 83.922356 0.000000
2616 9.861451 51.957649 84.892494 0.000000
2618 14.492133 55.408157 81.992073 0.000000
2662 -29.564352 79.791748 52.547733 0.000000
2663 -32.034718 80.711876 49.627304 0.000000
2664 -28.774237 81.882057 49.697315 0.000000
2672 -61.919109 78.541557 0.000000 0.000000
2674 -60.158852 79.821747 -3.510517 0.000000
2675 -58.608631 80.781891 -6.450949 0.000000
2676 -57.278435 81.932060 -2.940433 0.000000
2823 -72.830719 65.399628 20.523022 0.000000
2824 -70.100327 68.360062 20.413004 0.000000
2825 -69.160179 70.080315 17.552586 0.000000
2826 -67.269897 71.140480 20.403004 0.000000
2915 -39.335789 57.098408 72.080612 0.000000
2916 -41.396091 58.688637 69.610245 0.000000
2917 -38.265636 60.398895 69.940292 0.000000
2918 -37.175472 63.479347 67.759972 0.000000
2919 -35.125172 61.919109 70.250343 0.000000
2923 -6.400942 65.889694 74.971031 0.000000
2924 -10.351524 64.959564 75.341095 0.000000
2925 -9.241360 67.959999 72.800720 0.000000
2926 -11.931757 69.810280 70.620399 0.000000
2927 -7.981175 70.740417 70.250343 0.000000
2928 -7.241066 73.210777 67.759972 0.000000
2929 -4.540668 71.350510 69.940292 0.000000
3067 -54.167973 67.549942 50.047367 0.000000
3068 -56.568325 67.899994 46.826893 0.000000
3069 -53.727905 69.790276 47.396976 0.000000
3070 -45.756737 83.472290 30.674513 0.000000
3071 -48.917202 81.832047 30.234451 0.000000
3072 -47.897049 83.472290 27.214006 0.000000
3073 -49.897343 83.342270 23.833508 0.000000
3074 -46.756882 85.012512 24.283573 0.000000
3075 -15.482279 93.833809 30.964558 0.000000
3076 -19.482868 93.033691 31.104578 0.000000
3077 -17.832624 94.403893 27.804092 0.000000
3079 -30.834538 94.883972 7.031035 0.000000
3080 -32.844833 94.403893 3.520518 0.000000
3081 -36.535378 93.033691 3.520518 0.000000
3082 -34.615097 93.833809 0.000000 0.000000
3083 -36.505375 93.063698 -2.950434 0.000000
3515 -42.886311 43.516403 79.181656 0.000000
3517 -42.086197 47.046925 77.581421 0.000000
3518 -41.226070 50.477432 75.861168 0.000000
3519 -39.025745 48.867191 78.051491 0.000000
3523 4.480659 56.968384 82.082085 0.000000
3524 0.670099 56.128265 82.782188 0.000000
3525 1.740256 59.368736 80.471848 0.000000
3526 -0.970143 61.639072 78.761597 0.000000
3527 2.850420 62.479198 78.051491 0.000000
3528 3.680542 65.069580 75.861168 0.000000
3529 6.390941 62.799244 77.581421 0.000000
3667 -42.266220 74.390945 51.797626 0.000000
3668 -44.676579 75.051048 48.727169 0.000000
3669 -41.596123 76.591278 49.047218 0.000000
3670 -36.825420 82.152092 43.566414 0.000000
3671 -40.025894 80.761887 43.346382 0.000000
3672 -39.165764 82.682167 40.415951 0.000000
3673 -41.426102 83.072235 37.225479 0.000000
3674 -38.235626 84.492432 37.455513 0.000000
3707 -55.308136 82.412132 -12.321814 0.000000
3711 -50.587448 85.022507 -14.642156 0.000000
4117 -16.292398 83.682327 52.297695 0.000000
4118 -18.162674 84.982513 49.497284 0.000000
4119 -14.792177 85.752625 49.307259 0.000000
4121 -11.661716 89.503181 43.076340 0.000000
4122 -10.071483 91.173416 39.865868 0.000000
4123 -11.881749 92.183571 36.945438 0.000000
4148 -82.592163 52.507725 20.603033 0.000000
4149 -80.351822 55.858219 20.643040 0.000000
4157 -67.059868 73.260780 11.761731 0.000000
4159 -65.879692 74.731003 8.811297 0.000000
4160 -64.639519 76.091202 5.890867 0.000000
4161 -62.879257 77.271378 8.811297 0.000000
4427 -46.046776 66.039719 59.338734 0.000000
4428 -44.856606 68.930145 56.918381 0.000000
4429 -43.026333 67.699966 59.738792 0.000000
4430 -34.835129 69.350212 63.079285 0.000000
4431 -36.775414 70.750420 60.378887 0.000000
4432 -33.574944 72.150620 60.578918 0.000000
4433 -32.284756 74.811012 57.988537 0.000000
4434 -30.364470 73.440811 60.718937 0.000000
4436 -35.005154 37.815567 85.712616 0.000000
4438 -26.203856 47.907055 83.792336 0.000000
4439 -29.884398 46.506847 83.352272 0.000000
4440 -29.044275 49.977360 81.622017 0.000000
4441 -31.804682 51.927647 79.341675 0.000000
4442 -28.124140 53.337849 79.791748 0.000000
4443 -10.741581 53.087814 84.082375 0.000000
4444 -14.692163 51.907639 84.222397 0.000000
4445 -13.632007 55.298141 82.212105 0.000000
4446 -18.222681 62.769241 75.711151 0.000000
4447 -19.342848 59.528763 78.001480 0.000000
4448 -22.153261 61.489048 75.711151 0.000000
4449 -25.993826 60.118855 75.581123 0.000000
4450 -24.873661 63.349331 73.280785 0.000000
4451 -27.574059 64.969574 70.860435 0.000000
4452 -23.723494 66.339760 70.990456 0.000000
4453 -17.282545 73.190773 65.939705 0.000000
4454 -21.233126 72.040604 66.049721 0.000000
4455 -19.952936 74.721001 63.419338 0.000000
4456 -22.563322 76.111198 60.828953 0.000000
4457 -18.602739 77.261375 60.718937 0.000000
4458 -17.852629 79.501701 57.988537 0.000000
4459 -15.242244 78.111496 60.578918 0.000000
4885 -61.098995 68.240044 40.155910 0.000000
4887 -63.239311 68.240044 36.695400 0.000000
4889 -62.589214 70.240341 33.934994 0.000000
4890 -49.297256 76.011192 42.366238 0.000000
4891 -52.377708 74.190918 41.896168 0.000000
4892 -51.607594 76.241226 39.065750 0.000000
4893 -55.038101 78.221512 29.234303 0.000000
4894 -55.968239 76.371246 32.204742 0.000000
4895 -58.018539 76.241226 28.694225 0.000000
4896 -60.898964 74.190918 28.114140 0.000000
4897 -59.938828 76.011192 25.143700 0.000000
4898 -61.799099 75.591125 21.673191 0.000000
4899 -58.938671 77.671440 22.263277 0.000000
4900 -53.657898 82.682167 16.952494 0.000000
4901 -56.668346 80.761887 16.412416 0.000000
4902 -55.438160 82.152092 13.451980 0.000000
4903 -57.118408 81.491997 9.961467 0.000000
4904 -54.127968 83.442284 10.511547 0.000000
4905 -21.853218 87.262848 43.706436 0.000000
4906 -25.813799 86.142677 43.776443 0.000000
4907 -24.283573 88.062965 40.715992 0.000000
4908 -27.394032 90.973389 31.244600 0.000000
4909 -29.014271 89.303146 34.455074 0.000000
4910 -31.314611 89.703209 31.244600 0.000000
4911 -35.145172 88.282997 31.194590 0.000000
4912 -33.524937 89.973251 27.994122 0.000000
4916 -34.495079 92.823662 14.042068 0.000000
4917 -32.384769 92.973686 17.582588 0.000000
4918 -36.255337 91.543472 17.562586 0.000000
4919 -37.925583 90.133270 21.003092 0.000000
4920 -40.025894 89.973251 17.462572 0.000000
4921 -43.616421 88.282997 17.482573 0.000000
4922 -41.946178 89.703209 14.042068 0.000000
4923 -43.736439 89.873230 3.520518 0.000000
4924 -45.566704 88.753059 7.031035 0.000000
4925 -47.276958 88.062965 3.510517 0.000000
4926 -50.707470 86.142677 3.510517 0.000000
4927 -48.867191 87.262848 0.000000 0.000000
4928 -50.667461 86.182686 -2.940433 0.000000
4929 -47.236954 88.102974 -2.940433 0.000000
4930 -40.155910 91.173416 -8.821300 0.000000
4931 -43.746441 89.503181 -8.841302 0.000000
5855 -43.616421 39.945877 80.651871 0.000000
5856 -40.615978 41.876167 81.241959 0.000000
5858 2.320342 50.307407 86.412720 0.000000
5859 6.090896 51.167534 85.712616 0.000000
5860 7.171056 54.508022 83.542305 0.000000
5861 8.251215 57.748501 81.241959 0.000000
5862 9.121343 60.408890 79.181656 0.000000
5863 11.811739 57.948528 80.651871 0.000000
5944 -36.005299 77.271378 52.297695 0.000000
5945 -38.435658 78.071487 49.307259 0.000000
5946 -35.255188 79.431694 49.497284 0.000000
5947 -34.455074 81.491997 46.626862 0.000000
5948 -33.614948 83.442284 43.706436 0.000000
5967 -60.998978 78.111496 -13.451980 0.000000
5968 -59.858814 79.501701 -9.961467 0.000000
5969 -56.988392 81.652016 -9.401383 0.000000
5970 -54.067959 83.682327 -8.811297 0.000000
6233 -77.961472 59.158707 20.643040 0.000000
6234 -75.461105 62.329174 20.603033 0.000000
6235 -74.610985 64.219452 17.632597 0.000000
6238 -70.970444 68.930145 14.672159 0.000000
6239 -68.150032 71.720558 14.662157 0.000000
6240 -65.229607 74.390945 14.642156 0.000000
6400 -43.406387 60.188866 67.049873 0.000000
6401 -42.266220 63.379333 64.799538 0.000000
6402 -41.116055 66.369774 62.509201 0.000000
6403 -39.175766 64.969574 65.179596 0.000000
6404 -36.025303 66.469780 65.469635 0.000000
6405 -32.844833 67.889992 65.689667 0.000000
6410 -22.513313 49.267250 84.082375 0.000000
6411 -8.601267 59.688789 79.791748 0.000000
6412 -12.551847 58.648628 80.041779 0.000000
6413 -11.461687 61.849102 77.761444 0.000000
6414 -14.302107 63.919411 75.581123 0.000000
6415 -17.112520 65.869698 73.280785 0.000000
6416 -19.802914 67.619957 70.990456 0.000000
6417 -15.882339 68.770126 70.860435 0.000000
6418 -14.622152 71.560539 68.330055 0.000000
6419 -13.331964 74.230927 65.689667 0.000000
6420 -12.581852 76.581276 63.079285 0.000000
6421 -9.921460 74.951035 65.469635 0.000000
6422 -6.490956 75.581123 65.179596 0.000000
6676 -58.888668 68.130035 43.526409 0.000000
6677 -58.348591 70.240341 40.796005 0.000000
6678 -47.647015 79.951767 36.615391 0.000000
6679 -50.767475 78.221512 36.145321 0.000000
6680 -49.867340 80.081787 33.214890 0.000000
6681 -52.007656 80.081787 29.754381 0.000000
6682 -54.057957 79.951767 26.243862 0.000000
6683 -55.978241 79.681725 22.823359 0.000000
6684 -52.977795 81.562012 23.343437 0.000000
6685 -51.817631 83.072235 20.403004 0.000000
6686 -50.597450 84.492432 17.452570 0.000000
6687 -18.722755 90.823364 37.455513 0.000000
6688 -22.703342 89.873230 37.545528 0.000000
6689 -21.113108 91.523468 34.355057 0.000000
6690 -23.463453 92.083557 31.194590 0.000000
6691 -25.763792 92.493614 27.994122 0.000000
6695 -32.694817 93.933823 10.551554 0.000000
6696 -36.555382 92.493614 10.521549 0.000000
6697 -40.195915 90.973389 10.521549 0.000000
6698 -38.395653 92.083557 7.031035 0.000000
6699 -40.165913 91.523468 3.520518 0.000000
6700 -41.876167 90.823364 0.000000 0.000000
6701 -43.706436 89.913239 -2.940433 0.000000
6702 -40.145908 91.553474 -2.940433 0.000000
6703 -38.355648 92.183571 -5.890867 0.000000
7421 -40.305931 53.837925 74.030891 0.000000
7422 -37.185474 55.568176 74.380951 0.000000
7426 -8.021181 50.767475 85.802628 0.000000
7427 -6.961025 54.157970 83.792336 0.000000
7428 -0.420062 52.787773 84.952499 0.000000
7429 -3.160465 55.188126 83.352272 0.000000
7430 -5.880866 57.498463 81.622017 0.000000
7431 -4.790705 60.708939 79.341675 0.000000
7432 -3.690543 63.819397 76.921326 0.000000
7433 -2.570378 66.809830 74.380951 0.000000
7434 -1.740256 69.320198 72.080612 0.000000
7435 0.970143 67.239891 74.030891 0.000000
7436 4.510664 67.589951 73.580833 0.000000
7630 -48.337116 71.140480 51.047516 0.000000
7631 -50.687462 71.690552 47.907055 0.000000
7632 -47.717026 73.410805 48.347118 0.000000
7633 -47.026924 75.591125 45.576710 0.000000
7634 -46.266808 77.671440 42.766293 0.000000
7635 -40.836014 78.731590 46.226803 0.000000
7636 -43.176353 79.261665 43.076340 0.000000
7637 -45.446690 79.681725 39.865868 0.000000
7638 -44.566563 81.562012 36.945438 0.000000
7639 -43.626419 83.342270 33.975002 0.000000
7640 -42.626274 85.012512 30.964558 0.000000
7642 -16.072365 95.684090 24.293575 0.000000
8239 -22.983383 81.932060 52.547733 0.000000
8240 -24.853659 83.162247 49.697315 0.000000
8241 -21.523169 84.122383 49.627304 0.000000
8242 -20.022947 86.182686 46.626862 0.000000
8243 -18.492722 88.102974 43.566414 0.000000
8244 -13.241950 87.692909 46.226803 0.000000
8245 -15.092222 88.863083 43.346382 0.000000
8246 -16.912489 89.913239 40.415951 0.000000
8247 -15.322255 91.553474 37.225479 0.000000
8248 -13.692015 93.063698 33.975002 0.000000
8249 -12.041773 94.433899 30.674513 0.000000
8294 -63.309322 77.371391 2.940433 0.000000
8295 -60.218868 79.791748 2.940433 0.000000
8622 -52.647755 66.479782 53.017803 0.000000
8630 -50.927494 65.399628 55.968239 0.000000
8631 -49.597301 68.360062 53.567886 0.000000
8632 -46.626862 70.080315 54.017948 0.000000
8633 -43.596416 71.720558 54.398006 0.000000
8634 -40.515961 73.260780 54.718052 0.000000
8635 -39.925877 69.260193 60.098846 0.000000
8636 -38.665691 72.060608 57.578476 0.000000
8637 -37.345497 74.731003 54.988094 0.000000
8638 -34.175030 76.091202 55.178120 0.000000
8639 -30.944553 77.371391 55.308136 0.000000
8640 -27.694075 78.541557 55.378147 0.000000
8641 -38.515671 36.245335 84.892494 0.000000
8642 -37.845570 39.885868 83.542305 0.000000
8643 -37.115463 43.456398 82.082085 0.000000
8644 -30.684517 42.956326 84.952499 0.000000
8645 -33.534935 45.016628 82.782188 0.000000
8646 -36.305344 47.006920 80.471848 0.000000
8647 -35.445221 50.437424 78.761597 0.000000
8648 -34.525082 53.797916 76.921326 0.000000
8649 -33.554939 57.068398 74.971031 0.000000
8651 -18.622740 50.627457 84.222397 0.000000
8652 -21.473160 52.757763 82.212105 0.000000
8653 -16.502430 57.468460 80.181801 0.000000
8654 -20.433008 56.188271 80.181801 0.000000
8655 -24.313578 54.818066 80.041779 0.000000
8656 -27.083986 56.778362 77.761444 0.000000
8657 -29.804388 58.638634 75.341095 0.000000
8658 -32.464783 60.408890 72.800720 0.000000
8659 -31.374617 63.489349 70.620399 0.000000
8660 -30.234451 66.489784 68.330055 0.000000
8661 -29.034275 69.370209 65.939705 0.000000
8662 -22.493313 69.240196 68.570091 0.000000
8663 -25.163704 70.770416 66.049721 0.000000
8664 -27.784088 72.180626 63.419338 0.000000
8665 -26.483900 74.841019 60.828953 0.000000
8666 -25.143700 77.391396 58.148560 0.000000
8667 -23.763498 79.821747 55.378147 0.000000
8668 -20.443010 80.781891 55.308136 0.000000
8669 -17.082514 81.652016 55.178120 0.000000
8671 -11.841743 78.851601 60.378887 0.000000
8677 -1.010149 71.810577 69.610245 0.000000
9194 -66.419777 69.790276 26.853952 0.000000
9195 -53.087814 72.030602 44.676579 0.000000
9196 -55.398155 72.260635 41.376095 0.000000
9197 -57.618481 72.380653 38.005596 0.000000
9198 -53.827927 76.371246 35.665249 0.000000
9199 -56.838367 74.420952 35.125172 0.000000
9200 -59.758801 72.380653 34.545086 0.000000
9201 -61.779091 72.260635 31.054571 0.000000
9202 -63.699379 72.030602 27.504049 0.000000
9203 -65.509644 71.690552 23.913521 0.000000
9204 -64.579506 73.410805 21.053099 0.000000
9205 -63.559361 75.051048 18.172674 0.000000
9206 -62.469196 76.591278 15.272248 0.000000
9207 -57.838516 79.261665 19.352850 0.000000
9208 -59.608776 78.731590 15.852334 0.000000
9209 -61.289021 78.071487 12.321814 0.000000
9210 -60.038841 79.431694 9.401383 0.000000
9211 -58.718647 80.711876 6.450949 0.000000
9212 -57.318436 81.882057 3.510517 0.000000
9213 -27.314020 84.072372 46.776886 0.000000
9214 -29.744379 84.862488 43.776443 0.000000
9215 -32.114727 85.522583 40.715992 0.000000
9216 -26.663927 88.753059 37.615540 0.000000
9217 -30.594503 87.472878 37.615540 0.000000
9218 -34.455074 86.052666 37.545528 0.000000
9219 -36.715405 86.452728 34.355057 0.000000
9220 -38.925732 86.722763 31.104578 0.000000
9221 -41.056042 86.852783 27.804092 0.000000
9222 -20.082956 94.883972 24.433596 0.000000
9223 -24.053541 93.933823 24.523609 0.000000
9224 -27.984119 92.823662 24.573616 0.000000
9225 -28.454189 94.253876 17.582588 0.000000
9226 -30.214449 92.973686 21.103107 0.000000
9227 -31.914698 91.543472 24.573616 0.000000
9228 -35.745262 90.133270 24.523609 0.000000
9229 -39.525818 88.563042 24.433596 0.000000
9230 -43.236362 86.852783 24.293575 0.000000
9231 -45.226658 86.722763 20.903078 0.000000
9232 -47.146938 86.452728 17.482573 0.000000
9233 -48.997211 86.052666 14.032066 0.000000
9234 -43.786446 89.303146 10.541552 0.000000
9235 -47.326965 87.472878 10.541552 0.000000
9236 -50.777477 85.522583 10.511547 0.000000
9237 -52.457722 84.862488 7.021034 0.000000
9238 -54.057957 84.072372 3.510517 0.000000
9239 -55.568176 83.162247 0.000000 0.000000
9240 -54.017948 84.122383 -2.940433 0.000000
9241 -52.397709 84.982513 -5.890867 0.000000
9242 -50.717464 85.752625 -8.811297 0.000000
9243 -45.516697 88.863083 -5.890867 0.000000
9244 -47.266960 87.692909 -8.831300 0.000000
9245 -48.957203 86.412720 -11.761731 0.000000
