#!ascii label, from subject  
225
29 -95.124001 -30.904547 0.000000 0.000000
66 -87.062820 -43.396389 23.253424 0.000000
127 -94.733948 -16.252392 27.644068 0.000000
129 -95.944122 -16.062366 -23.253424 0.000000
185 -78.641571 -57.138416 23.553467 0.000000
186 -80.481850 -48.447128 34.315052 0.000000
287 -89.113113 -45.406685 0.000000 0.000000
289 -91.783508 -37.175472 -13.992060 0.000000
291 -96.454201 -23.713491 -11.731727 0.000000
407 -84.852486 -51.617599 11.741728 0.000000
408 -91.973541 -37.505520 11.731727 0.000000
542 -91.833519 -30.134436 25.713783 0.000000
543 -96.114151 -23.873514 13.992060 0.000000
665 -75.971184 -55.198128 34.425064 0.000000
666 -76.611275 -50.637451 39.615833 0.000000
767 -92.403603 -38.275635 0.000000 0.000000
768 -90.753357 -41.436100 -7.021034 0.000000
769 -93.743805 -34.145027 -7.021034 0.000000
770 -94.363892 -30.524494 -12.901898 0.000000
771 -96.014130 -27.374029 -5.880866 0.000000
917 -83.122238 -50.427422 23.473455 0.000000
918 -81.962067 -54.518024 17.692604 0.000000
919 -86.182686 -47.627014 17.542583 0.000000
920 -88.693054 -44.706581 11.781734 0.000000
921 -89.733208 -40.545971 17.532581 0.000000
1197 -93.523766 -23.253424 26.743937 0.000000
1198 -94.203873 -27.063984 19.902929 0.000000
1199 -95.714096 -20.122961 20.883076 0.000000
1236 -94.993988 -12.111782 -28.854248 0.000000
1485 -73.640839 -63.469341 23.473455 0.000000
1486 -74.981041 -59.498760 29.004269 0.000000
1487 -79.751740 -52.917789 29.004269 0.000000
1488 -83.972359 -46.036774 28.854248 0.000000
1669 -85.272545 -52.257690 0.000000 0.000000
1671 -87.172829 -48.527145 -7.021034 0.000000
1676 -94.523918 -26.743937 -18.782766 0.000000
1677 -96.424194 -19.932934 -17.532581 0.000000
1909 -77.181366 -61.098995 17.692604 0.000000
1910 -80.351822 -58.378593 11.781734 0.000000
1911 -83.102234 -55.348145 5.890867 0.000000
1912 -87.192833 -48.627155 5.890867 0.000000
1913 -90.773361 -41.566120 5.880866 0.000000
1914 -93.763802 -34.285046 5.880866 0.000000
2264 -83.222252 -42.246216 35.945290 0.000000
2265 -86.592751 -39.745850 30.424479 0.000000
2267 -88.933090 -33.064865 31.634657 0.000000
2268 -89.673203 -36.855423 24.543612 0.000000
2269 -92.193573 -33.924992 18.782766 0.000000
2270 -94.283882 -30.774530 12.901898 0.000000
2271 -95.914124 -27.474043 7.021034 0.000000
2274 -95.694084 -8.151200 27.924109 0.000000
2279 -97.774384 -19.822918 7.021034 0.000000
2280 -97.254311 -23.343437 0.000000 0.000000
2281 -97.874405 -19.732904 -5.880866 0.000000
2282 -98.024422 -15.962350 -11.781734 0.000000
2687 -93.833809 -34.615097 0.000000 0.000000
2688 -93.153709 -36.245335 -3.510517 0.000000
2689 -94.503906 -32.554794 -3.510517 0.000000
2690 -94.943977 -30.784531 -6.450949 0.000000
2691 -95.624077 -29.154291 -2.940433 0.000000
2837 -85.162529 -46.946911 23.383442 0.000000
2838 -84.702469 -49.057220 20.523022 0.000000
2839 -86.672752 -45.536701 20.413004 0.000000
2840 -88.022957 -44.126495 17.552586 0.000000
2841 -88.443016 -41.996185 20.403004 0.000000
3115 -93.533768 -17.722610 30.674513 0.000000
3116 -92.943680 -21.233126 30.234451 0.000000
3117 -94.193863 -19.762909 27.214006 0.000000
3118 -94.683937 -21.703194 23.833508 0.000000
3119 -95.304031 -18.202679 24.283573 0.000000
3152 -95.134010 -19.492868 -23.913521 0.000000
3156 -95.524063 -14.102077 -26.063837 0.000000
3435 -72.410652 -62.619217 28.954264 0.000000
3436 -73.010750 -60.568916 31.684664 0.000000
3437 -78.291527 -51.867634 34.405067 0.000000
3438 -77.911469 -54.087959 31.734671 0.000000
3439 -80.171799 -50.717464 31.684664 0.000000
3440 -81.932060 -49.517288 28.954264 0.000000
3441 -82.282120 -47.266960 31.604654 0.000000
3742 -87.262848 -48.867191 0.000000 0.000000
3743 -86.292702 -50.437424 -3.520518 0.000000
3744 -88.212990 -47.006920 -3.520518 0.000000
3745 -91.353447 -39.335789 -10.511547 0.000000
3746 -89.703209 -42.956326 -10.541552 0.000000
3747 -90.223282 -40.826008 -14.032066 0.000000
3751 -92.013542 -35.345203 -16.952494 0.000000
3752 -95.474052 -27.133993 -12.321814 0.000000
3753 -94.503906 -28.654219 -15.852334 0.000000
3754 -95.564072 -25.243717 -15.272248 0.000000
3755 -95.534065 -23.353437 -18.172674 0.000000
3756 -96.494209 -21.833214 -14.642156 0.000000
4192 -76.201218 -60.348885 23.533464 0.000000
4193 -75.461105 -62.329174 20.603033 0.000000
4194 -77.961472 -59.158707 20.643040 0.000000
4195 -83.462288 -53.107819 14.732169 0.000000
4196 -81.211952 -56.488319 14.752171 0.000000
4197 -82.672173 -55.048103 11.771733 0.000000
4198 -81.772041 -56.898376 8.841302 0.000000
4199 -84.032372 -53.517876 8.821300 0.000000
4200 -85.212540 -52.027660 5.890867 0.000000
4201 -86.082672 -50.157383 8.821300 0.000000
4202 -90.403305 -41.136055 11.761731 0.000000
4203 -89.793221 -43.166355 8.831300 0.000000
4204 -91.433456 -39.565823 8.811297 0.000000
4205 -92.343597 -37.955589 5.890867 0.000000
4206 -92.923676 -35.925285 8.811297 0.000000
5022 -84.442429 -39.055748 36.695400 0.000000
5023 -84.962502 -41.016041 33.204884 0.000000
5024 -86.142677 -37.815567 33.934994 0.000000
5028 -91.403458 -28.164146 29.234303 0.000000
5029 -89.933243 -29.634361 32.204742 0.000000
5030 -90.443314 -31.614655 28.694225 0.000000
5031 -89.373154 -34.985149 28.114140 0.000000
5032 -90.813370 -33.514931 25.143700 0.000000
5033 -90.993393 -35.415215 21.673191 0.000000
5034 -92.083557 -32.054718 22.263277 0.000000
5035 -95.214020 -25.483751 16.952494 0.000000
5036 -94.313889 -28.944262 16.412416 0.000000
5037 -95.264023 -27.334024 13.451980 0.000000
5038 -95.154007 -29.144289 9.961467 0.000000
5039 -96.084145 -25.693783 10.511547 0.000000
5045 -94.983986 -2.060303 31.244600 0.000000
5046 -94.823959 -6.140904 31.194590 0.000000
5060 -98.364479 -17.752613 3.510517 0.000000
5061 -97.594360 -21.603180 3.510517 0.000000
5062 -98.094437 -19.512873 0.000000 0.000000
5063 -97.624374 -21.553171 -2.940433 0.000000
5064 -98.394478 -17.702606 -2.940433 0.000000
5068 -97.934418 -14.052068 -14.672159 0.000000
5805 -73.520821 -58.428604 34.405067 0.000000
5806 -73.940887 -56.238281 37.045456 0.000000
5807 -76.331238 -52.947792 37.045456 0.000000
5808 -78.591568 -49.577297 36.985443 0.000000
5989 -90.823364 -41.876167 0.000000 0.000000
5990 -90.013252 -43.456398 -3.510517 0.000000
5991 -91.653488 -39.885868 -3.510517 0.000000
5992 -92.323586 -37.815567 -7.021034 0.000000
5993 -92.833664 -35.695255 -10.511547 0.000000
5994 -93.133713 -33.874985 -13.451980 0.000000
5995 -94.113853 -32.354767 -9.961467 0.000000
5996 -95.264023 -28.974264 -9.401383 0.000000
5997 -96.294174 -25.553761 -8.811297 0.000000
6259 -80.941917 -53.827927 23.533464 0.000000
6260 -80.351822 -55.858219 20.643040 0.000000
6261 -82.592163 -52.507725 20.603033 0.000000
6262 -84.142387 -51.117527 17.632597 0.000000
6263 -85.572594 -49.657307 14.652158 0.000000
6264 -86.842789 -48.197098 11.771733 0.000000
6265 -87.482880 -46.196800 14.672159 0.000000
6266 -89.263138 -42.656277 14.662157 0.000000
6267 -90.903381 -39.055748 14.642156 0.000000
6762 -92.233582 -24.723639 29.754381 0.000000
6763 -92.743645 -26.703930 26.243862 0.000000
6764 -93.073700 -28.614212 22.823359 0.000000
6765 -93.933823 -25.173708 23.343437 0.000000
6766 -95.023987 -23.613476 20.403004 0.000000
6767 -95.984131 -22.013241 17.452570 0.000000
7306 -71.730560 -64.589508 26.183853 0.000000
7307 -74.350945 -61.519058 26.253862 0.000000
7308 -76.851318 -58.348591 26.293869 0.000000
7309 -75.521118 -57.378448 31.734671 0.000000
7310 -77.431404 -56.258282 29.034275 0.000000
7311 -79.241661 -55.058105 26.293869 0.000000
7312 -81.481995 -51.707611 26.253862 0.000000
7313 -83.592308 -48.257103 26.183853 0.000000
7314 -85.562592 -44.736584 26.063837 0.000000
7703 -94.023842 -14.272101 30.964558 0.000000
7740 -89.033112 -45.016628 -7.031035 0.000000
7750 -93.313736 -32.024715 -16.412416 0.000000
7751 -93.383751 -30.124435 -19.352850 0.000000
7752 -93.343742 -28.194149 -22.263277 0.000000
7753 -94.423904 -24.833656 -21.673191 0.000000
7754 -95.394051 -21.433155 -21.053099 0.000000
7755 -96.244171 -18.012651 -20.403004 0.000000
8336 -74.610985 -64.219452 17.632597 0.000000
8338 -79.631714 -57.858517 17.712608 0.000000
8339 -78.811600 -59.778801 14.752171 0.000000
8344 -84.242401 -53.837925 2.950434 0.000000
8345 -86.292702 -50.477432 2.940433 0.000000
8346 -88.212990 -47.046925 2.940433 0.000000
8347 -88.002953 -46.696873 8.841302 0.000000
8348 -89.053108 -45.136646 5.890867 0.000000
8349 -90.003258 -43.516403 2.940433 0.000000
8350 -91.643486 -39.945877 2.940433 0.000000
8351 -93.143707 -36.305344 2.940433 0.000000
8352 -94.503906 -32.614803 2.940433 0.000000
9351 -80.021782 -46.536850 37.865574 0.000000
9353 -81.371979 -43.416389 38.675694 0.000000
9354 -81.902054 -45.376678 35.155178 0.000000
9355 -83.662315 -44.176506 32.424774 0.000000
9356 -85.332558 -42.916317 29.654366 0.000000
9357 -86.892792 -41.606129 26.853952 0.000000
9364 -87.812927 -36.425362 31.054571 0.000000
9365 -88.192986 -38.325642 27.504049 0.000000
9366 -88.423019 -40.155910 23.913521 0.000000
9367 -89.773216 -38.735706 21.053099 0.000000
9368 -91.023392 -37.265484 18.172674 0.000000
9369 -92.153564 -35.745262 15.272248 0.000000
9370 -93.253723 -30.514492 19.352850 0.000000
9371 -93.293732 -32.364765 15.852334 0.000000
9372 -93.183716 -34.165028 12.321814 0.000000
9373 -94.103859 -32.554794 9.401383 0.000000
9374 -94.903969 -30.904547 6.450949 0.000000
9375 -95.584068 -29.214302 3.510517 0.000000
9383 -94.503906 -10.221505 31.104578 0.000000
9384 -95.294029 -12.211798 27.804092 0.000000
9393 -95.964134 -14.272101 24.293575 0.000000
9394 -96.454201 -16.212387 20.903078 0.000000
9395 -96.794250 -18.122667 17.482573 0.000000
9396 -96.984276 -20.002945 14.032066 0.000000
9398 -97.814392 -17.982647 10.541552 0.000000
9399 -97.024284 -21.863218 10.511547 0.000000
9400 -96.924271 -23.663483 7.021034 0.000000
9401 -96.664230 -25.433744 3.510517 0.000000
9402 -96.264168 -27.143997 0.000000 0.000000
9403 -96.694237 -25.373734 -2.940433 0.000000
9404 -97.014282 -23.573469 -5.890867 0.000000
9405 -97.224312 -21.733198 -8.811297 0.000000
9406 -98.574509 -15.832331 -5.890867 0.000000
9407 -98.014427 -17.862631 -8.831300 0.000000
9408 -97.314323 -19.852922 -11.761731 0.000000
9409 -97.294319 -17.962643 -14.662157 0.000000
9410 -97.144295 -16.042362 -17.552586 0.000000
9411 -96.894257 -14.102077 -20.413004 0.000000
9420 -96.494209 -12.071776 -23.383442 0.000000
