385046
765056
175136
376247
480141
955465
173536
112112
153429
784565
559053
128127
943862
109830
104416
206929
114621
145834
180836
114116
766563
149539
325129
178243
540436
148840
771354
245333
336841
929464
894774
523032
176542
130417
257542
782561
123521
134021
412528
727553
598568
174841
168947
122418
186040
413934
810439
871762
129129
393550
715041
635245
578158
386250
844961
304020
627852
645551
180735
155231
735148
108323
524135
815247
922854
105620
685058
135225
362034
567759
832651
521331
140319
137229
469961
112819
209329
694362
182739
173637
299154
825048
310621
285446
159340
910241
558960
763557
293748
194847
137532
867468
164030
518746
176744
804646
368551
614439
132017
175742
163331
156233
179346
137027
136631
519950
120111
118124
167440
300618
171330
146937
330324
573451
673455
116726
172635
180432
702133
751348
578057
188347
102311
144125
239944
454140
123824
175035
297655
570243
136126
615744
767464
459453
580044
286650
198451
187143
530635
118023
147636
100408
206828
119025
891667
204016
818859
654350
587664
108222
572045
616645
683256
168139
698168
761957
144428
628248
361941
106016
179548
604537
144731
589567
165638
137936
175237
203923
381038
385450
107018
751550
884064
136833
134627
126426
122620
907656
316633
135629
118730
137431
812746
106824
346137
869472
927359
316835
283543
421226
161731
113821
732243
339847
198350
123925
856766
111514
214019
930449
499566
978578
115724
142828
314225
255639
826353
896778
647858
154936
448347
178849
919966
361234
517239
144933
549757
486759
140420
395756
473952
322224
123117
117122
167036
154229
957974
108525
106319
567961
911849
942658
102715
773257
100307
481042
130114
159441
121416
183034
138231
329844
198047
197348
724446
510326
917558
104012
757764
116221
134223
281135
102513
818455
251833
204319
436845
573249
169747
164939
138130
103414
128632
972566
485757
566454
214524
565452
160123
536647
121618
159946
180533
129028
109123
134829
156334
205725
135932
856968
130013
456346
613538
161327
116423
704238
590047
131924
559457
194443
449753
210011
117930
814649
196851
308331
200008
979984
664757
169444
317332
177140
198855
378756
182840
987983
870861
571144
191336
178950
896879
186545
720337
497865
633847
983773
192641
770352
154835
150726
156536
882161
725751
196952
130619
765864
299760
228434
623844
195950
176239
205119
827052
102816
138332