#No. LabelName     R    G    B    A
  1      lv1        0  255  255    0
  2      lv2        0  254  255    0
  3      lv3        0  253  255    0
  4      lv4        0  252  255    0
  5      lv5        0  251  255    0
  6      lv6        0  250  255    0
  7      lv7        0  249  255    0
  8      lv8        0  248  255    0
  9      lv9        0  247  255    0
 10      lv10        0  246  255    0
 11      lv11        0  245  255    0
 12      lv12        0  244  255    0
 13      lv13        0  243  255    0
 14      lv14        0  242  255    0
 15      lv15        0  241  255    0
 16      lv16        0  240  255    0
 17      lv17        0  239  255    0
 18      lv18        0  238  255    0
 19      lv19        0  237  255    0
 20      lv20        0  236  255    0
 21      lv21        0  235  255    0
 22      lv22        0  234  255    0
 23      lv23        0  233  255    0
 24      lv24        0  232  255    0
 25      lv25        0  231  255    0
 26      lv26        0  230  255    0
 27      lv27        0  229  255    0
 28      lv28        0  228  255    0
 29      lv29        0  227  255    0
 30      lv30        0  226  255    0
 31      lv31        0  225  255    0
 32      lv32        0  224  255    0
 33      lv33        0  223  255    0
 34      lv34        0  222  255    0
 35      lv35        0  221  255    0
 36      lv36        0  220  255    0
 37      lv37        0  219  255    0
 38      lv38        0  218  255    0
 39      lv39        0  217  255    0
 40      lv40        0  216  255    0
 41      lv41        0  215  255    0
 42      lv42        0  214  255    0
 43      lv43        0  213  255    0
 44      lv44        0  212  255    0
 45      lv45        0  211  255    0
 46      lv46        0  210  255    0
 47      lv47        0  209  255    0
 48      lv48        0  208  255    0
 49      lv49        0  207  255    0
 50      lv50        0  206  255    0
 51      lv51        0  205  255    0
 52      lv52        0  204  255    0
 53      lv53        0  203  255    0
 54      lv54        0  202  255    0
 55      lv55        0  201  255    0
 56      lv56        0  200  255    0
 57      lv57        0  199  255    0
 58      lv58        0  198  255    0
 59      lv59        0  197  255    0
 60      lv60        0  196  255    0
 61      lv61        0  195  255    0
 62      lv62        0  194  255    0
 63      lv63        0  193  255    0
 64      lv64        0  192  255    0
 65      lv65        0  191  255    0
 66      lv66        0  190  255    0
 67      lv67        0  189  255    0
 68      lv68        0  188  255    0
 69      lv69        0  187  255    0
 70      lv70        0  186  255    0
 71      lv71        0  185  255    0
 72      lv72        0  184  255    0
 73      lv73        0  183  255    0
 74      lv74        0  182  255    0
 75      lv75        0  181  255    0
 76      lv76        0  180  255    0
 77      lv77        0  179  255    0
 78      lv78        0  178  255    0
 79      lv79        0  177  255    0
 80      lv80        0  176  255    0
 81      lv81        0  175  255    0
 82      lv82        0  174  255    0
 83      lv83        0  173  255    0
 84      lv84        0  172  255    0
 85      lv85        0  171  255    0
 86      lv86        0  170  255    0
 87      lv87        0  169  255    0
 88      lv88        0  168  255    0
 89      lv89        0  167  255    0
 90      lv90        0  166  255    0
 91      lv91        0  165  255    0
 92      lv92        0  164  255    0
 93      lv93        0  163  255    0
 94      lv94        0  162  255    0
 95      lv95        0  161  255    0
 96      lv96        0  160  255    0
 97      lv97        0  159  255    0
 98      lv98        0  158  255    0
 99      lv99        0  157  255    0
100      lv100        0  156  255    0
101      lv101        0  155  255    0
102      lv102        0  154  255    0
103      lv103        0  153  255    0
104      lv104        0  152  255    0
105      lv105        0  151  255    0
106      lv106        0  150  255    0
107      lv107        0  149  255    0
108      lv108        0  148  255    0
109      lv109        0  147  255    0
110      lv110        0  146  255    0
111      lv111        0  145  255    0
112      lv112        0  144  255    0
113      lv113        0  143  255    0
114      lv114        0  142  255    0
115      lv115        0  141  255    0
116      lv116        0  140  255    0
117      lv117        0  139  255    0
118      lv118        0  138  255    0
119      lv119        0  137  255    0
120      lv120        0  136  255    0
121      lv121        0  135  255    0
122      lv122        0  134  255    0
123      lv123        0  133  255    0
124      lv124        0  132  255    0
125      lv125        0  131  255    0
126      lv126        0  130  255    0
127      lv127        0  129  255    0
128      lv128        0  128  255    0
129      lv129        0  127  255    0
130      lv130        0  126  255    0
131      lv131        0  125  255    0
132      lv132        0  124  255    0
133      lv133        0  123  255    0
134      lv134        0  122  255    0
135      lv135        0  121  255    0
136      lv136        0  120  255    0
137      lv137        0  119  255    0
138      lv138        0  118  255    0
139      lv139        0  117  255    0
140      lv140        0  116  255    0
141      lv141        0  115  255    0
142      lv142        0  114  255    0
143      lv143        0  113  255    0
144      lv144        0  112  255    0
145      lv145        0  111  255    0
146      lv146        0  110  255    0
147      lv147        0  109  255    0
148      lv148        0  108  255    0
149      lv149        0  107  255    0
150      lv150        0  106  255    0
151      lv151        0  105  255    0
152      lv152        0  104  255    0
153      lv153        0  103  255    0
154      lv154        0  102  255    0
155      lv155        0  101  255    0
156      lv156        0  100  255    0
157      lv157        0   99  255    0
158      lv158        0   98  255    0
159      lv159        0   97  255    0
160      lv160        0   96  255    0
161      lv161        0   95  255    0
162      lv162        0   94  255    0
163      lv163        0   93  255    0
164      lv164        0   92  255    0
165      lv165        0   91  255    0
166      lv166        0   90  255    0
167      lv167        0   89  255    0
168      lv168        0   88  255    0
169      lv169        0   87  255    0
170      lv170        0   86  255    0
171      lv171        0   85  255    0
172      lv172        0   84  255    0
173      lv173        0   83  255    0
174      lv174        0   82  255    0
175      lv175        0   81  255    0
176      lv176        0   80  255    0
177      lv177        0   79  255    0
178      lv178        0   78  255    0
179      lv179        0   77  255    0
180      lv180        0   76  255    0
181      lv181        0   75  255    0
182      lv182        0   74  255    0
183      lv183        0   73  255    0
184      lv184        0   72  255    0
185      lv185        0   71  255    0
186      lv186        0   70  255    0
187      lv187        0   69  255    0
188      lv188        0   68  255    0
189      lv189        0   67  255    0
190      lv190        0   66  255    0
191      lv191        0   65  255    0
192      lv192        0   64  255    0
193      lv193        0   63  255    0
194      lv194        0   62  255    0
195      lv195        0   61  255    0
196      lv196        0   60  255    0
197      lv197        0   59  255    0
198      lv198        0   58  255    0
199      lv199        0   57  255    0
200      lv200        0   56  255    0
201      lv201        0   55  255    0
202      lv202        0   54  255    0
203      lv203        0   53  255    0
204      lv204        0   52  255    0
205      lv205        0   51  255    0
206      lv206        0   50  255    0
207      lv207        0   49  255    0
208      lv208        0   48  255    0
209      lv209        0   47  255    0
210      lv210        0   46  255    0
211      lv211        0   45  255    0
212      lv212        0   44  255    0
213      lv213        0   43  255    0
214      lv214        0   42  255    0
215      lv215        0   41  255    0
216      lv216        0   40  255    0
217      lv217        0   39  255    0
218      lv218        0   38  255    0
219      lv219        0   37  255    0
220      lv220        0   36  255    0
221      lv221        0   35  255    0
222      lv222        0   34  255    0
223      lv223        0   33  255    0
224      lv224        0   32  255    0
225      lv225        0   31  255    0
226      lv226        0   30  255    0
227      lv227        0   29  255    0
228      lv228        0   28  255    0
229      lv229        0   27  255    0
230      lv230        0   26  255    0
231      lv231        0   25  255    0
232      lv232        0   24  255    0
233      lv233        0   23  255    0
234      lv234        0   22  255    0
235      lv235        0   21  255    0
236      lv236        0   20  255    0
237      lv237        0   19  255    0
238      lv238        0   18  255    0
239      lv239        0   17  255    0
240      lv240        0   16  255    0
241      lv241        0   15  255    0
242      lv242        0   14  255    0
243      lv243        0   13  255    0
244      lv244        0   12  255    0
245      lv245        0   11  255    0
246      lv246        0   10  255    0
247      lv247        0    9  255    0
248      lv248        0    8  255    0
249      lv249        0    7  255    0
250      lv250        0    6  255    0
251      lv251        0    5  255    0
252      lv252        0    4  255    0
253      lv253        0    3  255    0
254      lv254        0    2  255    0
255      lv255        0    1  255    0
256      lv256        0    0  255    0
257      lv257        0    0  254    0
258      lv258        0    0  253    0
259      lv259        0    0  252    0
260      lv260        0    0  251    0
261      lv261        0    0  250    0
262      lv262        0    0  249    0
263      lv263        0    0  248    0
264      lv264        0    0  247    0
265      lv265        0    0  246    0
266      lv266        0    0  245    0
267      lv267        0    0  244    0
268      lv268        0    0  243    0
269      lv269        0    0  242    0
270      lv270        0    0  241    0
271      lv271        0    0  240    0
272      lv272        0    0  239    0
273      lv273        0    0  238    0
274      lv274        0    0  237    0
275      lv275        0    0  236    0
276      lv276        0    0  235    0
277      lv277        0    0  234    0
278      lv278        0    0  233    0
279      lv279        0    0  232    0
280      lv280        0    0  231    0
281      lv281        0    0  230    0
282      lv282        0    0  229    0
283      lv283        0    0  228    0
284      lv284        0    0  227    0
285      lv285        0    0  226    0
286      lv286        0    0  225    0
287      lv287        0    0  224    0
288      lv288        0    0  223    0
289      lv289        0    0  222    0
290      lv290        0    0  221    0
291      lv291        0    0  220    0
292      lv292        0    0  219    0
293      lv293        0    0  218    0
294      lv294        0    0  217    0
295      lv295        0    0  216    0
296      lv296        0    0  215    0
297      lv297        0    0  214    0
298      lv298        0    0  213    0
299      lv299        0    0  212    0
300      lv300        0    0  211    0
301      lv301        0    0  210    0
302      lv302        0    0  209    0
303      lv303        0    0  208    0
304      lv304        0    0  207    0
305      lv305        0    0  206    0
306      lv306        0    0  205    0
307      lv307        0    0  204    0
308      lv308        0    0  203    0
309      lv309        0    0  202    0
310      lv310        0    0  201    0
311      lv311        0    0  200    0
312      lv312        0    0  199    0
313      lv313        0    0  198    0
314      lv314        0    0  197    0
315      lv315        0    0  196    0
316      lv316        0    0  195    0
317      lv317        0    0  194    0
318      lv318        0    0  193    0
319      lv319        0    0  192    0
320      lv320        0    0  191    0
321      lv321        0    0  190    0
322      lv322        0    0  189    0
323      lv323        0    0  188    0
324      lv324        0    0  187    0
325      lv325        0    0  186    0
326      lv326        0    0  185    0
327      lv327        0    0  184    0
328      lv328        0    0  183    0
329      lv329        0    0  182    0
330      lv330        0    0  181    0
331      lv331        0    0  180    0
332      lv332        0    0  179    0
333      lv333        0    0  178    0
334      lv334        0    0  177    0
335      lv335        0    0  176    0
336      lv336        0    0  175    0
337      lv337        0    0  174    0
338      lv338        0    0  173    0
339      lv339        0    0  172    0
340      lv340        0    0  171    0
341      lv341        0    0  170    0
342      lv342        0    0  169    0
343      lv343        0    0  168    0
344      lv344        0    0  167    0
345      lv345        0    0  166    0
346      lv346        0    0  165    0
347      lv347        0    0  164    0
348      lv348        0    0  163    0
349      lv349        0    0  162    0
350      lv350        0    0  161    0
351      lv351        0    0  160    0
352      lv352        0    0  159    0
353      lv353        0    0  158    0
354      lv354        0    0  157    0
355      lv355        0    0  156    0
356      lv356        0    0  155    0
357      lv357        0    0  154    0
358      lv358        0    0  153    0
359      lv359        0    0  152    0
360      lv360        0    0  151    0
361      lv361        0    0  150    0
362      lv362        0    0  149    0
363      lv363        0    0  148    0
364      lv364        0    0  147    0
365      lv365        0    0  146    0
366      lv366        0    0  145    0
367      lv367        0    0  144    0
368      lv368        0    0  143    0
369      lv369        0    0  142    0
370      lv370        0    0  141    0
371      lv371        0    0  140    0
372      lv372        0    0  139    0
373      lv373        0    0  138    0
374      lv374        0    0  137    0
375      lv375        0    0  136    0
376      lv376        0    0  135    0
377      lv377        0    0  134    0
378      lv378        0    0  133    0
379      lv379        0    0  132    0
380      lv380        0    0  131    0
381      lv381        0    0  130    0
382      lv382        0    0  129    0
383      lv383        0    0  128    0
384      lv384        0    0  127    0
385      lv385        0    0  126    0
386      lv386        0    0  125    0
387      lv387        0    0  124    0
388      lv388        0    0  123    0
389      lv389        0    0  122    0
390      lv390        0    0  121    0
391      lv391        0    0  120    0
392      lv392        0    0  119    0
393      lv393        0    0  118    0
394      lv394        0    0  117    0
395      lv395        0    0  116    0
396      lv396        0    0  115    0
397      lv397        0    0  114    0
398      lv398        0    0  113    0
399      lv399        0    0  112    0
400      lv400        0    0  111    0
401      lv401        0    0  110    0
402      lv402        0    0  109    0
403      lv403        0    0  108    0
404      lv404        0    0  107    0
405      lv405        0    0  106    0
406      lv406        0    0  105    0
407      lv407        0    0  104    0
408      lv408        0    0  103    0
409      lv409        0    0  102    0
410      lv410        0    0  101    0
411      lv411        0    0  100    0
412      lv412        0    0   99    0
413      lv413        0    0   98    0
414      lv414        0    0   97    0
415      lv415        0    0   96    0
416      lv416        0    0   95    0
417      lv417        0    0   94    0
418      lv418        0    0   93    0
419      lv419        0    0   92    0
420      lv420        0    0   91    0
421      lv421        0    0   90    0
422      lv422        0    0   89    0
423      lv423        0    0   88    0
424      lv424        0    0   87    0
425      lv425        0    0   86    0
426      lv426        0    0   85    0
427      lv427        0    0   84    0
428      lv428        0    0   83    0
429      lv429        0    0   82    0
430      lv430        0    0   81    0
431      lv431        0    0   80    0
432      lv432        0    0   79    0
433      lv433        0    0   78    0
434      lv434        0    0   77    0
435      lv435        0    0   76    0
436      lv436        0    0   75    0
437      lv437        0    0   74    0
438      lv438        0    0   73    0
439      lv439        0    0   72    0
440      lv440        0    0   71    0
441      lv441        0    0   70    0
442      lv442        0    0   69    0
443      lv443        0    0   68    0
444      lv444        0    0   67    0
445      lv445        0    0   66    0
446      lv446        0    0   65    0
447      lv447        0    0   64    0
448      lv448        0    0   63    0
449      lv449        0    0   62    0
450      lv450        0    0   61    0
451      lv451        0    0   60    0
452      lv452        0    0   59    0
453      lv453        0    0   58    0
454      lv454        0    0   57    0
455      lv455        0    0   56    0
456      lv456        0    0   55    0
457      lv457        0    0   54    0
458      lv458        0    0   53    0
459      lv459        0    0   52    0
460      lv460        0    0   51    0
461      lv461        0    0   50    0
462      lv462        0    0   49    0
463      lv463        0    0   48    0
464      lv464        0    0   47    0
465      lv465        0    0   46    0
466      lv466        0    0   45    0
467      lv467        0    0   44    0
468      lv468        0    0   43    0
469      lv469        0    0   42    0
470      lv470        0    0   41    0
471      lv471        0    0   40    0
472      lv472        0    0   39    0
473      lv473        0    0   38    0
474      lv474        0    0   37    0
475      lv475        0    0   36    0
476      lv476        0    0   35    0
477      lv477        0    0   34    0
478      lv478        0    0   33    0
479      lv479        0    0   32    0
480      lv480        0    0   31    0
481      lv481        0    0   30    0
482      lv482        0    0   29    0
483      lv483        0    0   28    0
484      lv484        0    0   27    0
485      lv485        0    0   26    0
486      lv486        0    0   25    0
487      lv487        0    0   24    0
488      lv488        0    0   23    0
489      lv489        0    0   22    0
490      lv490        0    0   21    0
491      lv491        0    0   20    0
492      lv492        0    0   19    0
493      lv493        0    0   18    0
494      lv494        0    0   17    0
495      lv495        0    0   16    0
496      lv496        0    0   15    0
497      lv497        0    0   14    0
498      lv498        0    0   13    0
499      lv499        0    0   12    0
500      lv500        0    0   11    0
501      lv501        0    0   10    0
502      lv502        0    0    9    0
503      lv503        0    0    8    0
504      lv504        0    0    7    0
505      lv505        0    0    6    0
506      lv506        0    0    5    0
507      lv507        0    0    4    0
508      lv508        0    0    3    0
509      lv509        0    0    2    0
510      lv510        0    0    1    0
511      lv511        1    0    0    0
512      lv512        2    0    0    0
513      lv513        3    0    0    0
514      lv514        4    0    0    0
515      lv515        5    0    0    0
516      lv516        6    0    0    0
517      lv517        7    0    0    0
518      lv518        8    0    0    0
519      lv519        9    0    0    0
520      lv520       10    0    0    0
521      lv521       11    0    0    0
522      lv522       12    0    0    0
523      lv523       13    0    0    0
524      lv524       14    0    0    0
525      lv525       15    0    0    0
526      lv526       16    0    0    0
527      lv527       17    0    0    0
528      lv528       18    0    0    0
529      lv529       19    0    0    0
530      lv530       20    0    0    0
531      lv531       21    0    0    0
532      lv532       22    0    0    0
533      lv533       23    0    0    0
534      lv534       24    0    0    0
535      lv535       25    0    0    0
536      lv536       26    0    0    0
537      lv537       27    0    0    0
538      lv538       28    0    0    0
539      lv539       29    0    0    0
540      lv540       30    0    0    0
541      lv541       31    0    0    0
542      lv542       32    0    0    0
543      lv543       33    0    0    0
544      lv544       34    0    0    0
545      lv545       35    0    0    0
546      lv546       36    0    0    0
547      lv547       37    0    0    0
548      lv548       38    0    0    0
549      lv549       39    0    0    0
550      lv550       40    0    0    0
551      lv551       41    0    0    0
552      lv552       42    0    0    0
553      lv553       43    0    0    0
554      lv554       44    0    0    0
555      lv555       45    0    0    0
556      lv556       46    0    0    0
557      lv557       47    0    0    0
558      lv558       48    0    0    0
559      lv559       49    0    0    0
560      lv560       50    0    0    0
561      lv561       51    0    0    0
562      lv562       52    0    0    0
563      lv563       53    0    0    0
564      lv564       54    0    0    0
565      lv565       55    0    0    0
566      lv566       56    0    0    0
567      lv567       57    0    0    0
568      lv568       58    0    0    0
569      lv569       59    0    0    0
570      lv570       60    0    0    0
571      lv571       61    0    0    0
572      lv572       62    0    0    0
573      lv573       63    0    0    0
574      lv574       64    0    0    0
575      lv575       65    0    0    0
576      lv576       66    0    0    0
577      lv577       67    0    0    0
578      lv578       68    0    0    0
579      lv579       69    0    0    0
580      lv580       70    0    0    0
581      lv581       71    0    0    0
582      lv582       72    0    0    0
583      lv583       73    0    0    0
584      lv584       74    0    0    0
585      lv585       75    0    0    0
586      lv586       76    0    0    0
587      lv587       77    0    0    0
588      lv588       78    0    0    0
589      lv589       79    0    0    0
590      lv590       80    0    0    0
591      lv591       81    0    0    0
592      lv592       82    0    0    0
593      lv593       83    0    0    0
594      lv594       84    0    0    0
595      lv595       85    0    0    0
596      lv596       86    0    0    0
597      lv597       87    0    0    0
598      lv598       88    0    0    0
599      lv599       89    0    0    0
600      lv600       90    0    0    0
601      lv601       91    0    0    0
602      lv602       92    0    0    0
603      lv603       93    0    0    0
604      lv604       94    0    0    0
605      lv605       95    0    0    0
606      lv606       96    0    0    0
607      lv607       97    0    0    0
608      lv608       98    0    0    0
609      lv609       99    0    0    0
610      lv610      100    0    0    0
611      lv611      101    0    0    0
612      lv612      102    0    0    0
613      lv613      103    0    0    0
614      lv614      104    0    0    0
615      lv615      105    0    0    0
616      lv616      106    0    0    0
617      lv617      107    0    0    0
618      lv618      108    0    0    0
619      lv619      109    0    0    0
620      lv620      110    0    0    0
621      lv621      111    0    0    0
622      lv622      112    0    0    0
623      lv623      113    0    0    0
624      lv624      114    0    0    0
625      lv625      115    0    0    0
626      lv626      116    0    0    0
627      lv627      117    0    0    0
628      lv628      118    0    0    0
629      lv629      119    0    0    0
630      lv630      120    0    0    0
631      lv631      121    0    0    0
632      lv632      122    0    0    0
633      lv633      123    0    0    0
634      lv634      124    0    0    0
635      lv635      125    0    0    0
636      lv636      126    0    0    0
637      lv637      127    0    0    0
638      lv638      128    0    0    0
639      lv639      129    0    0    0
640      lv640      130    0    0    0
641      lv641      131    0    0    0
642      lv642      132    0    0    0
643      lv643      133    0    0    0
644      lv644      134    0    0    0
645      lv645      135    0    0    0
646      lv646      136    0    0    0
647      lv647      137    0    0    0
648      lv648      138    0    0    0
649      lv649      139    0    0    0
650      lv650      140    0    0    0
651      lv651      141    0    0    0
652      lv652      142    0    0    0
653      lv653      143    0    0    0
654      lv654      144    0    0    0
655      lv655      145    0    0    0
656      lv656      146    0    0    0
657      lv657      147    0    0    0
658      lv658      148    0    0    0
659      lv659      149    0    0    0
660      lv660      150    0    0    0
661      lv661      151    0    0    0
662      lv662      152    0    0    0
663      lv663      153    0    0    0
664      lv664      154    0    0    0
665      lv665      155    0    0    0
666      lv666      156    0    0    0
667      lv667      157    0    0    0
668      lv668      158    0    0    0
669      lv669      159    0    0    0
670      lv670      160    0    0    0
671      lv671      161    0    0    0
672      lv672      162    0    0    0
673      lv673      163    0    0    0
674      lv674      164    0    0    0
675      lv675      165    0    0    0
676      lv676      166    0    0    0
677      lv677      167    0    0    0
678      lv678      168    0    0    0
679      lv679      169    0    0    0
680      lv680      170    0    0    0
681      lv681      171    0    0    0
682      lv682      172    0    0    0
683      lv683      173    0    0    0
684      lv684      174    0    0    0
685      lv685      175    0    0    0
686      lv686      176    0    0    0
687      lv687      177    0    0    0
688      lv688      178    0    0    0
689      lv689      179    0    0    0
690      lv690      180    0    0    0
691      lv691      181    0    0    0
692      lv692      182    0    0    0
693      lv693      183    0    0    0
694      lv694      184    0    0    0
695      lv695      185    0    0    0
696      lv696      186    0    0    0
697      lv697      187    0    0    0
698      lv698      188    0    0    0
699      lv699      189    0    0    0
700      lv700      190    0    0    0
701      lv701      191    0    0    0
702      lv702      192    0    0    0
703      lv703      193    0    0    0
704      lv704      194    0    0    0
705      lv705      195    0    0    0
706      lv706      196    0    0    0
707      lv707      197    0    0    0
708      lv708      198    0    0    0
709      lv709      199    0    0    0
710      lv710      200    0    0    0
711      lv711      201    0    0    0
712      lv712      202    0    0    0
713      lv713      203    0    0    0
714      lv714      204    0    0    0
715      lv715      205    0    0    0
716      lv716      206    0    0    0
717      lv717      207    0    0    0
718      lv718      208    0    0    0
719      lv719      209    0    0    0
720      lv720      210    0    0    0
721      lv721      211    0    0    0
722      lv722      212    0    0    0
723      lv723      213    0    0    0
724      lv724      214    0    0    0
725      lv725      215    0    0    0
726      lv726      216    0    0    0
727      lv727      217    0    0    0
728      lv728      218    0    0    0
729      lv729      219    0    0    0
730      lv730      220    0    0    0
731      lv731      221    0    0    0
732      lv732      222    0    0    0
733      lv733      223    0    0    0
734      lv734      224    0    0    0
735      lv735      225    0    0    0
736      lv736      226    0    0    0
737      lv737      227    0    0    0
738      lv738      228    0    0    0
739      lv739      229    0    0    0
740      lv740      230    0    0    0
741      lv741      231    0    0    0
742      lv742      232    0    0    0
743      lv743      233    0    0    0
744      lv744      234    0    0    0
745      lv745      235    0    0    0
746      lv746      236    0    0    0
747      lv747      237    0    0    0
748      lv748      238    0    0    0
749      lv749      239    0    0    0
750      lv750      240    0    0    0
751      lv751      241    0    0    0
752      lv752      242    0    0    0
753      lv753      243    0    0    0
754      lv754      244    0    0    0
755      lv755      245    0    0    0
756      lv756      246    0    0    0
757      lv757      247    0    0    0
758      lv758      248    0    0    0
759      lv759      249    0    0    0
760      lv760      250    0    0    0
761      lv761      251    0    0    0
762      lv762      252    0    0    0
763      lv763      253    0    0    0
764      lv764      254    0    0    0
765      lv765      255    0    0    0
766      lv766      255    1    0    0
767      lv767      255    2    0    0
768      lv768      255    3    0    0
769      lv769      255    4    0    0
770      lv770      255    5    0    0
771      lv771      255    6    0    0
772      lv772      255    7    0    0
773      lv773      255    8    0    0
774      lv774      255    9    0    0
775      lv775      255   10    0    0
776      lv776      255   11    0    0
777      lv777      255   12    0    0
778      lv778      255   13    0    0
779      lv779      255   14    0    0
780      lv780      255   15    0    0
781      lv781      255   16    0    0
782      lv782      255   17    0    0
783      lv783      255   18    0    0
784      lv784      255   19    0    0
785      lv785      255   20    0    0
786      lv786      255   21    0    0
787      lv787      255   22    0    0
788      lv788      255   23    0    0
789      lv789      255   24    0    0
790      lv790      255   25    0    0
791      lv791      255   26    0    0
792      lv792      255   27    0    0
793      lv793      255   28    0    0
794      lv794      255   29    0    0
795      lv795      255   30    0    0
796      lv796      255   31    0    0
797      lv797      255   32    0    0
798      lv798      255   33    0    0
799      lv799      255   34    0    0
800      lv800      255   35    0    0
801      lv801      255   36    0    0
802      lv802      255   37    0    0
803      lv803      255   38    0    0
804      lv804      255   39    0    0
805      lv805      255   40    0    0
806      lv806      255   41    0    0
807      lv807      255   42    0    0
808      lv808      255   43    0    0
809      lv809      255   44    0    0
810      lv810      255   45    0    0
811      lv811      255   46    0    0
812      lv812      255   47    0    0
813      lv813      255   48    0    0
814      lv814      255   49    0    0
815      lv815      255   50    0    0
816      lv816      255   51    0    0
817      lv817      255   52    0    0
818      lv818      255   53    0    0
819      lv819      255   54    0    0
820      lv820      255   55    0    0
821      lv821      255   56    0    0
822      lv822      255   57    0    0
823      lv823      255   58    0    0
824      lv824      255   59    0    0
825      lv825      255   60    0    0
826      lv826      255   61    0    0
827      lv827      255   62    0    0
828      lv828      255   63    0    0
829      lv829      255   64    0    0
830      lv830      255   65    0    0
831      lv831      255   66    0    0
832      lv832      255   67    0    0
833      lv833      255   68    0    0
834      lv834      255   69    0    0
835      lv835      255   70    0    0
836      lv836      255   71    0    0
837      lv837      255   72    0    0
838      lv838      255   73    0    0
839      lv839      255   74    0    0
840      lv840      255   75    0    0
841      lv841      255   76    0    0
842      lv842      255   77    0    0
843      lv843      255   78    0    0
844      lv844      255   79    0    0
845      lv845      255   80    0    0
846      lv846      255   81    0    0
847      lv847      255   82    0    0
848      lv848      255   83    0    0
849      lv849      255   84    0    0
850      lv850      255   85    0    0
851      lv851      255   86    0    0
852      lv852      255   87    0    0
853      lv853      255   88    0    0
854      lv854      255   89    0    0
855      lv855      255   90    0    0
856      lv856      255   91    0    0
857      lv857      255   92    0    0
858      lv858      255   93    0    0
859      lv859      255   94    0    0
860      lv860      255   95    0    0
861      lv861      255   96    0    0
862      lv862      255   97    0    0
863      lv863      255   98    0    0
864      lv864      255   99    0    0
865      lv865      255  100    0    0
866      lv866      255  101    0    0
867      lv867      255  102    0    0
868      lv868      255  103    0    0
869      lv869      255  104    0    0
870      lv870      255  105    0    0
871      lv871      255  106    0    0
872      lv872      255  107    0    0
873      lv873      255  108    0    0
874      lv874      255  109    0    0
875      lv875      255  110    0    0
876      lv876      255  111    0    0
877      lv877      255  112    0    0
878      lv878      255  113    0    0
879      lv879      255  114    0    0
880      lv880      255  115    0    0
881      lv881      255  116    0    0
882      lv882      255  117    0    0
883      lv883      255  118    0    0
884      lv884      255  119    0    0
885      lv885      255  120    0    0
886      lv886      255  121    0    0
887      lv887      255  122    0    0
888      lv888      255  123    0    0
889      lv889      255  124    0    0
890      lv890      255  125    0    0
891      lv891      255  126    0    0
892      lv892      255  127    0    0
893      lv893      255  128    0    0
894      lv894      255  129    0    0
895      lv895      255  130    0    0
896      lv896      255  131    0    0
897      lv897      255  132    0    0
898      lv898      255  133    0    0
899      lv899      255  134    0    0
900      lv900      255  135    0    0
901      lv901      255  136    0    0
902      lv902      255  137    0    0
903      lv903      255  138    0    0
904      lv904      255  139    0    0
905      lv905      255  140    0    0
906      lv906      255  141    0    0
907      lv907      255  142    0    0
908      lv908      255  143    0    0
909      lv909      255  144    0    0
910      lv910      255  145    0    0
911      lv911      255  146    0    0
912      lv912      255  147    0    0
913      lv913      255  148    0    0
914      lv914      255  149    0    0
915      lv915      255  150    0    0
916      lv916      255  151    0    0
917      lv917      255  152    0    0
918      lv918      255  153    0    0
919      lv919      255  154    0    0
920      lv920      255  155    0    0
921      lv921      255  156    0    0
922      lv922      255  157    0    0
923      lv923      255  158    0    0
924      lv924      255  159    0    0
925      lv925      255  160    0    0
926      lv926      255  161    0    0
927      lv927      255  162    0    0
928      lv928      255  163    0    0
929      lv929      255  164    0    0
930      lv930      255  165    0    0
931      lv931      255  166    0    0
932      lv932      255  167    0    0
933      lv933      255  168    0    0
934      lv934      255  169    0    0
935      lv935      255  170    0    0
936      lv936      255  171    0    0
937      lv937      255  172    0    0
938      lv938      255  173    0    0
939      lv939      255  174    0    0
940      lv940      255  175    0    0
941      lv941      255  176    0    0
942      lv942      255  177    0    0
943      lv943      255  178    0    0
944      lv944      255  179    0    0
945      lv945      255  180    0    0
946      lv946      255  181    0    0
947      lv947      255  182    0    0
948      lv948      255  183    0    0
949      lv949      255  184    0    0
950      lv950      255  185    0    0
951      lv951      255  186    0    0
952      lv952      255  187    0    0
953      lv953      255  188    0    0
954      lv954      255  189    0    0
955      lv955      255  190    0    0
956      lv956      255  191    0    0
957      lv957      255  192    0    0
958      lv958      255  193    0    0
959      lv959      255  194    0    0
960      lv960      255  195    0    0
961      lv961      255  196    0    0
962      lv962      255  197    0    0
963      lv963      255  198    0    0
964      lv964      255  199    0    0
965      lv965      255  200    0    0
966      lv966      255  201    0    0
967      lv967      255  202    0    0
968      lv968      255  203    0    0
969      lv969      255  204    0    0
970      lv970      255  205    0    0
971      lv971      255  206    0    0
972      lv972      255  207    0    0
973      lv973      255  208    0    0
974      lv974      255  209    0    0
975      lv975      255  210    0    0
976      lv976      255  211    0    0
977      lv977      255  212    0    0
978      lv978      255  213    0    0
979      lv979      255  214    0    0
980      lv980      255  215    0    0
981      lv981      255  216    0    0
982      lv982      255  217    0    0
983      lv983      255  218    0    0
984      lv984      255  219    0    0
985      lv985      255  220    0    0
986      lv986      255  221    0    0
987      lv987      255  222    0    0
988      lv988      255  223    0    0
989      lv989      255  224    0    0
990      lv990      255  225    0    0
991      lv991      255  226    0    0
992      lv992      255  227    0    0
993      lv993      255  228    0    0
994      lv994      255  229    0    0
995      lv995      255  230    0    0
996      lv996      255  231    0    0
997      lv997      255  232    0    0
998      lv998      255  233    0    0
999      lv999      255  234    0    0
1000      lv1000      255  235    0    0
1001      lv1001      255  236    0    0
1002      lv1002      255  237    0    0
1003      lv1003      255  238    0    0
1004      lv1004      255  239    0    0
1005      lv1005      255  240    0    0
1006      lv1006      255  241    0    0
1007      lv1007      255  242    0    0
1008      lv1008      255  243    0    0
1009      lv1009      255  244    0    0
1010      lv1010      255  245    0    0
1011      lv1011      255  246    0    0
1012      lv1012      255  247    0    0
1013      lv1013      255  248    0    0
1014      lv1014      255  249    0    0
1015      lv1015      255  250    0    0
1016      lv1016      255  251    0    0
1017      lv1017      255  252    0    0
1018      lv1018      255  253    0    0
1019      lv1019      255  254    0    0
1020      lv1020      255  255    0    0
