#!ascii label, from subject  
20
33 58.788658 -80.911911 0.000000 0.000000
413 52.357708 -84.402420 11.731727 0.000000
929 48.757175 -85.542587 17.532581 0.000000
942 50.887497 -82.532150 24.543612 0.000000
1925 55.708199 -82.852203 5.880866 0.000000
1942 58.098553 -74.540970 32.724819 0.000000
2849 46.866901 -85.962654 20.403004 0.000000
2861 48.827187 -82.842194 27.504049 0.000000
2862 47.937057 -84.462433 23.913521 0.000000
2863 49.857338 -84.102386 21.053099 0.000000
4229 54.067959 -83.682327 8.811297 0.000000
4263 54.588032 -78.741585 28.694225 0.000000
4264 55.338146 -76.831306 32.204742 0.000000
4265 57.388451 -76.511261 29.234303 0.000000
6281 50.587448 -85.022507 14.642156 0.000000
6303 51.737614 -80.841904 28.114140 0.000000
6304 53.767914 -80.491844 25.143700 0.000000
6306 52.797768 -82.132095 21.673191 0.000000
6307 51.737614 -83.642319 18.172674 0.000000
8381 57.278435 -81.932060 2.940433 0.000000
