#!ascii label, from subject  
771
21 68.830132 50.007362 52.577736 0.000000
22 58.788658 80.911911 0.000000 0.000000
43 -13.822034 42.536259 89.453171 0.000000
52 44.926617 86.282700 23.253424 0.000000
53 67.089867 68.830132 27.644068 0.000000
54 50.147381 70.210342 50.577446 0.000000
96 22.813358 70.210342 67.469933 0.000000
109 44.726585 52.577736 72.370651 0.000000
112 68.170029 69.390213 -23.253424 0.000000
114 80.911911 58.788658 0.000000 0.000000
116 -14.372116 96.204163 -23.253424 0.000000
120 -44.726585 85.082527 27.644068 0.000000
121 -30.904547 95.124001 0.000000 0.000000
172 36.635391 86.502731 34.315052 0.000000
173 48.157089 79.271660 37.395504 0.000000
174 39.265778 78.391533 48.117085 0.000000
216 -9.681425 56.438309 82.002068 0.000000
217 5.550817 60.158852 79.701729 0.000000
219 19.722902 60.688934 77.011337 0.000000
241 34.125023 62.029129 70.640404 0.000000
247 64.089439 75.881172 -11.731727 0.000000
248 75.311089 64.749535 -11.741728 0.000000
249 70.720406 70.720406 0.000000 0.000000
250 68.810135 60.158852 40.615978 0.000000
251 77.671440 56.438309 28.014122 0.000000
255 -7.251067 99.054581 -11.731727 0.000000
260 52.397709 84.032372 -13.992060 0.000000
261 57.038395 78.031494 -25.713783 0.000000
268 -22.873365 96.654228 -11.741728 0.000000
382 52.357708 84.402420 11.731727 0.000000
383 63.719379 75.801163 13.992060 0.000000
384 56.588333 78.361534 25.713783 0.000000
385 59.228718 70.240341 39.515816 0.000000
386 60.058842 60.688934 52.077667 0.000000
388 15.642302 98.784538 0.000000 0.000000
390 38.305637 91.633484 11.741728 0.000000
493 36.955441 71.140480 59.798801 0.000000
494 47.927055 62.029129 62.109142 0.000000
495 57.488464 51.937645 63.259312 0.000000
497 55.008099 39.965881 73.340790 0.000000
498 67.159889 38.625687 63.259312 0.000000
507 75.001038 64.669525 14.012063 0.000000
513 -14.312106 86.502731 -48.117085 0.000000
514 -7.631124 92.443611 -37.395504 0.000000
526 -38.325642 91.313438 14.012063 0.000000
597 -11.911754 79.271660 -59.798801 0.000000
652 32.214745 85.992653 39.615833 0.000000
653 38.075603 82.722176 41.356091 0.000000
654 33.534935 81.932060 46.536850 0.000000
656 29.014271 89.303146 34.425064 0.000000
696 3.400501 53.687908 84.312416 0.000000
697 10.931609 55.258133 82.642174 0.000000
698 12.671865 60.578918 78.561562 0.000000
699 18.022654 55.478168 81.241959 0.000000
721 25.363733 56.458309 78.561562 0.000000
727 61.589069 78.581566 -5.880866 0.000000
728 67.579948 73.490814 -5.880866 0.000000
729 64.949562 76.051193 0.000000 0.000000
730 69.030159 55.258133 46.736877 0.000000
738 52.257690 85.272545 0.000000 0.000000
739 49.067219 86.862785 -7.021034 0.000000
740 55.768211 82.722176 -7.021034 0.000000
741 58.398594 80.161804 -12.901898 0.000000
748 -11.481689 99.174591 -5.880866 0.000000
877 48.757175 85.542587 17.532581 0.000000
878 54.648045 81.632019 18.782766 0.000000
879 50.887497 82.532150 24.543612 0.000000
880 49.317257 74.991043 44.136497 0.000000
881 53.837925 74.951035 38.555679 0.000000
882 54.828072 70.410370 45.166649 0.000000
883 59.828812 65.669670 45.936764 0.000000
884 55.238129 65.609657 51.447575 0.000000
888 37.605534 89.653198 23.473455 0.000000
889 34.265041 92.283585 17.692604 0.000000
890 41.726143 89.183136 17.542583 0.000000
891 45.476696 88.292999 11.781734 0.000000
1003 -7.501105 62.839252 77.441399 0.000000
1004 -15.402267 60.758945 77.941475 0.000000
1005 -13.191941 66.969856 73.100754 0.000000
1010 15.872337 70.410370 69.230194 0.000000
1081 31.294607 74.951035 58.358593 0.000000
1082 29.984415 70.910439 63.839397 0.000000
1083 39.525818 57.458458 71.690552 0.000000
1084 41.156059 62.239166 66.599800 0.000000
1085 46.446835 57.458458 67.409927 0.000000
1086 52.837776 57.118408 62.839252 0.000000
1087 51.267548 52.417717 68.020012 0.000000
1093 59.618774 33.234890 73.100754 0.000000
1094 61.279018 39.415802 68.520088 0.000000
1095 65.699677 32.554794 68.020012 0.000000
1096 70.650398 32.594799 62.839252 0.000000
1097 68.990158 26.423889 67.409927 0.000000
1102 69.730263 65.639656 -28.854248 0.000000
1105 78.311531 61.929115 -5.890867 0.000000
1107 83.102234 55.348145 -5.890867 0.000000
1108 87.192833 48.627155 -5.890867 0.000000
1109 85.272545 52.257690 0.000000 0.000000
1110 65.609657 72.540680 20.883076 0.000000
1111 69.580238 70.460373 14.042068 0.000000
1112 71.280495 66.969856 20.893076 0.000000
1125 -17.832624 94.083847 -28.854248 0.000000
1126 -14.452127 92.203568 -35.945290 0.000000
1127 -11.041625 94.633934 -30.424479 0.000000
1133 23.343437 97.254311 0.000000 0.000000
1143 62.769241 73.900879 -24.543612 0.000000
1152 -51.007507 81.762039 26.743937 0.000000
1154 -48.717171 84.812477 20.883076 0.000000
1160 -34.735111 93.523766 7.031035 0.000000
1161 -41.996185 90.493324 7.021034 0.000000
1162 -38.275635 92.403603 0.000000 0.000000
1165 -18.672749 96.674232 -17.542583 0.000000
1166 -26.523903 94.793953 -17.692604 0.000000
1167 -22.273279 94.633934 -23.473455 0.000000
1327 -7.521107 86.602745 -49.467281 0.000000
1328 -13.141934 83.092232 -54.087959 0.000000
1462 40.876015 86.602745 28.854248 0.000000
1463 46.696873 83.052223 30.424479 0.000000
1464 42.496254 83.092232 35.945290 0.000000
1465 43.826450 79.031631 42.856308 0.000000
1466 44.816597 74.480965 49.467281 0.000000
1470 33.414917 89.693207 29.004269 0.000000
1538 -11.791736 49.647308 86.012665 0.000000
1539 -4.240624 51.807625 85.442581 0.000000
1540 -2.070305 58.478607 81.111938 0.000000
1541 0.140021 64.689522 76.271233 0.000000
1543 7.221063 65.359619 75.361092 0.000000
1544 14.332109 65.669670 74.060898 0.000000
1545 21.313137 65.609657 72.410652 0.000000
1585 28.544203 66.289757 69.230194 0.000000
1586 27.003977 61.559055 74.060898 0.000000
1587 32.574795 57.118408 75.361092 0.000000
1588 37.915581 52.417717 76.271233 0.000000
1597 66.289757 72.810715 -17.532581 0.000000
1598 71.930588 67.239891 -17.542583 0.000000
1599 69.920296 70.530388 -11.781734 0.000000
1600 73.200768 67.899994 -5.890867 0.000000
1601 76.051193 64.949562 0.000000 0.000000
1602 68.160034 64.689522 34.235039 0.000000
1603 72.620689 62.839252 27.924109 0.000000
1604 73.470818 58.478607 34.425064 0.000000
1611 -10.841596 97.864403 -17.532581 0.000000
1612 -7.341080 96.674232 -24.543612 0.000000
1620 48.717171 84.812477 -20.883076 0.000000
1622 54.848072 81.231956 -19.902929 0.000000
1623 60.758945 77.191360 -18.782766 0.000000
1634 -26.953966 96.134155 -5.890867 0.000000
1635 -19.302843 97.954414 -5.890867 0.000000
1636 -15.112225 98.164452 -11.781734 0.000000
1852 55.708199 82.852203 5.880866 0.000000
1853 61.449047 78.601570 7.021034 0.000000
1854 58.188564 80.311821 12.901898 0.000000
1855 60.298878 77.271378 19.902929 0.000000
1856 61.999123 73.780861 26.743937 0.000000
1857 52.507725 79.021629 31.634657 0.000000
1858 58.098553 74.540970 32.724819 0.000000
1859 63.319317 69.710266 33.664955 0.000000
1860 64.169449 65.359619 40.165913 0.000000
1861 64.599510 60.578918 46.466839 0.000000
1862 64.599510 55.478168 52.457722 0.000000
1867 26.953966 96.134155 5.890867 0.000000
1869 30.694517 94.453903 11.781734 0.000000
1872 49.007214 86.982803 5.880866 0.000000
2125 32.474781 78.651581 52.547733 0.000000
2126 38.205624 74.951035 54.087959 0.000000
2127 43.696430 70.910439 55.368153 0.000000
2128 35.635246 66.759827 65.389633 0.000000
2129 42.556263 66.759827 61.118996 0.000000
2130 49.157234 66.289757 56.488319 0.000000
2131 54.167973 61.559055 57.278435 0.000000
2132 58.928677 56.458309 57.818512 0.000000
2133 63.349331 51.127529 58.098553 0.000000
2139 50.037365 46.426834 73.100754 0.000000
2140 56.428303 46.096786 68.520088 0.000000
2141 62.529202 45.436687 63.469341 0.000000
2142 68.200043 44.456543 58.098553 0.000000
2143 71.910583 38.595680 57.818512 0.000000
2163 67.449921 73.510818 7.021034 0.000000
2164 73.090752 67.909996 7.021034 0.000000
2165 78.221512 61.929115 7.031035 0.000000
2166 76.601280 60.758945 21.083103 0.000000
2167 80.111794 58.208569 14.052068 0.000000
2168 83.072235 55.248131 7.031035 0.000000
2182 -17.822622 89.303146 -41.356091 0.000000
2183 -11.001619 89.693207 -42.856308 0.000000
2185 -3.970585 94.793953 -31.634657 0.000000
2191 11.361672 99.114586 -7.021034 0.000000
2222 -41.666134 88.493027 20.893076 0.000000
2223 -45.506699 87.942947 14.042068 0.000000
2229 -30.694517 94.453903 -11.781734 0.000000
2427 -19.952936 82.722176 -52.547733 0.000000
2428 -18.742758 79.031631 -58.358593 0.000000
2573 32.904846 84.032372 43.106342 0.000000
2618 14.492133 55.408157 81.992073 0.000000
2647 60.218868 79.791748 -2.940433 0.000000
2648 63.309322 77.371391 -2.940433 0.000000
2649 61.919109 78.541557 0.000000 0.000000
2650 68.980156 52.667751 49.697315 0.000000
2658 55.568176 83.162247 0.000000 0.000000
2659 54.057957 84.072372 -3.510517 0.000000
2660 57.318436 81.882057 -3.510517 0.000000
2661 58.718647 80.711876 -6.450949 0.000000
2797 46.866901 85.962654 20.403004 0.000000
2798 49.857338 84.102386 21.053099 0.000000
2799 47.937057 84.462433 23.913521 0.000000
2800 49.767323 72.660690 47.396976 0.000000
2801 52.107674 72.750710 44.676579 0.000000
2802 52.517731 70.360359 47.907055 0.000000
2803 55.078106 68.060013 48.347118 0.000000
2804 52.717762 67.950005 51.047516 0.000000
2808 41.296082 88.042961 23.383442 0.000000
2809 39.685841 89.483170 20.523022 0.000000
2810 43.356380 87.792923 20.413004 0.000000
2811 45.276665 87.432869 17.552586 0.000000
2922 -16.752466 44.856606 87.812927 0.000000
2923 -6.400942 65.889694 74.971031 0.000000
2924 -10.351524 64.959564 75.341095 0.000000
2930 19.362850 70.360359 68.400070 0.000000
2932 20.132963 72.660690 65.709671 0.000000
2934 23.523462 72.390656 64.879555 0.000000
3001 27.113993 72.740700 63.059284 0.000000
3002 26.423889 70.620399 65.709671 0.000000
3003 42.156208 55.048103 72.080612 0.000000
3004 43.026333 57.498463 69.610245 0.000000
3005 45.616714 55.048103 69.940292 0.000000
3006 48.887192 54.968090 67.759972 0.000000
3007 48.037075 52.537735 70.250343 0.000000
3013 61.779091 29.794384 72.800720 0.000000
3014 62.709229 32.924847 70.620399 0.000000
3015 64.809540 29.444334 70.250343 0.000000
3016 67.389915 29.504341 67.759972 0.000000
3017 66.449776 26.373882 69.940292 0.000000
3022 68.990158 67.549942 -26.063837 0.000000
3024 70.970444 66.479782 -23.383442 0.000000
3025 79.661728 60.398895 -2.950434 0.000000
3026 80.771889 58.688637 -5.890867 0.000000
3027 82.062080 57.098408 -2.950434 0.000000
3028 84.242401 53.837925 -2.950434 0.000000
3029 83.162247 55.568176 0.000000 0.000000
3030 66.399773 70.740417 24.283573 0.000000
3031 68.500084 69.810280 20.903078 0.000000
3032 69.240196 67.959999 24.293575 0.000000
3045 -16.112371 95.204018 -26.063837 0.000000
3046 -14.442126 94.413902 -29.654366 0.000000
3047 -12.711872 95.494057 -26.853952 0.000000
3053 27.143997 96.264168 0.000000 0.000000
3063 65.509644 71.690552 -23.913521 0.000000
3064 63.699379 72.030602 -27.504049 0.000000
3065 66.419777 69.790276 -26.853952 0.000000
3070 -45.756737 83.472290 30.674513 0.000000
3071 -48.917202 81.832047 30.234451 0.000000
3072 -47.897049 83.472290 27.214006 0.000000
3073 -49.897343 83.342270 23.833508 0.000000
3074 -46.756882 85.012512 24.283573 0.000000
3078 -28.914255 95.684090 3.520518 0.000000
3079 -30.834538 94.883972 7.031035 0.000000
3080 -32.844833 94.403893 3.520518 0.000000
3081 -36.535378 93.033691 3.520518 0.000000
3082 -34.615097 93.833809 0.000000 0.000000
3083 -36.505375 93.063698 -2.950434 0.000000
3084 -32.824833 94.433899 -2.950434 0.000000
3085 -16.532433 96.504211 -20.413004 0.000000
3086 -20.483015 95.714096 -20.523022 0.000000
3087 -18.332699 95.494057 -23.383442 0.000000
3088 -20.062952 94.413902 -26.183853 0.000000
3248 -6.931021 84.872498 -52.447720 0.000000
3397 38.775707 86.602745 31.604654 0.000000
3398 41.726143 84.912491 32.424774 0.000000
3399 39.595829 84.852486 35.155178 0.000000
3400 38.705700 80.621872 44.766590 0.000000
3401 40.976032 80.921906 42.136204 0.000000
3402 41.566120 78.761597 45.516697 0.000000
3403 44.356533 76.821312 46.196800 0.000000
3404 42.066193 76.481262 48.817184 0.000000
3408 32.854836 87.982956 34.405067 0.000000
3409 31.234598 89.553185 31.734671 0.000000
3410 35.045158 88.152977 31.684664 0.000000
3411 37.175472 88.222984 28.954264 0.000000
3521 -5.280777 48.357117 87.382866 0.000000
3522 -1.510222 49.367268 86.972801 0.000000
3523 4.480659 56.968384 82.082085 0.000000
3524 0.670099 56.128265 82.782188 0.000000
3525 1.740256 59.368736 80.471848 0.000000
3526 -0.970143 61.639072 78.761597 0.000000
3527 2.850420 62.479198 78.051491 0.000000
3528 3.680542 65.069580 75.861168 0.000000
3529 6.390941 62.799244 77.581421 0.000000
3530 16.202385 60.678932 77.841461 0.000000
3531 13.511990 63.169304 76.361237 0.000000
3532 17.042507 63.229309 75.591125 0.000000
3533 17.832624 65.679665 73.280785 0.000000
3534 20.533024 63.189301 74.761002 0.000000
3601 24.173559 63.619366 73.280785 0.000000
3602 23.383442 61.169003 75.591125 0.000000
3603 28.134142 54.227985 79.181656 0.000000
3604 28.994268 56.838367 77.021339 0.000000
3605 31.744675 54.558029 77.581421 0.000000
3606 35.265194 54.808067 75.861168 0.000000
3607 34.415066 52.217686 78.051491 0.000000
3622 65.229607 74.390945 -14.642156 0.000000
3623 68.150032 71.720558 -14.662157 0.000000
3624 67.059868 73.260780 -11.761731 0.000000
3625 69.200188 72.150620 -2.940433 0.000000
3626 70.440369 70.750420 -5.890867 0.000000
3627 72.000595 69.350212 -2.940433 0.000000
3628 74.670990 66.469780 -2.940433 0.000000
3629 73.440811 67.889992 0.000000 0.000000
3630 68.540085 62.479198 37.455513 0.000000
3631 70.870430 61.639072 34.355057 0.000000
3632 71.200485 59.368736 37.545528 0.000000
3645 -9.051332 98.524498 -14.642156 0.000000
3646 -7.311076 98.074432 -18.172674 0.000000
3647 -5.520813 98.684525 -15.272248 0.000000
3656 50.777477 85.522583 -10.511547 0.000000
3657 47.326965 87.472878 -10.541552 0.000000
3658 48.997211 86.052666 -14.032066 0.000000
3660 50.597450 84.492432 -17.452570 0.000000
3661 51.817631 83.072235 -20.403004 0.000000
3662 53.657898 82.682167 -16.952494 0.000000
3663 61.289021 78.071487 -12.321814 0.000000
3664 59.608776 78.731590 -15.852334 0.000000
3665 62.469196 76.591278 -15.272248 0.000000
3666 63.559361 75.051048 -18.172674 0.000000
3683 -21.343142 97.664368 -2.940433 0.000000
3684 -17.482573 98.434486 -2.940433 0.000000
3685 -9.371379 99.184601 -8.811297 0.000000
3686 -13.301958 98.734535 -8.831300 0.000000
3687 -11.191648 98.684525 -11.761731 0.000000
3688 -12.981912 98.074432 -14.662157 0.000000
4072 54.067959 83.682327 8.811297 0.000000
4073 56.988392 81.652016 9.401383 0.000000
4074 55.308136 82.412132 12.321814 0.000000
4075 55.658195 80.061783 22.263277 0.000000
4076 57.508465 79.501701 19.352850 0.000000
4077 58.478607 77.861458 22.823359 0.000000
4078 61.199009 75.581123 23.343437 0.000000
4079 59.328735 76.121208 26.243862 0.000000
4080 47.466988 81.231956 33.934994 0.000000
4081 49.637306 81.091942 31.054571 0.000000
4082 50.367416 79.201653 34.545086 0.000000
4083 56.568325 72.640694 39.065750 0.000000
4084 55.998241 74.801010 35.665249 0.000000
4085 58.708641 72.450661 36.145321 0.000000
4086 60.748943 72.180626 33.214890 0.000000
4087 61.309025 70.020309 36.615391 0.000000
4088 63.799393 67.589951 36.945438 0.000000
4089 61.739082 67.839989 39.865868 0.000000
4090 59.988831 63.229309 49.047218 0.000000
4091 62.259163 63.169304 46.226803 0.000000
4092 62.369183 60.678932 49.307259 0.000000
4093 64.649513 58.078548 49.497284 0.000000
4094 62.369183 58.118557 52.297695 0.000000
4101 23.153408 97.124298 5.890867 0.000000
4102 24.933670 96.454201 8.821300 0.000000
4106 36.305344 92.023544 14.732169 0.000000
4107 32.494785 93.433754 14.752171 0.000000
4108 34.525082 93.123711 11.771733 0.000000
4109 32.714813 94.093849 8.841302 0.000000
4113 48.957203 86.412720 11.761731 0.000000
4114 47.266960 87.692909 8.831300 0.000000
4115 50.717464 85.752625 8.811297 0.000000
4116 52.397709 84.982513 5.890867 0.000000
4443 -10.741581 53.087814 84.082375 0.000000
4444 -14.692163 51.907639 84.222397 0.000000
4445 -13.632007 55.298141 82.212105 0.000000
4683 34.145027 73.090752 59.118698 0.000000
4684 34.775120 75.011040 56.268284 0.000000
4685 37.605534 73.090752 56.978390 0.000000
4686 40.976032 72.970741 54.758060 0.000000
4687 40.355938 71.080460 57.628487 0.000000
4688 31.354614 64.209457 69.980301 0.000000
4689 32.114727 66.579803 67.369919 0.000000
4690 34.895138 64.439484 68.060013 0.000000
4691 44.576561 62.189156 64.409485 0.000000
4692 41.886166 64.539497 63.899406 0.000000
4693 45.266666 64.439484 61.649075 0.000000
4694 45.896755 66.579803 58.848663 0.000000
4695 48.577148 64.209457 59.338734 0.000000
4696 51.697609 63.959415 56.918381 0.000000
4697 51.087521 61.839104 59.738792 0.000000
4698 55.198128 54.558029 63.079285 0.000000
4699 55.928230 56.838367 60.378887 0.000000
4700 58.248577 54.227985 60.578918 0.000000
4701 61.179005 53.827927 57.988537 0.000000
4702 60.468903 51.567593 60.718937 0.000000
4718 52.567738 43.236362 73.280785 0.000000
4719 53.267841 46.296818 70.860435 0.000000
4720 55.758209 43.066338 70.990456 0.000000
4721 64.269463 39.055748 65.939705 0.000000
4722 61.949120 42.456245 66.049721 0.000000
4723 64.899551 42.066193 63.419338 0.000000
4724 65.419632 44.976624 60.828953 0.000000
4725 67.729973 41.566120 60.718937 0.000000
4726 70.100327 41.546116 57.988537 0.000000
4727 69.580238 38.635689 60.578918 0.000000
4728 72.270630 29.524345 62.509201 0.000000
4729 73.010750 32.564796 60.098846 0.000000
4755 73.670837 66.039719 -14.652158 0.000000
4756 74.610985 64.219452 -17.632597 0.000000
4757 76.291229 62.969269 -14.732169 0.000000
4765 88.212990 47.046925 -2.940433 0.000000
4767 90.003258 43.516403 -2.940433 0.000000
4770 62.629223 77.261375 10.511547 0.000000
4771 64.499496 76.111198 7.021034 0.000000
4772 65.639656 74.721001 10.511547 0.000000
4773 72.350647 67.619957 14.042068 0.000000
4774 71.400513 69.240196 10.541552 0.000000
4775 74.100906 66.339760 10.521549 0.000000
4776 75.711151 64.969574 7.031035 0.000000
4777 76.671288 63.349331 10.521549 0.000000
4778 75.211067 59.688789 27.994122 0.000000
4779 74.670990 61.849102 24.523609 0.000000
4780 77.201370 58.648628 24.573616 0.000000
4782 80.851898 56.188271 17.582588 0.000000
4783 82.462143 54.818066 14.042068 0.000000
4784 81.662025 56.778362 10.551554 0.000000
4785 83.942360 53.337849 10.521549 0.000000
4786 85.182541 51.927647 7.031035 0.000000
4817 -19.532875 90.483322 -37.865574 0.000000
4818 -11.051627 92.383591 -36.695400 0.000000
4819 -12.741876 91.023392 -39.435806 0.000000
4820 -9.321372 91.123413 -40.155910 0.000000
4821 -7.591117 89.723206 -43.526409 0.000000
4822 -5.910870 91.123413 -40.796005 0.000000
4823 -3.810561 96.724236 -25.143700 0.000000
4824 -5.660833 95.814110 -28.114140 0.000000
4838 11.751730 99.324615 0.000000 0.000000
4839 9.611416 99.494644 -3.510517 0.000000
4840 13.511990 99.034576 -3.510517 0.000000
4868 54.057957 79.951767 -26.243862 0.000000
4920 -40.025894 89.973251 17.462572 0.000000
4921 -43.616421 88.282997 17.482573 0.000000
4922 -41.946178 89.703209 14.042068 0.000000
4924 -45.566704 88.753059 7.031035 0.000000
4935 -24.933670 96.454201 -8.821300 0.000000
4936 -28.844246 95.354042 -8.841302 0.000000
4937 -26.803947 95.634079 -11.771733 0.000000
5422 -17.682604 86.302704 -47.346970 0.000000
5424 -17.152525 84.682465 -50.377419 0.000000
5425 -12.531845 81.231956 -56.978390 0.000000
5426 -15.952349 81.131943 -56.268284 0.000000
5427 -15.332257 79.201653 -59.118698 0.000000
5782 34.445068 86.302704 36.985443 0.000000
5783 37.385506 84.682465 37.865574 0.000000
5784 35.165176 84.412430 40.505962 0.000000
5785 35.825272 82.382126 43.966473 0.000000
5786 36.425362 80.211807 47.346970 0.000000
5790 30.634510 87.702911 37.045456 0.000000
5858 2.320342 50.307407 86.412720 0.000000
5860 7.171056 54.508022 83.542305 0.000000
5861 8.251215 57.748501 81.241959 0.000000
5862 9.121343 60.408890 79.181656 0.000000
5863 11.811739 57.948528 80.651871 0.000000
5864 15.362262 58.078548 79.961769 0.000000
5865 18.882780 58.118557 79.171654 0.000000
5905 22.553322 58.618626 77.841461 0.000000
5906 21.713196 56.018250 79.961769 0.000000
5917 62.879257 77.271378 -8.811297 0.000000
5918 65.879692 74.731003 -8.811297 0.000000
5919 64.639519 76.091202 -5.890867 0.000000
5920 66.309753 74.811012 -2.940433 0.000000
5921 67.889992 73.440811 0.000000 0.000000
5922 68.970154 57.748501 43.706436 0.000000
5923 71.410515 56.968384 40.715992 0.000000
5931 -5.450802 99.474640 -8.811297 0.000000
5932 -3.690543 99.184601 -12.321814 0.000000
5933 -1.880277 99.554657 -9.401383 0.000000
5934 1.690249 99.504646 -9.961467 0.000000
5936 48.867191 87.262848 0.000000 0.000000
5938 50.707470 86.142677 -3.510517 0.000000
5939 52.457722 84.862488 -7.021034 0.000000
5940 54.127968 83.442284 -10.511547 0.000000
5941 55.438160 82.152092 -13.451980 0.000000
5942 57.118408 81.491997 -9.961467 0.000000
5943 60.038841 79.431694 -9.401383 0.000000
6187 50.587448 85.022507 14.642156 0.000000
6188 53.537884 83.082230 15.272248 0.000000
6189 51.737614 83.642319 18.172674 0.000000
6190 52.797768 82.132095 21.673191 0.000000
6191 53.767914 80.491844 25.143700 0.000000
6192 48.777176 77.191360 40.796005 0.000000
6193 51.027515 77.161362 38.005596 0.000000
6194 51.607594 75.021042 41.376095 0.000000
6195 54.378002 72.740700 41.896168 0.000000
6196 57.058403 70.370361 42.366238 0.000000
6197 59.578773 68.010010 42.766293 0.000000
6198 57.358440 68.080025 45.576710 0.000000
6199 57.568474 65.679665 48.727169 0.000000
6200 57.678490 63.189301 51.797626 0.000000
6206 33.844982 91.123413 23.533464 0.000000
6207 32.174740 92.423599 20.643040 0.000000
6208 35.955292 91.023392 20.603033 0.000000
6209 38.025597 90.813370 17.632597 0.000000
6210 40.045895 90.473320 14.652158 0.000000
6211 41.926174 90.033257 11.771733 0.000000
6212 43.626419 88.793068 14.672159 0.000000
6213 47.146938 86.972801 14.662157 0.000000
6411 -8.601267 59.688789 79.791748 0.000000
6412 -12.551847 58.648628 80.041779 0.000000
6413 -11.461687 61.849102 77.761444 0.000000
6414 -14.302107 63.919411 75.581123 0.000000
6554 27.774088 74.781006 60.328884 0.000000
6555 30.654512 72.970741 61.138996 0.000000
6556 33.494930 71.080460 61.869106 0.000000
6557 36.845425 59.778801 71.210487 0.000000
6558 37.675549 62.189156 68.680107 0.000000
6559 40.365944 59.888817 69.190186 0.000000
6560 43.826450 59.888817 67.049873 0.000000
6561 47.216949 59.778801 64.799538 0.000000
6562 50.407421 59.618774 62.509201 0.000000
6563 49.677311 57.328438 65.179596 0.000000
6564 52.087666 54.808067 65.469635 0.000000
6565 54.418011 52.217686 65.689667 0.000000
6575 57.358440 36.635391 73.280785 0.000000
6576 58.188564 39.725845 70.990456 0.000000
6577 60.488903 36.355350 70.860435 0.000000
6578 63.539352 36.015301 68.330055 0.000000
6579 66.479782 35.615242 65.689667 0.000000
6580 68.950150 35.635246 63.079285 0.000000
6581 68.220039 32.594799 65.469635 0.000000
6582 69.880287 29.534348 65.179596 0.000000
6583 71.450523 26.433889 64.799538 0.000000
6597 76.861313 63.379333 -8.821300 0.000000
6598 77.901466 61.619072 -11.771733 0.000000
6599 79.381683 60.188866 -8.841302 0.000000
6603 85.212540 52.027660 -5.890867 0.000000
6604 86.292702 50.477432 -2.940433 0.000000
6605 87.262848 48.867191 0.000000 0.000000
6606 64.719528 74.230927 17.452570 0.000000
6607 66.699814 73.190773 14.032066 0.000000
6608 67.649956 71.560539 17.482573 0.000000
6609 70.490379 68.770126 17.482573 0.000000
6610 73.200768 65.869698 17.462572 0.000000
6612 79.631714 55.298141 24.573616 0.000000
6633 -19.532875 92.853668 -31.604654 0.000000
6634 -17.842627 91.913528 -35.155178 0.000000
6635 -16.162378 93.223724 -32.424774 0.000000
6636 -12.751877 93.473755 -33.204884 0.000000
6637 -9.341375 93.613777 -33.934994 0.000000
6647 19.512873 98.094437 0.000000 0.000000
6648 17.442568 98.414490 -3.520518 0.000000
6665 59.938828 76.011192 -25.143700 0.000000
6667 60.898964 74.190918 -28.114140 0.000000
6684 -52.977795 81.562012 23.343437 0.000000
6685 -51.817631 83.072235 20.403004 0.000000
6686 -50.597450 84.492432 17.452570 0.000000
6695 -32.694817 93.933823 10.551554 0.000000
6696 -36.555382 92.493614 10.521549 0.000000
6697 -40.195915 90.973389 10.521549 0.000000
6698 -38.395653 92.083557 7.031035 0.000000
6699 -40.165913 91.523468 3.520518 0.000000
6705 -20.783060 96.724236 -14.652158 0.000000
6706 -24.713636 95.784103 -14.732169 0.000000
6707 -22.613329 95.814110 -17.632597 0.000000
6708 -24.413593 94.773956 -20.603033 0.000000
6709 -26.173853 93.613777 -23.533464 0.000000
6711 -23.993532 93.473755 -26.253862 0.000000
6712 -21.773205 93.223724 -28.954264 0.000000
6997 -10.921608 86.602745 -48.817184 0.000000
6998 -13.732021 84.852486 -51.137527 0.000000
6999 -10.341522 84.912491 -51.817631 0.000000
7000 -9.741434 83.122238 -54.758060 0.000000
7001 -9.131344 81.231956 -57.628487 0.000000
7252 42.926315 86.492729 26.063837 0.000000
7253 45.846748 84.732475 26.853952 0.000000
7254 43.816452 84.872498 29.654366 0.000000
7255 44.626572 83.122238 33.204884 0.000000
7256 45.356674 81.231956 36.695400 0.000000
7257 40.315937 82.962219 38.675694 0.000000
7258 43.196358 81.131943 39.435806 0.000000
7259 46.016773 79.201653 40.155910 0.000000
7260 46.596859 77.051346 43.526409 0.000000
7261 47.096931 74.781006 46.826893 0.000000
7262 47.506992 72.390656 50.047367 0.000000
7269 29.574354 91.023392 29.034275 0.000000
7270 31.744675 91.123413 26.293869 0.000000
7271 35.535233 89.723206 26.253862 0.000000
7272 39.265778 88.182976 26.183853 0.000000
7423 -10.081484 43.716434 89.383163 0.000000
7424 -12.811886 46.136787 87.812927 0.000000
7425 -9.061334 47.276958 87.662903 0.000000
7426 -8.021181 50.767475 85.802628 0.000000
7427 -6.961025 54.157970 83.792336 0.000000
7428 -0.420062 52.787773 84.952499 0.000000
7429 -3.160465 55.188126 83.352272 0.000000
7430 -5.880866 57.498463 81.622017 0.000000
7431 -4.790705 60.708939 79.341675 0.000000
7432 -3.690543 63.819397 76.921326 0.000000
7433 -2.570378 66.809830 74.380951 0.000000
7435 0.970143 67.239891 74.030891 0.000000
7436 4.510664 67.589951 73.580833 0.000000
7437 8.041183 67.839989 73.050751 0.000000
7438 9.951465 63.019279 77.021339 0.000000
7439 10.781587 65.559654 74.761002 0.000000
7440 11.601707 68.010010 72.410652 0.000000
7441 15.112225 68.080025 71.690552 0.000000
7442 18.612740 68.060013 70.880440 0.000000
7443 22.083250 67.950005 69.980301 0.000000
7537 25.693783 68.300056 68.400070 0.000000
7538 24.953674 65.999710 70.880440 0.000000
7539 27.794092 63.959415 71.690552 0.000000
7540 30.584501 61.839104 72.410652 0.000000
7541 26.193857 59.038692 76.361237 0.000000
7542 29.804388 59.378738 74.761002 0.000000
7543 33.364910 59.618774 73.050751 0.000000
7544 36.075310 57.328438 73.580833 0.000000
7545 38.745705 54.968090 74.030891 0.000000
7546 41.356091 52.537735 74.380951 0.000000
7567 67.269897 71.140480 -20.403004 0.000000
7568 70.100327 68.360062 -20.413004 0.000000
7569 69.160179 70.080315 -17.552586 0.000000
7570 70.970444 68.930145 -14.672159 0.000000
7571 72.670692 67.699966 -11.771733 0.000000
7572 68.800125 72.060608 -8.831300 0.000000
7573 71.610542 69.260193 -8.841302 0.000000
7574 74.300941 66.369774 -8.821300 0.000000
7575 75.811165 64.969574 -5.890867 0.000000
7576 77.231369 63.479347 -2.950434 0.000000
7577 78.541557 61.919109 0.000000 0.000000
7578 67.679962 66.809830 30.964558 0.000000
7579 69.920296 65.889694 27.804092 0.000000
7580 70.450371 63.819397 31.104578 0.000000
7581 73.100754 60.708939 31.194590 0.000000
7582 75.631134 57.498463 31.244600 0.000000
7583 73.740852 56.128265 37.615540 0.000000
7584 75.961189 55.188126 34.455074 0.000000
7585 78.061493 54.157970 31.244600 0.000000
7599 -12.611857 97.094292 -20.403004 0.000000
7600 -10.861599 96.504211 -23.913521 0.000000
7601 -9.091337 97.354324 -21.053099 0.000000
7602 -5.560819 97.474350 -21.673191 0.000000
7622 49.897343 83.342270 -23.833508 0.000000
7623 52.977795 81.562012 -23.343437 0.000000
7624 55.978241 79.681725 -22.823359 0.000000
7625 56.668346 80.761887 -16.412416 0.000000
7626 57.838516 79.261665 -19.352850 0.000000
7627 58.938671 77.671440 -22.263277 0.000000
7628 61.799099 75.591125 -21.673191 0.000000
7629 64.579506 73.410805 -21.053099 0.000000
7651 -27.143997 96.264168 0.000000 0.000000
7652 -28.954264 95.684090 -2.950434 0.000000
7653 -25.163704 96.754242 -2.950434 0.000000
7654 -23.153408 97.124298 -5.890867 0.000000
7655 -21.103107 97.364334 -8.821300 0.000000
7656 -15.402267 98.644516 -5.890867 0.000000
7657 -17.222534 98.124443 -8.841302 0.000000
7658 -19.002798 97.484352 -11.771733 0.000000
7659 -16.902487 97.474350 -14.672159 0.000000
7660 -14.762173 97.354324 -17.552586 0.000000
8182 57.278435 81.932060 2.940433 0.000000
8183 60.158852 79.821747 3.510517 0.000000
8184 58.608631 80.781891 6.450949 0.000000
8185 59.858814 79.501701 9.961467 0.000000
8186 60.998978 78.111496 13.451980 0.000000
8187 56.448311 81.021927 15.852334 0.000000
8188 59.298725 78.851601 16.412416 0.000000
8189 62.049133 76.581276 16.952494 0.000000
8190 62.999271 74.951035 20.403004 0.000000
8191 63.839397 73.210777 23.833508 0.000000
8192 64.589508 71.350510 27.214006 0.000000
8193 48.827187 82.842194 27.504049 0.000000
8194 51.737614 80.841904 28.114140 0.000000
8195 54.588032 78.741585 28.694225 0.000000
8196 53.217838 77.051346 35.125172 0.000000
8197 55.338146 76.831306 32.204742 0.000000
8198 57.388451 76.511261 29.234303 0.000000
8199 60.088844 74.210922 29.754381 0.000000
8200 62.709229 71.810577 30.234451 0.000000
8201 65.249611 69.320198 30.674513 0.000000
8202 65.779678 67.239891 33.975002 0.000000
8203 66.209740 65.069580 37.225479 0.000000
8204 66.529793 62.799244 40.415951 0.000000
8205 62.039131 65.559654 43.076340 0.000000
8206 64.439484 63.019279 43.346382 0.000000
8207 66.749825 60.408890 43.566414 0.000000
8208 66.859840 57.948528 46.626862 0.000000
8209 66.859840 55.408157 49.627304 0.000000
8210 66.749825 52.777771 52.547733 0.000000
8218 17.482573 98.434486 2.940433 0.000000
8219 21.343142 97.664368 2.940433 0.000000
8220 25.163704 96.754242 2.950434 0.000000
8221 28.954264 95.684090 2.950434 0.000000
8225 30.414476 93.613777 17.712608 0.000000
8226 28.624212 94.683937 14.752171 0.000000
8227 26.803947 95.634079 11.771733 0.000000
8228 28.844246 95.354042 8.841302 0.000000
8229 30.854540 94.953979 5.890867 0.000000
8234 43.746441 89.503181 8.841302 0.000000
8237 50.667461 86.182686 2.940433 0.000000
8238 54.017948 84.122383 2.940433 0.000000
8650 -15.732315 48.417126 86.092674 0.000000
8942 33.024860 80.341827 49.567295 0.000000
8943 35.905289 78.591568 50.377419 0.000000
8944 31.904697 76.851318 55.488163 0.000000
8945 35.365208 76.851318 53.347855 0.000000
8946 38.765709 76.721291 51.137527 0.000000
8947 41.546116 74.781006 51.817631 0.000000
8948 44.276520 72.740700 52.447720 0.000000
8949 46.956913 70.620399 53.017803 0.000000
8950 29.284311 68.650108 66.579803 0.000000
8951 32.824833 68.880142 64.659523 0.000000
8952 36.315342 68.990158 62.639217 0.000000
8953 38.425659 64.539497 66.039719 0.000000
8954 39.125759 66.819832 63.309322 0.000000
8955 39.785854 68.990158 60.498909 0.000000
8956 43.156349 68.880142 58.278580 0.000000
8957 46.456841 68.650108 55.968239 0.000000
8958 49.687313 68.300056 53.567886 0.000000
8959 52.237690 65.999710 54.017948 0.000000
8960 54.738056 63.619366 54.398006 0.000000
8961 57.158417 61.169003 54.718052 0.000000
8962 53.537884 59.378738 60.098846 0.000000
8963 56.578327 59.038692 57.578476 0.000000
8964 59.528763 58.618626 54.988094 0.000000
8965 61.809093 56.018250 55.178120 0.000000
8966 64.019424 53.337849 55.308136 0.000000
8967 66.139732 50.607449 55.378147 0.000000
8985 47.416981 49.547295 72.800720 0.000000
8986 50.687462 49.467281 70.620399 0.000000
8987 53.887932 49.297256 68.330055 0.000000
8988 56.998386 49.057220 65.939705 0.000000
8989 58.898674 42.796295 68.570091 0.000000
8990 59.528763 45.796738 66.049721 0.000000
8991 60.058842 48.727169 63.419338 0.000000
8992 62.989277 48.317112 60.828953 0.000000
8993 65.829689 47.827042 58.148560 0.000000
8994 68.570091 47.266960 55.378147 0.000000
8998 71.340500 35.625248 60.378887 0.000000
9005 70.500381 23.183413 67.049873 0.000000
9033 72.830719 65.399628 -20.523022 0.000000
9051 63.249310 77.391396 3.510517 0.000000
9052 66.249748 74.841019 3.510517 0.000000
9053 69.140175 72.180626 3.510517 0.000000
9054 68.570091 72.040604 10.541552 0.000000
9055 70.330353 70.770416 7.031035 0.000000
9056 71.960587 69.370209 3.520518 0.000000
9057 74.630989 66.489784 3.520518 0.000000
9058 77.191360 63.489349 3.520518 0.000000
9059 79.631714 60.408890 3.520518 0.000000
9060 72.010597 64.959564 24.433596 0.000000
9061 74.000893 63.919411 21.003092 0.000000
9062 75.861168 62.769241 17.562586 0.000000
9063 79.091637 57.468460 21.103107 0.000000
9064 78.421539 59.528763 17.582588 0.000000
9065 77.621429 61.489048 14.042068 0.000000
9066 79.231667 60.118855 10.551554 0.000000
9067 80.711876 58.638634 7.031035 0.000000
9068 82.062080 57.068398 3.520518 0.000000
9069 84.242401 53.797916 3.520518 0.000000
9070 86.292702 50.437424 3.520518 0.000000
9107 -19.432861 87.702911 -43.966473 0.000000
9108 -16.082367 87.982956 -44.766590 0.000000
9109 -16.152380 90.813370 -38.675694 0.000000
9110 -14.422123 89.553185 -42.136204 0.000000
9111 -12.661863 88.152977 -45.516697 0.000000
9112 -9.271364 88.222984 -46.196800 0.000000
9115 -9.191353 95.714096 -27.504049 0.000000
9116 -7.511106 94.773956 -31.054571 0.000000
9117 -5.800854 93.683792 -34.545086 0.000000
9119 -2.240330 93.613777 -35.125172 0.000000
9120 -4.070600 92.423599 -38.005596 0.000000
9134 7.441095 99.494644 -7.021034 0.000000
9230 -43.236362 86.852783 24.293575 0.000000
9231 -45.226658 86.722763 20.903078 0.000000
9232 -47.146938 86.452728 17.482573 0.000000
9233 -48.997211 86.052666 14.032066 0.000000
9234 -43.786446 89.303146 10.541552 0.000000
9235 -47.326965 87.472878 10.541552 0.000000
9249 -30.854540 94.953979 -5.890867 0.000000
9252 -28.624212 94.683937 -14.752171 0.000000
9840 -16.562437 82.962219 -53.347855 0.000000
9841 -19.362850 80.921906 -55.488163 0.000000
