#!ascii label, from subject  
15
9 -27.644068 85.082527 -44.726585 0.000000
680 -33.534935 81.932060 -46.536850 0.000000
2234 -32.214745 85.992653 -39.615833 0.000000
2600 -30.604504 83.552299 -45.656719 0.000000
2601 -30.104431 82.002068 -48.707169 0.000000
2602 -27.143997 83.552299 -47.797035 0.000000
5014 -37.385506 84.682465 -37.865574 0.000000
5015 -35.165176 84.412430 -40.505962 0.000000
5016 -34.445068 86.302704 -36.985443 0.000000
5835 -29.564352 80.341827 -51.707611 0.000000
9264 -30.634510 87.702911 -37.045456 0.000000
9265 -28.374176 87.322853 -39.645836 0.000000
9266 -29.944408 85.592590 -42.196209 0.000000
9347 -35.825272 82.382126 -43.966473 0.000000
9348 -32.904846 84.032372 -43.106342 0.000000
