#!ascii label, from subject  
263
30 -58.788658 -80.911911 0.000000 0.000000
64 -68.170029 -69.390213 23.253424 0.000000
65 -80.911911 -58.788658 0.000000 0.000000
185 -78.641571 -57.138416 23.553467 0.000000
284 -52.357708 -84.402420 -11.731727 0.000000
286 -63.719379 -75.801163 -13.992060 0.000000
287 -89.113113 -45.406685 0.000000 0.000000
288 -84.682465 -51.347557 -14.012063 0.000000
295 -52.397709 -84.032372 13.992060 0.000000
296 -38.325642 -91.313438 14.012063 0.000000
297 -45.406685 -89.113113 0.000000 0.000000
404 -64.089439 -75.881172 11.731727 0.000000
405 -70.720406 -70.720406 0.000000 0.000000
406 -75.311089 -64.749535 11.741728 0.000000
407 -84.852486 -51.617599 11.741728 0.000000
408 -91.973541 -37.505520 11.731727 0.000000
412 -57.038395 -78.031494 25.713783 0.000000
555 -75.001038 -64.669525 -14.012063 0.000000
764 -55.708199 -82.852203 -5.880866 0.000000
765 -58.188564 -80.311821 -12.901898 0.000000
766 -61.449047 -78.601570 -7.021034 0.000000
767 -92.403603 -38.275635 0.000000 0.000000
768 -90.753357 -41.436100 -7.021034 0.000000
775 -55.768211 -82.722176 7.021034 0.000000
776 -49.067219 -86.862785 7.021034 0.000000
777 -52.257690 -85.272545 0.000000 0.000000
778 -49.007214 -86.982803 -5.880866 0.000000
914 -66.289757 -72.810715 17.532581 0.000000
915 -69.920296 -70.530388 11.781734 0.000000
916 -71.930588 -67.239891 17.542583 0.000000
917 -83.122238 -50.427422 23.473455 0.000000
918 -81.962067 -54.518024 17.692604 0.000000
919 -86.182686 -47.627014 17.542583 0.000000
920 -88.693054 -44.706581 11.781734 0.000000
921 -89.733208 -40.545971 17.532581 0.000000
927 -62.769241 -73.900879 24.543612 0.000000
928 -60.758945 -77.191360 18.782766 0.000000
1222 -76.051193 -64.949562 0.000000 0.000000
1223 -73.090752 -67.909996 -7.021034 0.000000
1224 -78.221512 -61.929115 -7.031035 0.000000
1485 -73.640839 -63.469341 23.473455 0.000000
1669 -85.272545 -52.257690 0.000000 0.000000
1670 -83.072235 -55.248131 -7.031035 0.000000
1671 -87.172829 -48.527145 -7.021034 0.000000
1683 -48.717171 -84.812477 20.883076 0.000000
1684 -41.666134 -88.493027 20.893076 0.000000
1685 -45.506699 -87.942947 14.042068 0.000000
1686 -41.996185 -90.493324 7.021034 0.000000
1904 -61.589069 -78.581566 5.880866 0.000000
1905 -64.949562 -76.051193 0.000000 0.000000
1906 -67.579948 -73.490814 5.880866 0.000000
1907 -73.200768 -67.899994 5.890867 0.000000
1908 -78.311531 -61.929115 5.890867 0.000000
1909 -77.181366 -61.098995 17.692604 0.000000
1910 -80.351822 -58.378593 11.781734 0.000000
1911 -83.102234 -55.348145 5.890867 0.000000
1912 -87.192833 -48.627155 5.890867 0.000000
1913 -90.773361 -41.566120 5.880866 0.000000
1914 -93.763802 -34.285046 5.880866 0.000000
1922 -51.007507 -81.762039 26.743937 0.000000
1923 -54.848072 -81.231956 19.902929 0.000000
1924 -58.398594 -80.161804 12.901898 0.000000
2301 -67.449921 -73.510818 -7.021034 0.000000
2302 -69.580238 -70.460373 -14.042068 0.000000
2304 -80.111794 -58.208569 -14.052068 0.000000
2305 -76.601280 -60.758945 -21.083103 0.000000
2684 -57.278435 -81.932060 -2.940433 0.000000
2685 -58.608631 -80.781891 -6.450949 0.000000
2686 -60.158852 -79.821747 -3.510517 0.000000
2687 -93.833809 -34.615097 0.000000 0.000000
2688 -93.153709 -36.245335 -3.510517 0.000000
2695 -57.318436 -81.882057 3.510517 0.000000
2696 -54.057957 -84.072372 3.510517 0.000000
2697 -55.568176 -83.162247 0.000000 0.000000
2698 -54.017948 -84.122383 -2.940433 0.000000
2834 -67.269897 -71.140480 20.403004 0.000000
2835 -69.160179 -70.080315 17.552586 0.000000
2836 -70.100327 -68.360062 20.413004 0.000000
2838 -84.702469 -49.057220 20.523022 0.000000
2839 -86.672752 -45.536701 20.413004 0.000000
2840 -88.022957 -44.126495 17.552586 0.000000
2841 -88.443016 -41.996185 20.403004 0.000000
2845 -66.419777 -69.790276 26.853952 0.000000
2846 -63.699379 -72.030602 27.504049 0.000000
2847 -65.509644 -71.690552 23.913521 0.000000
2848 -64.579506 -73.410805 21.053099 0.000000
3142 -78.541557 -61.919109 0.000000 0.000000
3143 -77.191360 -63.489349 -3.520518 0.000000
3144 -79.631714 -60.408890 -3.520518 0.000000
3737 -60.998978 -78.111496 -13.451980 0.000000
3741 -64.719528 -74.230927 -17.452570 0.000000
3742 -87.262848 -48.867191 0.000000 0.000000
3743 -86.292702 -50.437424 -3.520518 0.000000
3744 -88.212990 -47.006920 -3.520518 0.000000
3746 -89.703209 -42.956326 -10.541552 0.000000
3765 -50.597450 -84.492432 17.452570 0.000000
3766 -47.146938 -86.452728 17.482573 0.000000
3767 -48.997211 -86.052666 14.032066 0.000000
3768 -47.276958 -88.062965 3.510517 0.000000
3769 -45.566704 -88.753059 7.031035 0.000000
3770 -43.736439 -89.873230 3.520518 0.000000
3771 -40.165913 -91.523468 3.520518 0.000000
3772 -41.876167 -90.823364 0.000000 0.000000
3775 -50.717464 -85.752625 -8.811297 0.000000
4184 -62.879257 -77.271378 8.811297 0.000000
4185 -64.639519 -76.091202 5.890867 0.000000
4186 -65.879692 -74.731003 8.811297 0.000000
4187 -72.670692 -67.699966 11.771733 0.000000
4188 -71.610542 -69.260193 8.841302 0.000000
4189 -74.300941 -66.369774 8.821300 0.000000
4190 -75.811165 -64.969574 5.890867 0.000000
4191 -76.861313 -63.379333 8.821300 0.000000
4192 -76.201218 -60.348885 23.533464 0.000000
4193 -75.461105 -62.329174 20.603033 0.000000
4194 -77.961472 -59.158707 20.643040 0.000000
4195 -83.462288 -53.107819 14.732169 0.000000
4196 -81.211952 -56.488319 14.752171 0.000000
4197 -82.672173 -55.048103 11.771733 0.000000
4198 -81.772041 -56.898376 8.841302 0.000000
4199 -84.032372 -53.517876 8.821300 0.000000
4200 -85.212540 -52.027660 5.890867 0.000000
4201 -86.082672 -50.157383 8.821300 0.000000
4202 -90.403305 -41.136055 11.761731 0.000000
4203 -89.793221 -43.166355 8.831300 0.000000
4204 -91.433456 -39.565823 8.811297 0.000000
4205 -92.343597 -37.955589 5.890867 0.000000
4206 -92.923676 -35.925285 8.811297 0.000000
4222 -54.057957 -79.951767 26.243862 0.000000
4223 -52.977795 -81.562012 23.343437 0.000000
4224 -55.978241 -79.681725 22.823359 0.000000
4225 -62.469196 -76.591278 15.272248 0.000000
4226 -59.608776 -78.731590 15.852334 0.000000
4227 -61.289021 -78.071487 12.321814 0.000000
4228 -60.038841 -79.431694 9.401383 0.000000
5107 -67.889992 -73.440811 0.000000 0.000000
5108 -66.249748 -74.841019 -3.510517 0.000000
5109 -69.140175 -72.180626 -3.510517 0.000000
5110 -74.100906 -66.339760 -10.521549 0.000000
5111 -71.400513 -69.240196 -10.541552 0.000000
5112 -72.350647 -67.619957 -14.042068 0.000000
5113 -70.490379 -68.770126 -17.482573 0.000000
5114 -73.200768 -65.869698 -17.462572 0.000000
5115 -83.942360 -53.337849 -10.521549 0.000000
5116 -81.662025 -56.778362 -10.551554 0.000000
5117 -82.462143 -54.818066 -14.042068 0.000000
5183 -40.025894 -89.973251 17.462572 0.000000
5185 -36.255337 -91.543472 17.562586 0.000000
5984 -54.067959 -83.682327 -8.811297 0.000000
5985 -55.308136 -82.412132 -12.321814 0.000000
5986 -56.988392 -81.652016 -9.401383 0.000000
5987 -59.858814 -79.501701 -9.961467 0.000000
5988 -62.629223 -77.261375 -10.511547 0.000000
5989 -90.823364 -41.876167 0.000000 0.000000
5990 -90.013252 -43.456398 -3.510517 0.000000
5991 -91.653488 -39.885868 -3.510517 0.000000
6003 -54.127968 -83.442284 10.511547 0.000000
6004 -50.777477 -85.522583 10.511547 0.000000
6005 -52.457722 -84.862488 7.021034 0.000000
6006 -50.707470 -86.142677 3.510517 0.000000
6007 -48.867191 -87.262848 0.000000 0.000000
6008 -47.236954 -88.102974 -2.940433 0.000000
6009 -50.667461 -86.182686 -2.940433 0.000000
6010 -52.397709 -84.982513 -5.890867 0.000000
6254 -65.229607 -74.390945 14.642156 0.000000
6255 -67.059868 -73.260780 11.761731 0.000000
6256 -68.150032 -71.720558 14.662157 0.000000
6257 -70.970444 -68.930145 14.672159 0.000000
6258 -73.670837 -66.039719 14.652158 0.000000
6259 -80.941917 -53.827927 23.533464 0.000000
6260 -80.351822 -55.858219 20.643040 0.000000
6261 -82.592163 -52.507725 20.603033 0.000000
6262 -84.142387 -51.117527 17.632597 0.000000
6263 -85.572594 -49.657307 14.652158 0.000000
6264 -86.842789 -48.197098 11.771733 0.000000
6265 -87.482880 -46.196800 14.672159 0.000000
6266 -89.263138 -42.656277 14.662157 0.000000
6267 -90.903381 -39.055748 14.642156 0.000000
6276 -60.898964 -74.190918 28.114140 0.000000
6277 -59.938828 -76.011192 25.143700 0.000000
6278 -58.938671 -77.671440 22.263277 0.000000
6279 -61.799099 -75.591125 21.673191 0.000000
6280 -63.559361 -75.051048 18.172674 0.000000
6808 -73.440811 -67.889992 0.000000 0.000000
6809 -71.960587 -69.370209 -3.520518 0.000000
6810 -74.630989 -66.489784 -3.520518 0.000000
6811 -75.711151 -64.969574 -7.031035 0.000000
6812 -76.671288 -63.349331 -10.521549 0.000000
6854 -36.555382 -92.493614 10.521549 0.000000
7304 -68.990158 -67.549942 26.063837 0.000000
7305 -70.970444 -66.479782 23.383442 0.000000
7306 -71.730560 -64.589508 26.183853 0.000000
7307 -74.350945 -61.519058 26.253862 0.000000
7735 -83.162247 -55.568176 0.000000 0.000000
7736 -82.062080 -57.068398 -3.520518 0.000000
7737 -84.242401 -53.797916 -3.520518 0.000000
7738 -85.182541 -51.927647 -7.031035 0.000000
7739 -85.992653 -49.977360 -10.521549 0.000000
7740 -89.033112 -45.016628 -7.031035 0.000000
7741 -87.912941 -46.506847 -10.541552 0.000000
7767 -46.756882 -85.012512 24.283573 0.000000
7768 -43.236362 -86.852783 24.293575 0.000000
7769 -45.226658 -86.722763 20.903078 0.000000
7770 -43.616421 -88.282997 17.482573 0.000000
7771 -41.946178 -89.703209 14.042068 0.000000
7772 -47.326965 -87.472878 10.541552 0.000000
7773 -43.786446 -89.303146 10.541552 0.000000
7774 -40.195915 -90.973389 10.521549 0.000000
7775 -38.395653 -92.083557 7.031035 0.000000
8324 -60.218868 -79.791748 2.940433 0.000000
8325 -61.919109 -78.541557 0.000000 0.000000
8326 -63.309322 -77.371391 2.940433 0.000000
8327 -66.309753 -74.811012 2.940433 0.000000
8328 -69.200188 -72.150620 2.940433 0.000000
8329 -68.800125 -72.060608 8.831300 0.000000
8330 -70.440369 -70.750420 5.890867 0.000000
8331 -72.000595 -69.350212 2.940433 0.000000
8332 -74.670990 -66.469780 2.940433 0.000000
8333 -77.231369 -63.479347 2.950434 0.000000
8334 -79.661728 -60.398895 2.950434 0.000000
8335 -72.830719 -65.399628 20.523022 0.000000
8336 -74.610985 -64.219452 17.632597 0.000000
8337 -76.291229 -62.969269 14.732169 0.000000
8338 -79.631714 -57.858517 17.712608 0.000000
8339 -78.811600 -59.778801 14.752171 0.000000
8340 -77.901466 -61.619072 11.771733 0.000000
8341 -79.381683 -60.188866 8.841302 0.000000
8342 -80.771889 -58.688637 5.890867 0.000000
8343 -82.062080 -57.098408 2.950434 0.000000
8344 -84.242401 -53.837925 2.950434 0.000000
8345 -86.292702 -50.477432 2.940433 0.000000
8346 -88.212990 -47.046925 2.940433 0.000000
8347 -88.002953 -46.696873 8.841302 0.000000
8348 -89.053108 -45.136646 5.890867 0.000000
8349 -90.003258 -43.516403 2.940433 0.000000
8350 -91.643486 -39.945877 2.940433 0.000000
8351 -93.143707 -36.305344 2.940433 0.000000
8352 -94.503906 -32.614803 2.940433 0.000000
8373 -49.897343 -83.342270 23.833508 0.000000
8374 -51.817631 -83.072235 20.403004 0.000000
8375 -53.657898 -82.682167 16.952494 0.000000
8376 -57.838516 -79.261665 19.352850 0.000000
8377 -56.668346 -80.761887 16.412416 0.000000
8378 -55.438160 -82.152092 13.451980 0.000000
8379 -57.118408 -81.491997 9.961467 0.000000
8380 -58.718647 -80.711876 6.450949 0.000000
9368 -91.023392 -37.265484 18.172674 0.000000
9369 -92.153564 -35.745262 15.272248 0.000000
9372 -93.183716 -34.165028 12.321814 0.000000
9373 -94.103859 -32.554794 9.401383 0.000000
9459 -63.249310 -77.391396 -3.510517 0.000000
9460 -64.499496 -76.111198 -7.021034 0.000000
9461 -65.639656 -74.721001 -10.511547 0.000000
9462 -70.330353 -70.770416 -7.031035 0.000000
9463 -68.570091 -72.040604 -10.541552 0.000000
9464 -66.699814 -73.190773 -14.032066 0.000000
9465 -67.649956 -71.560539 -17.482573 0.000000
9468 -80.711876 -58.638634 -7.031035 0.000000
9469 -79.231667 -60.118855 -10.551554 0.000000
9470 -77.621429 -61.489048 -14.042068 0.000000
9471 -80.851898 -56.188271 -17.582588 0.000000
9472 -78.421539 -59.528763 -17.582588 0.000000
9473 -75.861168 -62.769241 -17.562586 0.000000
9474 -74.000893 -63.919411 -21.003092 0.000000
