#!ascii label, from subject  
21
342 -50.677460 -26.643923 -82.002068 0.000000
619 -55.008099 -39.965881 -73.340790 0.000000
1382 -61.279018 -39.415802 -68.520088 0.000000
2491 -62.529202 -45.436687 -63.469341 0.000000
2494 -53.027805 -33.414917 -77.941475 0.000000
5582 -65.419632 -44.976624 -60.828953 0.000000
5584 -58.188564 -39.725845 -70.990456 0.000000
5585 -58.898674 -42.796295 -68.570091 0.000000
5589 -54.107967 -26.623920 -79.791748 0.000000
5590 -55.278133 -30.014418 -77.761444 0.000000
5591 -51.897640 -30.054424 -80.041779 0.000000
7097 -57.358440 -36.635391 -73.280785 0.000000
7098 -47.166943 -26.623920 -84.082375 0.000000
7099 -48.377121 -30.054424 -82.212105 0.000000
7964 -49.357265 -23.363440 -83.792336 0.000000
7965 -45.806744 -23.313431 -85.802628 0.000000
10030 -61.949120 -42.456245 -66.049721 0.000000
10037 -56.368298 -33.354908 -75.581123 0.000000
10038 -54.067959 -36.725403 -75.711151 0.000000
10039 -49.557293 -33.444923 -80.181801 0.000000
10040 -50.637451 -36.795418 -78.001480 0.000000
