#!ascii label, from subject  
30
177 14.312106 86.502731 48.117085 0.000000
657 21.023094 85.992653 46.536850 0.000000
1471 7.521107 86.602745 49.467281 0.000000
1472 4.180615 89.653198 44.136497 0.000000
1473 11.001619 89.693207 42.856308 0.000000
2038 13.141934 83.092232 54.087959 0.000000
2039 19.952936 82.722176 52.547733 0.000000
3412 10.921608 86.602745 48.817184 0.000000
3413 9.271364 88.222984 46.196800 0.000000
3414 12.661863 88.152977 45.516697 0.000000
4125 5.910870 91.123413 40.796005 0.000000
4472 9.131344 81.231956 57.628487 0.000000
4473 9.741434 83.122238 54.758060 0.000000
4474 12.531845 81.231956 56.978390 0.000000
4478 23.303429 82.382126 51.707611 0.000000
5791 17.682604 86.302704 47.346970 0.000000
5792 16.082367 87.982956 44.766590 0.000000
7273 4.120606 86.492729 50.047367 0.000000
7275 5.860863 88.182976 46.826893 0.000000
7276 7.591117 89.723206 43.526409 0.000000
7277 9.321372 91.123413 40.155910 0.000000
7278 14.422123 89.553185 42.136204 0.000000
8686 6.931021 84.872498 52.447720 0.000000
8687 10.341522 84.912491 51.817631 0.000000
8688 13.732021 84.852486 51.137527 0.000000
8689 15.952349 81.131943 56.268284 0.000000
8690 16.562437 82.962219 53.347855 0.000000
8691 17.152525 84.682465 50.377419 0.000000
8692 20.503017 84.412430 49.567295 0.000000
8693 23.843510 84.032372 48.707169 0.000000
