#!ascii label, from subject  
15
1227 -82.212105 -49.647308 -27.924109 0.000000
1228 -78.321526 -51.807625 -34.425064 0.000000
2307 -73.470818 -58.478607 -34.425064 0.000000
2308 -73.890877 -53.687908 -40.745998 0.000000
3146 -84.032372 -48.417126 -24.433596 0.000000
3148 -82.462143 -47.276958 -31.104578 0.000000
5124 -75.631134 -57.498463 -31.244600 0.000000
5126 -76.171219 -52.787773 -37.615540 0.000000
5128 -73.940887 -51.167534 -43.776443 0.000000
6817 -80.011780 -53.087814 -27.994122 0.000000
6818 -78.061493 -54.157970 -31.244600 0.000000
6819 -80.331825 -50.767475 -31.194590 0.000000
6820 -80.521858 -48.357117 -34.355057 0.000000
9480 -75.961189 -55.188126 -34.455074 0.000000
9481 -73.740852 -56.128265 -37.615540 0.000000
