#!ascii label, from subject  
1213
6 -27.644068 -85.082527 -44.726585 0.000000
7 72.370651 -52.577736 -44.726585 0.000000
32 0.000000 -100.014725 0.000000 0.000000
34 26.293869 -80.911911 -52.577736 0.000000
40 -16.252392 -50.007362 -85.082527 0.000000
41 42.536259 -30.904547 -85.082527 0.000000
70 30.904547 -95.124001 0.000000 0.000000
86 -0.700103 -86.282700 -50.577446 0.000000
87 5.280777 -68.830132 -72.370651 0.000000
88 -22.813358 -70.210342 -67.469933 0.000000
91 59.728790 -43.396389 -67.469933 0.000000
136 -14.372116 -96.204163 -23.253424 0.000000
138 51.287548 -69.390213 -50.577446 0.000000
139 44.726585 -85.082527 -27.644068 0.000000
140 13.822034 -95.124001 -27.644068 0.000000
156 -8.441242 -25.993826 -96.204163 0.000000
157 36.185326 -58.788658 -72.370651 0.000000
158 13.822034 -42.536259 -89.453171 0.000000
206 -14.312106 -86.502731 -48.117085 0.000000
207 -11.911754 -79.271660 -59.798801 0.000000
208 -25.473751 -78.391533 -56.638336 0.000000
210 71.710556 -35.825272 -59.798801 0.000000
211 66.689819 -48.447128 -56.638336 0.000000
300 57.038395 -78.031494 -25.713783 0.000000
301 52.407711 -84.032372 -13.992060 0.000000
302 15.642302 -98.784538 0.000000 0.000000
303 22.663336 -96.404190 -14.012063 0.000000
304 7.001030 -98.784538 -13.992060 0.000000
305 -0.280041 -96.654228 -25.713783 0.000000
306 -7.251067 -99.054581 -11.731727 0.000000
346 39.165764 -75.881172 -52.077667 0.000000
347 44.186504 -64.749535 -62.109142 0.000000
348 31.624655 -70.720406 -63.259312 0.000000
349 -5.550817 -60.158852 -79.701729 0.000000
350 9.681425 -56.438309 -82.002068 0.000000
351 -1.230181 -46.846897 -88.353012 0.000000
352 2.720401 -34.625095 -93.793808 0.000000
353 -12.461835 -38.365646 -91.513474 0.000000
357 55.498169 -23.873514 -79.701729 0.000000
359 44.176506 -15.642302 -88.353012 0.000000
361 32.634804 -23.713491 -91.513474 0.000000
414 45.406685 -89.113113 0.000000 0.000000
415 38.305637 -91.633484 11.741728 0.000000
416 22.873365 -96.654228 11.741728 0.000000
442 12.921903 -84.402420 -52.077667 0.000000
443 15.982352 -75.801163 -63.259312 0.000000
444 2.310340 -78.361534 -62.109142 0.000000
445 -8.861305 -70.240341 -70.640404 0.000000
446 -19.722902 -60.688934 -77.011337 0.000000
450 64.069435 -30.134436 -70.640404 0.000000
451 51.627598 -37.505520 -77.011337 0.000000
550 -36.635391 -86.502731 -34.315052 0.000000
551 -39.265778 -78.391533 -48.117085 0.000000
552 -48.157089 -79.271660 -37.395504 0.000000
565 -15.642302 -98.784538 0.000000 0.000000
566 -22.873365 -96.654228 -11.741728 0.000000
567 -30.034422 -92.443611 -23.553467 0.000000
568 -21.213121 -91.513474 -34.315052 0.000000
570 62.419193 -61.569061 -48.117085 0.000000
571 60.518906 -70.300346 -37.395504 0.000000
572 48.497135 -78.031494 -39.515816 0.000000
573 35.955292 -84.032372 -40.615978 0.000000
574 38.325642 -91.313438 -14.012063 0.000000
575 29.664368 -91.313438 -28.014122 0.000000
576 20.302988 -89.113113 -40.615978 0.000000
577 6.630976 -91.633484 -39.515816 0.000000
578 -7.631124 -92.443611 -37.395504 0.000000
616 -36.955441 -71.140480 -59.798801 0.000000
625 56.238281 -57.138416 -59.798801 0.000000
626 48.457134 -51.617599 -70.640404 0.000000
627 39.855865 -45.406685 -79.701729 0.000000
628 21.013094 -64.669525 -73.340790 0.000000
629 25.343731 -51.347557 -82.002068 0.000000
630 28.534199 -37.175472 -88.353012 0.000000
631 18.152672 -29.604359 -93.793808 0.000000
632 6.921019 -21.303135 -97.474350 0.000000
686 -21.023094 -85.992653 -46.536850 0.000000
687 -19.952936 -82.722176 -52.547733 0.000000
688 -26.623920 -81.932060 -50.807484 0.000000
690 72.510674 -44.546558 -52.547733 0.000000
691 69.700264 -50.637451 -50.807484 0.000000
780 58.398594 -80.161804 -12.901898 0.000000
782 7.851156 -99.704681 0.000000 0.000000
783 11.361672 -99.114586 -7.021034 0.000000
784 3.510517 -99.704681 -7.021034 0.000000
785 -0.130019 -99.174591 -12.901898 0.000000
786 -3.630534 -99.774689 -5.880866 0.000000
826 32.804829 -78.581566 -52.457722 0.000000
827 35.485222 -73.490814 -57.818512 0.000000
828 29.044275 -76.051193 -58.098553 0.000000
829 -10.931609 -55.258133 -82.642174 0.000000
830 -3.400501 -53.687908 -84.312416 0.000000
831 -8.761290 -48.577148 -86.982803 0.000000
832 -6.861010 -42.716286 -90.173279 0.000000
833 -14.392118 -44.296520 -88.513031 0.000000
837 49.167236 -27.474043 -82.642174 0.000000
838 50.007362 -19.822918 -84.312416 0.000000
839 43.496399 -23.343437 -86.982803 0.000000
840 38.505669 -19.732904 -90.173279 0.000000
841 37.675549 -27.374029 -88.513031 0.000000
935 15.112225 -98.164452 11.781734 0.000000
976 6.120901 -85.542587 -51.447575 0.000000
977 7.641125 -81.632019 -57.278435 0.000000
978 0.810119 -82.532150 -56.488319 0.000000
979 -17.422565 -74.991043 -63.839397 0.000000
980 -10.411532 -74.951035 -65.389633 0.000000
981 -15.872337 -70.410370 -69.230194 0.000000
982 -14.332109 -65.669670 -74.060898 0.000000
983 -21.313137 -65.609657 -72.410652 0.000000
987 65.939705 -39.745850 -63.839397 0.000000
988 68.070015 -33.064865 -65.389633 0.000000
989 62.059139 -36.855423 -69.230194 0.000000
990 58.028542 -33.924992 -74.060898 0.000000
991 55.808220 -40.545971 -72.410652 0.000000
1214 -40.876015 -86.602745 -28.854248 0.000000
1215 -42.496254 -83.092232 -35.945290 0.000000
1216 -46.696873 -83.052223 -30.424479 0.000000
1253 -19.302843 -97.954414 -5.890867 0.000000
1256 -34.265041 -92.283585 -17.692604 0.000000
1257 -37.605534 -89.653198 -23.473455 0.000000
1258 -33.414917 -89.693207 -29.004269 0.000000
1260 65.889694 -66.099724 -35.945290 0.000000
1261 64.549500 -70.070320 -30.424479 0.000000
1262 51.007507 -81.762039 -26.743937 0.000000
1263 52.947792 -78.291527 -32.724819 0.000000
1264 46.736877 -81.762039 -33.664955 0.000000
1265 42.326229 -81.231956 -40.165913 0.000000
1266 40.465958 -84.812477 -34.235039 0.000000
1267 38.275635 -92.403603 0.000000 0.000000
1268 41.996185 -90.493324 -7.021034 0.000000
1269 34.735111 -93.523766 -7.031035 0.000000
1270 18.302694 -96.084145 -20.893076 0.000000
1271 26.253862 -94.173866 -21.083103 0.000000
1272 21.813210 -93.523766 -27.924109 0.000000
1273 25.063690 -90.493324 -34.425064 0.000000
1274 17.112520 -92.403603 -34.235039 0.000000
1275 13.501988 -90.593338 -40.165913 0.000000
1276 10.251509 -93.613777 -33.664955 0.000000
1277 -7.341080 -96.674232 -24.543612 0.000000
1278 -3.970585 -94.793953 -31.634657 0.000000
1279 -11.041625 -94.633934 -30.424479 0.000000
1280 -14.452127 -92.203568 -35.945290 0.000000
1281 -17.832624 -94.083847 -28.854248 0.000000
1373 -44.816597 -74.480965 -49.467281 0.000000
1374 -38.205624 -74.951035 -54.087959 0.000000
1375 -43.696430 -70.910439 -55.368153 0.000000
1396 56.988392 -65.639656 -49.467281 0.000000
1397 59.478752 -59.498760 -54.087959 0.000000
1398 53.937943 -63.469341 -55.368153 0.000000
1399 40.285931 -61.929115 -67.409927 0.000000
1400 46.476841 -58.378593 -66.599800 0.000000
1401 42.426243 -55.348145 -71.690552 0.000000
1402 44.256516 -48.627155 -75.361092 0.000000
1403 38.135616 -52.257690 -76.271233 0.000000
1404 10.661570 -72.540680 -68.020012 0.000000
1405 18.552731 -70.460373 -68.520088 0.000000
1406 13.191941 -66.969856 -73.100754 0.000000
1407 11.791736 -49.647308 -86.012665 0.000000
1408 17.572586 -54.067959 -82.282120 0.000000
1409 19.642891 -47.096931 -86.012665 0.000000
1410 27.023979 -44.406540 -85.442581 0.000000
1411 21.243126 -39.985886 -89.183136 0.000000
1412 23.403444 -33.474926 -91.293434 0.000000
1413 16.032360 -36.165325 -91.863518 0.000000
1414 -2.870422 -30.384472 -95.244026 0.000000
1415 4.830711 -28.034126 -95.884117 0.000000
1416 -0.760112 -23.723494 -97.154297 0.000000
1417 1.330196 -17.252539 -98.504501 0.000000
1522 -7.521107 -86.602745 -49.467281 0.000000
1523 -6.330932 -83.052223 -55.368153 0.000000
1524 -13.141934 -83.092232 -54.087959 0.000000
1525 -18.742758 -79.031631 -58.358593 0.000000
1526 -24.203564 -74.480965 -62.209156 0.000000
1530 69.370209 -42.246216 -58.358593 0.000000
1531 63.359325 -46.036774 -62.209156 0.000000
1692 62.769241 -73.900879 -24.543612 0.000000
1693 60.758945 -77.191360 -18.782766 0.000000
1694 54.848072 -81.231956 -19.902929 0.000000
1695 48.717171 -84.812477 -20.883076 0.000000
1696 23.343437 -97.254311 0.000000 0.000000
1697 26.873957 -96.084145 -7.031035 0.000000
1698 19.212830 -97.904411 -7.021034 0.000000
1699 14.882191 -97.904411 -14.042068 0.000000
1700 10.441538 -97.254311 -20.883076 0.000000
1701 6.790999 -96.134155 -26.743937 0.000000
1702 3.370496 -97.954414 -19.902929 0.000000
1703 -3.780556 -98.164452 -18.782766 0.000000
1704 -10.841596 -97.864403 -17.532581 0.000000
1774 45.326672 -72.810715 -51.447575 0.000000
1775 47.857048 -67.239891 -56.488319 0.000000
1776 41.806156 -70.530388 -57.278435 0.000000
1777 37.995594 -67.899994 -62.839252 0.000000
1778 34.015007 -64.949562 -68.020012 0.000000
1779 -0.140021 -64.689522 -76.271233 0.000000
1780 7.501105 -62.839252 -77.441399 0.000000
1781 2.070305 -58.478607 -81.111938 0.000000
1782 4.240624 -51.807625 -85.442581 0.000000
1783 6.320930 -44.836601 -89.183136 0.000000
1784 8.291221 -38.675694 -91.863518 0.000000
1785 0.750110 -40.836014 -91.293434 0.000000
1786 -4.890720 -36.605389 -92.943680 0.000000
1787 -10.481544 -32.254749 -94.083847 0.000000
1793 61.489048 -20.122961 -76.271233 0.000000
1795 56.258282 -16.102371 -81.111938 0.000000
1800 33.304901 -15.962350 -92.943680 0.000000
1801 27.444038 -19.932934 -94.083847 0.000000
1928 41.956177 -90.593338 5.890867 0.000000
1929 34.695107 -93.613777 5.890867 0.000000
1931 30.694517 -94.453903 11.781734 0.000000
1932 26.953966 -96.134155 5.890867 0.000000
1933 19.302843 -97.954414 5.890867 0.000000
1934 11.481689 -99.174591 5.880866 0.000000
1935 3.630534 -99.774689 5.880866 0.000000
1990 19.652893 -82.852203 -52.457722 0.000000
1991 21.203119 -78.601570 -58.098553 0.000000
1992 14.492133 -80.311821 -57.818512 0.000000
1993 9.171350 -77.271378 -62.839252 0.000000
1994 3.800559 -73.780861 -67.409927 0.000000
1995 -4.810708 -79.021629 -61.118996 0.000000
1996 -3.280483 -74.540970 -66.599800 0.000000
1997 -1.790264 -69.710266 -71.690552 0.000000
1998 -7.221063 -65.359619 -75.361092 0.000000
1999 -12.671865 -60.578918 -78.561562 0.000000
2000 -18.022654 -55.478168 -81.241959 0.000000
2006 73.670837 -28.994268 -61.118996 0.000000
2007 69.880287 -26.163849 -66.599800 0.000000
2008 65.749680 -23.253424 -71.690552 0.000000
2009 59.928825 -27.063984 -75.361092 0.000000
2010 53.697903 -30.774530 -78.561562 0.000000
2011 47.196945 -34.285046 -81.241959 0.000000
2290 -32.214745 -85.992653 -39.615833 0.000000
2291 -33.534935 -81.932060 -46.536850 0.000000
2292 -38.075603 -82.722176 -41.356091 0.000000
2293 -43.826450 -79.031631 -42.856308 0.000000
2294 -49.317257 -74.991043 -44.136497 0.000000
2296 -53.837925 -74.951035 -38.555679 0.000000
2335 -7.851156 -99.704681 0.000000 0.000000
2336 -11.481689 -99.174591 -5.880866 0.000000
2337 -15.112225 -98.164452 -11.781734 0.000000
2338 -18.672749 -96.674232 -17.542583 0.000000
2340 -26.523903 -94.793953 -17.692604 0.000000
2341 -22.273279 -94.633934 -23.473455 0.000000
2342 -25.683781 -92.203568 -29.004269 0.000000
2343 -29.014271 -89.303146 -34.425064 0.000000
2344 -24.483604 -88.513031 -39.615833 0.000000
2346 67.559944 -57.218422 -46.536850 0.000000
2347 66.909851 -61.779091 -41.356091 0.000000
2348 61.619072 -66.099724 -42.856308 0.000000
2349 56.078255 -70.070320 -44.136497 0.000000
2350 58.928677 -74.360947 -31.634657 0.000000
2351 54.648045 -74.360947 -38.555679 0.000000
2352 50.017365 -73.900879 -45.166649 0.000000
2353 43.966473 -77.191360 -45.936764 0.000000
2354 37.655544 -80.161804 -46.466839 0.000000
2355 31.214594 -82.722176 -46.736877 0.000000
2356 49.067219 -86.862785 -7.021034 0.000000
2357 45.506699 -87.942947 -14.042068 0.000000
2358 41.666134 -88.493027 -20.893076 0.000000
2359 30.604504 -94.173866 -14.052068 0.000000
2360 34.115021 -91.623489 -21.083103 0.000000
2361 37.325493 -88.493027 -27.924109 0.000000
2362 32.914845 -87.942947 -34.425064 0.000000
2363 28.224155 -86.862785 -40.745998 0.000000
2364 23.373442 -85.272545 -46.736877 0.000000
2365 16.652451 -86.982803 -46.466839 0.000000
2366 9.801443 -88.292999 -45.936764 0.000000
2367 2.970437 -89.183136 -45.166649 0.000000
2368 3.190470 -94.453903 -32.724819 0.000000
2369 -0.510075 -92.283585 -38.555679 0.000000
2370 -4.180615 -89.653198 -44.136497 0.000000
2371 -11.001619 -89.693207 -42.856308 0.000000
2372 -17.822622 -89.303146 -41.356091 0.000000
2482 -32.474781 -78.651581 -52.547733 0.000000
2483 -31.294607 -74.951035 -58.358593 0.000000
2484 -29.984415 -70.910439 -63.839397 0.000000
2486 -35.635246 -66.759827 -65.389633 0.000000
2487 -28.544203 -66.289757 -69.230194 0.000000
2488 -27.003977 -61.559055 -74.060898 0.000000
2489 -25.363733 -56.458309 -78.561562 0.000000
2509 64.769539 -55.198128 -52.547733 0.000000
2510 61.609066 -52.917789 -58.358593 0.000000
2511 58.168564 -50.427422 -63.839397 0.000000
2512 50.347416 -61.098995 -61.118996 0.000000
2513 52.477722 -54.518024 -65.389633 0.000000
2514 54.227985 -47.627014 -69.230194 0.000000
2515 50.197392 -44.706581 -74.060898 0.000000
2516 45.856750 -41.566120 -78.561562 0.000000
2517 41.326084 -38.275635 -82.642174 0.000000
2518 23.883516 -73.510818 -63.469341 0.000000
2519 26.403887 -67.909996 -68.520088 0.000000
2520 28.694225 -61.929115 -73.100754 0.000000
2521 15.402267 -60.758945 -77.941475 0.000000
2522 23.253424 -58.208569 -77.941475 0.000000
2523 30.864544 -55.248131 -77.441399 0.000000
2524 32.694817 -48.527145 -81.111938 0.000000
2525 34.305050 -41.436100 -84.312416 0.000000
2526 35.645245 -34.145027 -86.982803 0.000000
2527 30.664515 -30.524494 -90.173279 0.000000
2528 25.473751 -26.743937 -92.943680 0.000000
2529 20.182972 -22.893370 -95.244026 0.000000
2530 10.471541 -32.214745 -94.103859 0.000000
2531 12.571850 -25.523758 -95.884117 0.000000
2532 14.562144 -18.742758 -97.154297 0.000000
2606 -24.353584 -85.592590 -45.656719 0.000000
2607 -23.843510 -84.032372 -48.707169 0.000000
2608 -27.143997 -83.552299 -47.797035 0.000000
2610 72.550674 -48.647160 -48.707169 0.000000
2611 71.080460 -51.637604 -47.797035 0.000000
2702 3.930578 -99.934708 0.000000 0.000000
2703 5.680836 -99.794685 -3.510517 0.000000
2704 1.760259 -99.934708 -3.510517 0.000000
2705 -0.060009 -99.804695 -6.450949 0.000000
2706 -1.820268 -99.954720 -2.940433 0.000000
2746 29.564352 -79.791748 -52.547733 0.000000
2747 30.944553 -77.371391 -55.308136 0.000000
2748 27.694075 -78.541557 -55.378147 0.000000
2749 -13.602003 -52.667751 -83.922356 0.000000
2750 -9.861451 -51.957649 -84.892494 0.000000
2751 -12.511842 -49.327259 -86.092674 0.000000
2752 -11.581705 -46.466839 -87.802925 0.000000
2753 -15.332257 -47.176945 -86.842789 0.000000
2757 45.886753 -29.214302 -83.922356 0.000000
2758 46.366825 -25.433744 -84.892494 0.000000
2759 43.046337 -27.143997 -86.092674 0.000000
2760 40.615978 -25.373734 -87.802925 0.000000
2761 40.135910 -29.154291 -86.842789 0.000000
2896 2.710399 -85.962654 -51.047516 0.000000
2897 3.470511 -84.102386 -54.017948 0.000000
2898 0.050007 -84.462433 -53.567886 0.000000
2899 -20.132963 -72.660690 -65.709671 0.000000
2900 -16.662453 -72.750710 -66.579803 0.000000
2901 -19.362850 -70.360359 -68.400070 0.000000
2902 -18.612740 -68.060013 -70.880440 0.000000
2903 -22.083250 -67.950005 -69.980301 0.000000
2907 62.879257 -41.606129 -65.709671 0.000000
2908 64.039429 -38.325642 -66.579803 0.000000
2909 60.928967 -40.155910 -68.400070 0.000000
2910 58.978680 -38.735706 -70.880440 0.000000
2911 57.808510 -41.996185 -69.980301 0.000000
3134 -42.926315 -86.492729 -26.063837 0.000000
3135 -43.816452 -84.872498 -29.654366 0.000000
3136 -45.846748 -84.732475 -26.853952 0.000000
3176 -39.685841 -89.483170 -20.523022 0.000000
3177 -41.296082 -88.042961 -23.383442 0.000000
3178 -39.265778 -88.182976 -26.183853 0.000000
3181 66.419777 -69.790276 -26.853952 0.000000
3182 47.897049 -83.472290 -27.214006 0.000000
3183 48.917202 -81.832047 -30.234451 0.000000
3184 45.756737 -83.472290 -30.674513 0.000000
3185 43.626419 -83.342270 -33.975002 0.000000
3186 42.626274 -85.012512 -30.964558 0.000000
3187 34.615097 -93.833809 0.000000 0.000000
3188 36.535378 -93.033691 -3.520518 0.000000
3189 32.844833 -94.403893 -3.520518 0.000000
3190 16.072365 -95.684090 -24.293575 0.000000
3191 20.082956 -94.883972 -24.433596 0.000000
3192 17.832624 -94.403893 -27.804092 0.000000
3193 19.482868 -93.033691 -31.104578 0.000000
3194 15.482279 -93.833809 -30.964558 0.000000
3195 13.692015 -93.063698 -33.975002 0.000000
3196 12.041773 -94.433899 -30.674513 0.000000
3197 -10.861599 -96.504211 -23.913521 0.000000
3198 -9.191353 -95.714096 -27.504049 0.000000
3199 -12.711872 -95.494057 -26.853952 0.000000
3200 -14.442126 -94.413902 -29.654366 0.000000
3201 -16.112371 -95.204018 -26.063837 0.000000
3293 -47.506992 -72.390656 -50.047367 0.000000
3294 -44.276520 -72.740700 -52.447720 0.000000
3316 54.167973 -67.549942 -50.047367 0.000000
3317 55.498169 -64.589508 -52.447720 0.000000
3318 52.647755 -66.479782 -53.017803 0.000000
3319 38.265636 -60.398895 -69.940292 0.000000
3320 41.396091 -58.688637 -69.610245 0.000000
3321 39.335789 -57.098408 -72.080612 0.000000
3322 40.305931 -53.837925 -74.030891 0.000000
3323 37.185474 -55.568176 -74.380951 0.000000
3324 7.981175 -70.740417 -70.250343 0.000000
3325 11.931757 -69.810280 -70.620399 0.000000
3326 9.241360 -67.959999 -72.800720 0.000000
3327 12.811886 -46.136787 -87.812927 0.000000
3328 15.732315 -48.417126 -86.092674 0.000000
3329 16.752466 -44.856606 -87.812927 0.000000
3330 20.463013 -43.576416 -87.662903 0.000000
3331 17.542583 -41.296082 -89.383163 0.000000
3332 18.642744 -38.095608 -90.573334 0.000000
3333 14.932198 -39.375793 -90.713348 0.000000
3334 -5.660833 -28.204153 -95.784103 0.000000
3335 -1.820268 -27.073986 -96.264168 0.000000
3336 -4.610679 -24.883661 -96.764244 0.000000
3337 -3.570526 -21.683191 -97.574364 0.000000
3338 -7.411091 -22.813358 -97.094292 0.000000
3496 -10.921608 -86.602745 -48.817184 0.000000
3497 -10.341522 -84.912491 -51.817631 0.000000
3498 -13.732021 -84.852486 -51.137527 0.000000
3499 -22.733345 -80.621872 -54.638042 0.000000
3500 -19.362850 -80.921906 -55.488163 0.000000
3501 -22.123257 -78.761597 -57.538467 0.000000
3502 -21.483162 -76.821312 -60.328884 0.000000
3503 -24.853659 -76.481262 -59.458752 0.000000
3507 69.650253 -46.536850 -54.638042 0.000000
3508 70.980446 -43.416389 -55.488163 0.000000
3509 68.070015 -45.376678 -57.538467 0.000000
3510 66.419777 -44.176506 -60.328884 0.000000
3511 65.059578 -47.266960 -59.458752 0.000000
3782 55.438160 -82.152092 -13.451980 0.000000
3783 56.668346 -80.761887 -16.412416 0.000000
3784 53.657898 -82.682167 -16.952494 0.000000
3785 51.817631 -83.072235 -20.403004 0.000000
3786 50.597450 -84.492432 -17.452570 0.000000
3787 19.512873 -98.094437 0.000000 0.000000
3788 21.303135 -97.654373 -3.520518 0.000000
3789 17.442568 -98.414490 -3.520518 0.000000
3790 9.181351 -99.034576 -10.511547 0.000000
3791 13.131933 -98.584511 -10.541552 0.000000
3792 10.941610 -98.414490 -14.032066 0.000000
3793 12.671865 -97.654373 -17.482573 0.000000
3794 8.721284 -98.094437 -17.452570 0.000000
3795 6.911017 -97.664368 -20.403004 0.000000
3796 5.190764 -98.434486 -16.952494 0.000000
3797 -3.690543 -99.184601 -12.321814 0.000000
3798 -1.950287 -98.734535 -15.852334 0.000000
3799 -5.520813 -98.684525 -15.272248 0.000000
3800 -7.311076 -98.074432 -18.172674 0.000000
3801 -9.051332 -98.524498 -14.642156 0.000000
3916 42.266220 -74.390945 -51.797626 0.000000
3917 43.596416 -71.720558 -54.398006 0.000000
3918 40.515961 -73.260780 -54.718052 0.000000
3919 33.574944 -72.150620 -60.578918 0.000000
3920 36.775414 -70.750420 -60.378887 0.000000
3921 34.835129 -69.350212 -63.079285 0.000000
3922 36.025303 -66.469780 -65.469635 0.000000
3923 32.844833 -67.889992 -65.689667 0.000000
3924 -2.850420 -62.479198 -78.051491 0.000000
3925 0.970143 -61.639072 -78.761597 0.000000
3926 -1.740256 -59.368736 -80.471848 0.000000
3927 -2.320342 -50.307407 -86.412720 0.000000
3928 0.420062 -52.787773 -84.952499 0.000000
3929 1.510222 -49.367268 -86.972801 0.000000
3930 5.280777 -48.357117 -87.382866 0.000000
3931 2.550375 -45.876751 -88.833076 0.000000
3932 3.530520 -42.856308 -90.293289 0.000000
3933 -0.240035 -43.866459 -89.883232 0.000000
3934 -9.671424 -40.565971 -90.903381 0.000000
3935 -5.880866 -39.685841 -91.613487 0.000000
3936 -8.681278 -37.515522 -92.303589 0.000000
3937 -7.691132 -34.455074 -93.573769 0.000000
3938 -11.481689 -35.335205 -92.853668 0.000000
3947 58.538620 -22.013241 -78.051491 0.000000
3948 58.918674 -18.122667 -78.761597 0.000000
3949 55.918228 -20.002945 -80.471848 0.000000
3950 47.136940 -17.752613 -86.412720 0.000000
3951 50.337410 -15.912342 -84.952499 0.000000
3952 47.416981 -13.822034 -86.972801 0.000000
3954 44.416538 -11.751730 -88.833076 0.000000
3956 41.646130 -13.782028 -89.883232 0.000000
3957 35.595242 -21.733198 -90.903381 0.000000
3958 35.925285 -17.862631 -91.613487 0.000000
3959 32.994854 -19.852922 -92.303589 0.000000
3960 30.394474 -17.962643 -93.573769 0.000000
3961 30.054424 -21.833214 -92.853668 0.000000
4234 40.155910 -91.173416 8.821300 0.000000
4235 38.355648 -92.183571 5.890867 0.000000
4236 36.525375 -92.683640 8.821300 0.000000
4242 26.803947 -95.634079 11.771733 0.000000
4243 28.844246 -95.354042 8.841302 0.000000
4244 24.933670 -96.454201 8.821300 0.000000
4245 23.153408 -97.124298 5.890867 0.000000
4246 21.103107 -97.364334 8.821300 0.000000
4248 13.301958 -98.734535 8.831300 0.000000
4250 7.561113 -99.554657 5.890867 0.000000
4366 16.292398 -83.682327 -52.297695 0.000000
4367 17.082514 -81.652016 -55.178120 0.000000
4368 13.712018 -82.412132 -54.988094 0.000000
4369 4.980733 -80.061783 -59.738792 0.000000
4370 8.411238 -79.501701 -60.098846 0.000000
4371 5.740845 -77.861458 -62.509201 0.000000
4372 6.490956 -75.581123 -65.179596 0.000000
4373 3.060451 -76.121208 -64.799538 0.000000
4374 -9.131344 -81.231956 -57.628487 0.000000
4375 -5.570820 -81.091942 -58.278580 0.000000
4376 -8.371232 -79.201653 -60.498909 0.000000
4377 -9.641419 -72.640694 -68.060013 0.000000
4378 -6.851008 -74.801010 -66.039719 0.000000
4379 -6.080895 -72.450661 -68.680107 0.000000
4380 -2.540374 -72.180626 -69.190186 0.000000
4381 -5.330785 -70.020309 -71.210487 0.000000
4382 -4.510664 -67.589951 -73.580833 0.000000
4383 -8.041183 -67.839989 -73.050751 0.000000
4384 -17.042507 -63.229309 -75.591125 0.000000
4385 -13.511990 -63.169304 -76.361237 0.000000
4386 -16.202385 -60.678932 -77.841461 0.000000
4387 -15.362262 -58.078548 -79.961769 0.000000
4388 -18.882780 -58.118557 -79.171654 0.000000
4397 74.430954 -33.784973 -57.628487 0.000000
4398 75.401100 -30.354469 -58.278580 0.000000
4399 72.740700 -32.434776 -60.498909 0.000000
4400 66.109734 -31.614655 -68.060013 0.000000
4401 69.020164 -29.634361 -66.039719 0.000000
4402 67.029861 -28.164146 -68.680107 0.000000
4403 67.859985 -24.723639 -69.190186 0.000000
4404 64.949562 -26.703930 -71.210487 0.000000
4405 62.889256 -25.173708 -73.580833 0.000000
4406 62.039131 -28.614212 -73.050751 0.000000
4407 54.868076 -35.745262 -75.591125 0.000000
4408 55.898228 -32.364765 -76.361237 0.000000
4409 52.697758 -34.165028 -77.841461 0.000000
4410 50.487434 -32.554794 -79.961769 0.000000
4411 49.437279 -35.925285 -79.171654 0.000000
5084 -34.445068 -86.302704 -36.985443 0.000000
5085 -35.165176 -84.412430 -40.505962 0.000000
5086 -37.385506 -84.682465 -37.865574 0.000000
5087 -45.356674 -81.231956 -36.695400 0.000000
5088 -43.196358 -81.131943 -39.435806 0.000000
5089 -46.016773 -79.201653 -40.155910 0.000000
5090 -46.596859 -77.051346 -43.526409 0.000000
5091 -48.777176 -77.191360 -40.796005 0.000000
5098 -54.378002 -72.740700 -41.896168 0.000000
5193 -17.442568 -98.414490 3.520518 0.000000
5195 -13.511990 -99.034576 3.510517 0.000000
5196 -9.611416 -99.494644 3.510517 0.000000
5197 -11.751730 -99.324615 0.000000 0.000000
5198 -9.671424 -99.504646 -2.940433 0.000000
5199 -13.571999 -99.044579 -2.940433 0.000000
5200 -21.103107 -97.364334 -8.821300 0.000000
5201 -17.222534 -98.124443 -8.841302 0.000000
5202 -19.002798 -97.484352 -11.771733 0.000000
5203 -16.902487 -97.474350 -14.672159 0.000000
5204 -20.783060 -96.724236 -14.652158 0.000000
5208 -32.174740 -92.423599 -20.643040 0.000000
5209 -30.414476 -93.613777 -17.712608 0.000000
5210 -28.294167 -93.683792 -20.643040 0.000000
5211 -24.413593 -94.773956 -20.603033 0.000000
5212 -26.173853 -93.613777 -23.533464 0.000000
5213 -23.993532 -93.473755 -26.253862 0.000000
5214 -27.874102 -92.383591 -26.293869 0.000000
5215 -35.045158 -88.152977 -31.684664 0.000000
5216 -31.234598 -89.553185 -31.734671 0.000000
5217 -32.854836 -87.982956 -34.405067 0.000000
5218 -30.634510 -87.702911 -37.045456 0.000000
5220 69.410217 -59.528763 -40.505962 0.000000
5221 68.990158 -61.729088 -37.865574 0.000000
5222 63.239311 -68.240044 -36.695400 0.000000
5223 63.809395 -66.149734 -39.435806 0.000000
5224 61.098995 -68.240044 -40.155910 0.000000
5225 58.888668 -68.130035 -43.526409 0.000000
5226 58.348591 -70.240341 -40.796005 0.000000
5227 59.938828 -76.011192 -25.143700 0.000000
5228 60.898964 -74.190918 -28.114140 0.000000
5229 58.018539 -76.241226 -28.694225 0.000000
5230 50.767475 -78.221512 -36.145321 0.000000
5231 53.827927 -76.371246 -35.665249 0.000000
5232 51.607594 -76.241226 -39.065750 0.000000
5233 52.377708 -74.190918 -41.896168 0.000000
5234 49.297256 -76.011192 -42.366238 0.000000
5235 47.026924 -75.591125 -45.576710 0.000000
5236 46.266808 -77.671440 -42.766293 0.000000
5237 39.165764 -82.682167 -40.415951 0.000000
5238 40.025894 -80.761887 -43.346382 0.000000
5239 36.825420 -82.152092 -43.566414 0.000000
5240 34.455074 -81.491997 -46.626862 0.000000
5241 33.614948 -83.442284 -43.706436 0.000000
5242 48.867191 -87.262848 0.000000 0.000000
5243 50.707470 -86.142677 -3.510517 0.000000
5244 47.276958 -88.062965 -3.510517 0.000000
5245 40.195915 -90.973389 -10.521549 0.000000
5246 43.786446 -89.303146 -10.541552 0.000000
5247 41.946178 -89.703209 -14.042068 0.000000
5248 43.616421 -88.282997 -17.482573 0.000000
5249 40.025894 -89.973251 -17.462572 0.000000
5250 24.793648 -96.324181 -10.521549 0.000000
5251 28.764235 -95.204018 -10.551554 0.000000
5252 26.653923 -95.364037 -14.042068 0.000000
5253 27.984119 -92.823662 -24.573616 0.000000
5254 30.214449 -92.973686 -21.103107 0.000000
5255 31.914698 -91.543472 -24.573616 0.000000
5256 35.745262 -90.133270 -24.523609 0.000000
5257 33.524937 -89.973251 -27.994122 0.000000
5258 35.145172 -88.282997 -31.194590 0.000000
5259 31.314611 -89.703209 -31.244600 0.000000
5260 22.703342 -89.873230 -37.545528 0.000000
5261 26.663927 -88.753059 -37.615540 0.000000
5262 24.283573 -88.062965 -40.715992 0.000000
5263 25.813799 -86.142677 -43.776443 0.000000
5264 21.853218 -87.262848 -43.706436 0.000000
5265 20.022947 -86.182686 -46.626862 0.000000
5266 18.492722 -88.102974 -43.566414 0.000000
5267 10.071483 -91.173416 -39.865868 0.000000
5268 11.661716 -89.503181 -43.076340 0.000000
5269 8.221210 -90.033257 -42.766293 0.000000
5270 6.390941 -88.793068 -45.576710 0.000000
5271 4.800707 -90.473320 -42.366238 0.000000
5272 3.260480 -96.454201 -26.243862 0.000000
5273 4.990735 -95.354042 -29.754381 0.000000
5274 1.460215 -95.634079 -29.234303 0.000000
5275 -5.800854 -93.683792 -34.545086 0.000000
5276 -2.240330 -93.613777 -35.125172 0.000000
5277 -4.070600 -92.423599 -38.005596 0.000000
5278 -2.350346 -91.023392 -41.376095 0.000000
5279 -5.910870 -91.123413 -40.796005 0.000000
5280 -7.591117 -89.723206 -43.526409 0.000000
5281 -9.321372 -91.123413 -40.155910 0.000000
5282 -17.842627 -91.913528 -35.155178 0.000000
5283 -16.152380 -90.813370 -38.675694 0.000000
5284 -19.532875 -90.483322 -37.865574 0.000000
5285 -21.163115 -88.963097 -40.505962 0.000000
5286 -22.863365 -90.063263 -36.985443 0.000000
5558 -36.425362 -80.211807 -47.346970 0.000000
5559 -33.024860 -80.341827 -49.567295 0.000000
5560 -35.905289 -78.591568 -50.377419 0.000000
5561 -37.605534 -73.090752 -56.978390 0.000000
5562 -34.775120 -75.011040 -56.268284 0.000000
5563 -34.145027 -73.090752 -59.118698 0.000000
5564 -30.654512 -72.970741 -61.138996 0.000000
5565 -33.494930 -71.080460 -61.869106 0.000000
5571 -34.895138 -64.439484 -68.060013 0.000000
5572 -32.114727 -66.579803 -67.369919 0.000000
5573 -31.354614 -64.209457 -69.980301 0.000000
5574 -27.794092 -63.959415 -71.690552 0.000000
5575 -30.584501 -61.839104 -72.410652 0.000000
5626 65.029579 -59.428749 -47.346970 0.000000
5627 66.199738 -56.238281 -49.567295 0.000000
5628 63.649368 -58.428604 -50.377419 0.000000
5629 57.888523 -58.348591 -56.978390 0.000000
5630 60.588917 -56.258282 -56.268284 0.000000
5631 58.958679 -55.058105 -59.118698 0.000000
5632 59.928825 -51.707611 -61.138996 0.000000
5633 57.248425 -53.827927 -61.869106 0.000000
5634 46.046776 -66.039719 -59.338734 0.000000
5635 49.137230 -64.219452 -58.848663 0.000000
5636 47.296963 -62.969269 -61.649075 0.000000
5637 47.506992 -55.048103 -68.680107 0.000000
5638 49.507286 -56.488319 -66.039719 0.000000
5639 50.497433 -53.107819 -68.060013 0.000000
5640 53.397865 -51.117527 -67.369919 0.000000
5641 51.377567 -49.657307 -69.980301 0.000000
5642 52.247692 -46.196800 -71.690552 0.000000
5643 49.367268 -48.197098 -72.410652 0.000000
5644 42.086197 -47.046925 -77.581421 0.000000
5645 45.096638 -45.136646 -77.021339 0.000000
5646 42.886311 -43.516403 -79.181656 0.000000
5647 43.616421 -39.945877 -80.651871 0.000000
5648 40.615978 -41.876167 -81.241959 0.000000
5649 18.602739 -77.261375 -60.718937 0.000000
5650 22.563322 -76.111198 -60.828953 0.000000
5651 19.952936 -74.721001 -63.419338 0.000000
5652 19.802914 -67.619957 -70.990456 0.000000
5653 22.493313 -69.240196 -68.570091 0.000000
5654 23.723494 -66.339760 -70.990456 0.000000
5655 27.574059 -64.969574 -70.860435 0.000000
5656 24.873661 -63.349331 -73.280785 0.000000
5657 8.601267 -59.688789 -79.791748 0.000000
5658 11.461687 -61.849102 -77.761444 0.000000
5659 12.551847 -58.648628 -80.041779 0.000000
5660 21.473160 -52.757763 -82.212105 0.000000
5661 20.433008 -56.188271 -80.181801 0.000000
5662 24.313578 -54.818066 -80.041779 0.000000
5663 27.083986 -56.778362 -77.761444 0.000000
5664 28.124140 -53.337849 -79.791748 0.000000
5665 31.804682 -51.927647 -79.341675 0.000000
5666 29.044275 -49.977360 -81.622017 0.000000
5667 27.794092 -40.826008 -86.972801 0.000000
5668 30.684517 -42.956326 -84.952499 0.000000
5669 31.444628 -39.335789 -86.412720 0.000000
5670 35.005154 -37.815567 -85.712616 0.000000
5671 32.114727 -35.695255 -87.732918 0.000000
5672 33.174881 -32.354767 -88.633049 0.000000
5673 29.614359 -33.874985 -89.323151 0.000000
5674 20.793062 -31.554644 -92.603630 0.000000
5675 24.453598 -30.124435 -92.183571 0.000000
5676 21.833214 -28.194149 -93.443756 0.000000
5677 22.843363 -24.833656 -94.153862 0.000000
5678 19.182823 -26.263866 -94.573921 0.000000
5679 5.510811 -36.675396 -92.883667 0.000000
5680 9.381381 -35.475224 -93.043694 0.000000
5681 6.600972 -33.444923 -94.023842 0.000000
5682 5.880866 -24.683634 -96.744247 0.000000
5683 8.711283 -26.803947 -95.964134 0.000000
5684 9.751435 -23.433451 -96.744247 0.000000
5685 13.571999 -22.143259 -96.584213 0.000000
5686 10.751583 -20.042950 -97.394333 0.000000
5688 8.001178 -18.032654 -98.054436 0.000000
5842 -17.682604 -86.302704 -47.346970 0.000000
5843 -17.152525 -84.682465 -50.377419 0.000000
5844 -20.503017 -84.412430 -49.567295 0.000000
5845 -23.303429 -82.382126 -51.707611 0.000000
5846 -26.063837 -80.211807 -53.757915 0.000000
5849 73.940887 -45.586708 -49.567295 0.000000
5850 71.140480 -47.617008 -51.707611 0.000000
5851 68.230042 -49.577297 -53.757915 0.000000
6015 54.127968 -83.442284 -10.511547 0.000000
6016 11.751730 -99.324615 0.000000 0.000000
6017 13.511990 -99.034576 -3.510517 0.000000
6018 9.611416 -99.494644 -3.510517 0.000000
6019 7.441095 -99.494644 -7.021034 0.000000
6020 5.260775 -99.324615 -10.511547 0.000000
6021 3.440506 -99.044579 -13.451980 0.000000
6022 1.690249 -99.504646 -9.961467 0.000000
6023 -1.880277 -99.554657 -9.401383 0.000000
6024 -5.450802 -99.474640 -8.811297 0.000000
6094 36.005299 -77.271378 -52.297695 0.000000
6095 37.345497 -74.731003 -54.988094 0.000000
6096 34.175030 -76.091202 -55.178120 0.000000
6097 32.284756 -74.811012 -57.988537 0.000000
6098 30.364470 -73.440811 -60.718937 0.000000
6099 -8.251215 -57.748501 -81.241959 0.000000
6100 -4.480659 -56.968384 -82.082085 0.000000
6101 -7.171056 -54.508022 -83.542305 0.000000
6102 -6.090896 -51.167534 -85.712616 0.000000
6103 -5.000736 -47.747028 -87.732918 0.000000
6104 -4.050596 -44.816597 -89.323151 0.000000
6105 -7.821151 -45.676723 -88.633049 0.000000
6106 -10.641566 -43.536407 -89.413162 0.000000
6107 -13.441978 -41.356091 -90.063263 0.000000
6113 52.377708 -25.693783 -81.241959 0.000000
6114 52.797768 -21.863218 -82.082085 0.000000
6115 49.627304 -23.663483 -83.542305 0.000000
6116 46.786884 -21.603180 -85.712616 0.000000
6117 43.866459 -19.512873 -87.732918 0.000000
6118 41.366089 -17.702606 -89.323151 0.000000
6119 41.026039 -21.553171 -88.633049 0.000000
6120 38.125610 -23.573469 -89.413162 0.000000
6121 35.175179 -25.553761 -90.063263 0.000000
6291 19.002798 -97.484352 11.771733 0.000000
6364 9.521402 -85.022507 -51.797626 0.000000
6365 10.281513 -83.082230 -54.718052 0.000000
6366 6.881013 -83.642319 -54.398006 0.000000
6367 4.220621 -82.132095 -56.918381 0.000000
6368 1.560230 -80.491844 -59.338734 0.000000
6369 -14.682160 -77.191360 -61.869106 0.000000
6370 -11.171644 -77.161362 -62.639217 0.000000
6371 -13.922050 -75.021042 -64.659523 0.000000
6372 -13.151937 -72.740700 -67.369919 0.000000
6373 -12.371821 -70.370361 -69.980301 0.000000
6374 -11.601707 -68.010010 -72.410652 0.000000
6375 -15.112225 -68.080025 -71.690552 0.000000
6376 -17.832624 -65.679665 -73.280785 0.000000
6377 -20.533024 -63.189301 -74.761002 0.000000
6383 68.880142 -37.815567 -61.869106 0.000000
6384 69.940292 -34.465073 -62.639217 0.000000
6385 67.049873 -36.425362 -64.659523 0.000000
6386 65.119583 -34.985149 -67.369919 0.000000
6387 63.099293 -33.514931 -69.980301 0.000000
6388 61.098995 -32.054718 -72.410652 0.000000
6389 60.078846 -35.415215 -71.690552 0.000000
6390 56.958389 -37.265484 -73.280785 0.000000
6391 53.747913 -39.055748 -74.761002 0.000000
6794 -38.775707 -86.602745 -31.604654 0.000000
6795 -39.595829 -84.852486 -35.155178 0.000000
6796 -41.726143 -84.912491 -32.424774 0.000000
6797 -44.626572 -83.122238 -33.204884 0.000000
6798 -47.466988 -81.231956 -33.934994 0.000000
6862 -19.512873 -98.094437 0.000000 0.000000
6863 -17.482573 -98.434486 -2.940433 0.000000
6864 -21.343142 -97.664368 -2.940433 0.000000
6865 -23.153408 -97.124298 -5.890867 0.000000
6866 -24.933670 -96.454201 -8.821300 0.000000
6870 -35.955292 -91.023392 -20.603033 0.000000
6871 -33.844982 -91.123413 -23.533464 0.000000
6872 -31.744675 -91.123413 -26.293869 0.000000
6873 -35.535233 -89.723206 -26.253862 0.000000
6874 -37.175472 -88.222984 -28.954264 0.000000
6876 68.460075 -63.879406 -35.155178 0.000000
6878 65.259605 -68.130035 -33.204884 0.000000
6879 62.589214 -70.240341 -33.934994 0.000000
6880 54.057957 -79.951767 -26.243862 0.000000
6881 55.038101 -78.221512 -29.234303 0.000000
6882 52.007656 -80.081787 -29.754381 0.000000
6883 49.867340 -80.081787 -33.214890 0.000000
6884 47.647015 -79.951767 -36.615391 0.000000
6885 45.446690 -79.681725 -39.865868 0.000000
6886 44.566563 -81.562012 -36.945438 0.000000
6887 41.426102 -83.072235 -37.225479 0.000000
6888 38.235626 -84.492432 -37.455513 0.000000
6889 41.876167 -90.823364 0.000000 0.000000
6890 43.736439 -89.873230 -3.520518 0.000000
6891 40.165913 -91.523468 -3.520518 0.000000
6892 38.395653 -92.083557 -7.031035 0.000000
6893 36.555382 -92.493614 -10.521549 0.000000
6894 20.503017 -96.324181 -17.462572 0.000000
6895 24.483604 -95.364037 -17.562586 0.000000
6896 22.303284 -95.204018 -21.003092 0.000000
6897 24.053541 -93.933823 -24.523609 0.000000
6898 25.763792 -92.493614 -27.994122 0.000000
6899 27.394032 -90.973389 -31.244600 0.000000
6900 23.463453 -92.083557 -31.194590 0.000000
6901 21.113108 -91.523468 -34.355057 0.000000
6902 18.722755 -90.823364 -37.455513 0.000000
6903 16.912489 -89.913239 -40.415951 0.000000
6904 15.322255 -91.553474 -37.225479 0.000000
6905 11.881749 -92.183571 -36.945438 0.000000
6906 8.441242 -92.683640 -36.615391 0.000000
6907 -3.810561 -96.724236 -25.143700 0.000000
6908 -2.120312 -95.784103 -28.694225 0.000000
6909 -5.660833 -95.814110 -28.114140 0.000000
6910 -7.511106 -94.773956 -31.054571 0.000000
6911 -9.341375 -93.613777 -33.934994 0.000000
6912 -11.051627 -92.383591 -36.695400 0.000000
6913 -12.751877 -93.473755 -33.204884 0.000000
6914 -16.162378 -93.223724 -32.424774 0.000000
6915 -19.532875 -92.853668 -31.604654 0.000000
7079 -42.066193 -76.481262 -48.817184 0.000000
7080 -38.765709 -76.721291 -51.137527 0.000000
7081 -41.546116 -74.781006 -51.817631 0.000000
7082 -40.976032 -72.970741 -54.758060 0.000000
7083 -40.355938 -71.080460 -57.628487 0.000000
7120 59.738792 -63.639370 -48.817184 0.000000
7121 60.988976 -60.568916 -51.137527 0.000000
7122 58.278580 -62.619217 -51.817631 0.000000
7123 56.738354 -61.519058 -54.758060 0.000000
7124 55.128113 -60.348885 -57.628487 0.000000
7125 42.266220 -63.379333 -64.799538 0.000000
7126 45.366680 -61.619072 -64.409485 0.000000
7127 43.406387 -60.188866 -67.049873 0.000000
7128 44.476547 -56.898376 -69.190186 0.000000
7129 45.466690 -53.517876 -71.210487 0.000000
7130 46.386829 -50.157383 -73.050751 0.000000
7131 43.376385 -52.027660 -73.580833 0.000000
7132 41.226070 -50.477432 -75.861168 0.000000
7133 39.025745 -48.867191 -78.051491 0.000000
7134 13.331964 -74.230927 -65.689667 0.000000
7135 17.282545 -73.190773 -65.939705 0.000000
7136 14.622152 -71.560539 -68.330055 0.000000
7137 15.882339 -68.770126 -70.860435 0.000000
7138 17.112520 -65.869698 -73.280785 0.000000
7139 10.741581 -53.087814 -84.082375 0.000000
7140 13.632007 -55.298141 -82.212105 0.000000
7141 14.692163 -51.907639 -84.222397 0.000000
7142 18.622740 -50.627457 -84.222397 0.000000
7143 22.513313 -49.267250 -84.082375 0.000000
7144 26.203856 -47.907055 -83.792336 0.000000
7145 23.353437 -45.786739 -85.802628 0.000000
7146 24.153555 -42.226215 -87.382866 0.000000
7147 24.903666 -38.615685 -88.833076 0.000000
7148 25.983824 -35.345203 -89.883232 0.000000
7149 22.333288 -36.755409 -90.293289 0.000000
7150 19.732904 -34.845131 -91.653488 0.000000
7151 17.102518 -32.904846 -92.883667 0.000000
7152 -0.080012 -32.524788 -94.573921 0.000000
7153 3.780556 -31.344614 -94.903969 0.000000
7154 0.980144 -29.234303 -95.644081 0.000000
7155 2.030299 -25.893810 -96.584213 0.000000
7156 3.080453 -22.533318 -97.394333 0.000000
7157 4.130608 -19.292841 -98.054436 0.000000
7158 0.280041 -20.503017 -97.894409 0.000000
7159 -2.520371 -18.442715 -98.264465 0.000000
7390 -4.120606 -86.492729 -50.047367 0.000000
7391 -3.520518 -84.732475 -53.017803 0.000000
7392 -6.931021 -84.872498 -52.447720 0.000000
7393 -9.741434 -83.122238 -54.758060 0.000000
7394 -12.531845 -81.231956 -56.978390 0.000000
7395 -16.562437 -82.962219 -53.347855 0.000000
7396 -15.952349 -81.131943 -56.268284 0.000000
7397 -15.332257 -79.201653 -59.118698 0.000000
7398 -18.092663 -77.051346 -61.138996 0.000000
7399 -20.823065 -74.781006 -63.059284 0.000000
7400 -23.523462 -72.390656 -64.879555 0.000000
7405 73.380798 -37.025452 -56.978390 0.000000
7406 73.780861 -41.386093 -53.347855 0.000000
7407 72.230637 -40.245922 -56.268284 0.000000
7408 70.590393 -39.055748 -59.118698 0.000000
7409 67.689964 -41.016041 -61.138996 0.000000
7410 64.689522 -42.916317 -63.059284 0.000000
7411 61.579063 -44.736584 -64.879555 0.000000
7788 65.509644 -71.690552 -23.913521 0.000000
7790 61.799099 -75.591125 -21.673191 0.000000
7791 58.938671 -77.671440 -22.263277 0.000000
7792 59.608776 -78.731590 -15.852334 0.000000
7793 57.838516 -79.261665 -19.352850 0.000000
7794 55.978241 -79.681725 -22.823359 0.000000
7795 52.977795 -81.562012 -23.343437 0.000000
7796 49.897343 -83.342270 -23.833508 0.000000
7797 46.756882 -85.012512 -24.283573 0.000000
7798 27.143997 -96.264168 0.000000 0.000000
7799 28.914255 -95.684090 -3.520518 0.000000
7800 25.133701 -96.744247 -3.520518 0.000000
7801 23.063395 -97.064293 -7.031035 0.000000
7802 20.953085 -97.224312 -10.521549 0.000000
7803 15.302252 -98.584511 -7.031035 0.000000
7804 17.062511 -97.984428 -10.541552 0.000000
7805 18.782766 -97.224312 -14.042068 0.000000
7806 16.602442 -97.064293 -17.482573 0.000000
7807 14.382117 -96.744247 -20.903078 0.000000
7808 12.141787 -96.264168 -24.283573 0.000000
7809 10.311519 -95.684090 -27.214006 0.000000
7810 8.621269 -96.754242 -23.833508 0.000000
7811 5.080748 -97.124298 -23.343437 0.000000
7812 1.550228 -97.364334 -22.823359 0.000000
7813 1.620239 -98.644516 -16.412416 0.000000
7814 -0.200029 -98.124443 -19.352850 0.000000
7815 -2.030299 -97.484352 -22.263277 0.000000
7816 -5.560819 -97.474350 -21.673191 0.000000
7817 -9.091337 -97.354324 -21.053099 0.000000
7818 -12.611857 -97.094292 -20.403004 0.000000
7978 48.337116 -71.140480 -51.047516 0.000000
7979 49.597301 -68.360062 -53.567886 0.000000
7980 46.626862 -70.080315 -54.017948 0.000000
7981 44.856606 -68.930145 -56.918381 0.000000
7982 43.026333 -67.699966 -59.738792 0.000000
7983 38.665691 -72.060608 -57.578476 0.000000
7984 39.925877 -69.260193 -60.098846 0.000000
7985 41.116055 -66.369774 -62.509201 0.000000
7986 39.175766 -64.969574 -65.179596 0.000000
7987 37.175472 -63.479347 -67.759972 0.000000
7988 35.125172 -61.919109 -70.250343 0.000000
7989 2.570378 -66.809830 -74.380951 0.000000
7990 6.400942 -65.889694 -74.971031 0.000000
7991 3.690543 -63.819397 -76.921326 0.000000
7992 4.790705 -60.708939 -79.341675 0.000000
7993 5.880866 -57.498463 -81.622017 0.000000
7994 -0.670099 -56.128265 -82.782188 0.000000
7995 3.160465 -55.188126 -83.352272 0.000000
7996 6.961025 -54.157970 -83.792336 0.000000
7997 8.021181 -50.767475 -85.802628 0.000000
7998 9.061334 -47.276958 -87.662903 0.000000
7999 10.081484 -43.716434 -89.383163 0.000000
8000 11.061628 -40.635983 -90.713348 0.000000
8001 7.311076 -41.786152 -90.573334 0.000000
8002 4.520666 -39.785854 -91.653488 0.000000
8003 1.730255 -37.745560 -92.603630 0.000000
8004 -3.060451 -41.806156 -90.803368 0.000000
8005 -2.070305 -38.745705 -92.183571 0.000000
8006 -1.090160 -35.645245 -93.443756 0.000000
8007 -3.880571 -33.514931 -94.153862 0.000000
8008 -6.680983 -31.344614 -94.743950 0.000000
8009 -9.471395 -29.144289 -95.204018 0.000000
8026 53.177830 -17.982647 -82.782188 0.000000
8027 53.467873 -14.052068 -83.352272 0.000000
8036 38.815716 -15.832331 -90.803368 0.000000
8037 36.205326 -13.942053 -92.183571 0.000000
8040 27.744081 -16.042362 -94.743950 0.000000
8041 24.793648 -18.012651 -95.204018 0.000000
8385 47.236954 -88.102974 2.940433 0.000000
8387 45.516697 -88.863083 5.890867 0.000000
8388 43.706436 -89.913239 2.940433 0.000000
8389 40.145908 -91.553474 2.940433 0.000000
8390 36.505375 -93.063698 2.950434 0.000000
8391 32.824833 -94.433899 2.950434 0.000000
8397 34.525082 -93.123711 11.771733 0.000000
8398 32.714813 -94.093849 8.841302 0.000000
8399 30.854540 -94.953979 5.890867 0.000000
8400 28.954264 -95.684090 2.950434 0.000000
8401 25.163704 -96.754242 2.950434 0.000000
8402 21.343142 -97.664368 2.940433 0.000000
8403 17.482573 -98.434486 2.940433 0.000000
8404 17.222534 -98.124443 8.841302 0.000000
8405 15.402267 -98.644516 5.890867 0.000000
8406 13.571999 -99.044579 2.940433 0.000000
8407 9.671424 -99.504646 2.940433 0.000000
8408 5.740845 -99.804695 2.940433 0.000000
8409 1.820268 -99.954720 2.940433 0.000000
8554 22.983383 -81.932060 -52.547733 0.000000
8555 23.763498 -79.821747 -55.378147 0.000000
8556 20.443010 -80.781891 -55.308136 0.000000
8557 17.852629 -79.501701 -57.988537 0.000000
8558 15.242244 -78.111496 -60.578918 0.000000
8559 11.071630 -81.021927 -57.578476 0.000000
8560 11.841743 -78.851601 -60.378887 0.000000
8561 12.581852 -76.581276 -63.079285 0.000000
8562 9.921460 -74.951035 -65.469635 0.000000
8563 7.241066 -73.210777 -67.759972 0.000000
8564 4.540668 -71.350510 -69.940292 0.000000
8565 -2.760406 -82.842194 -55.968239 0.000000
8566 -2.000294 -80.841904 -58.848663 0.000000
8567 -1.250184 -78.741585 -61.649075 0.000000
8568 -7.621122 -77.051346 -63.309322 0.000000
8569 -4.050596 -76.831306 -63.899406 0.000000
8570 -0.490072 -76.511261 -64.409485 0.000000
8571 0.260038 -74.210922 -67.049873 0.000000
8572 1.010149 -71.810577 -69.610245 0.000000
8573 1.740256 -69.320198 -72.080612 0.000000
8574 -0.970143 -67.239891 -74.030891 0.000000
8575 -3.680542 -65.069580 -75.861168 0.000000
8576 -6.390941 -62.799244 -77.581421 0.000000
8577 -10.781587 -65.559654 -74.761002 0.000000
8578 -9.951465 -63.019279 -77.021339 0.000000
8579 -9.121343 -60.408890 -79.181656 0.000000
8580 -11.811739 -57.948528 -80.651871 0.000000
8581 -14.492133 -55.408157 -81.992073 0.000000
8582 -17.152525 -52.777771 -83.212257 0.000000
8596 74.500961 -25.523758 -61.649075 0.000000
8597 70.930450 -31.054571 -63.309322 0.000000
8598 71.820572 -27.594063 -63.899406 0.000000
8599 72.620689 -24.103548 -64.409485 0.000000
8600 70.660400 -22.683340 -67.049873 0.000000
8601 68.600098 -21.233126 -69.610245 0.000000
8602 66.459778 -19.762909 -72.080612 0.000000
8603 63.659370 -21.703194 -74.030891 0.000000
8604 60.748943 -23.613476 -75.861168 0.000000
8605 57.748501 -25.483751 -77.581421 0.000000
8606 59.018684 -30.514492 -74.761002 0.000000
8607 56.858368 -28.944262 -77.021339 0.000000
8608 54.638042 -27.334024 -79.181656 0.000000
8609 51.467575 -29.144289 -80.651871 0.000000
8610 48.217098 -30.904547 -81.992073 0.000000
8611 44.896610 -32.614803 -83.212257 0.000000
9430 -29.944408 -85.592590 -42.196209 0.000000
9431 -30.604504 -83.552299 -45.656719 0.000000
9432 -32.904846 -84.032372 -43.106342 0.000000
9433 -35.825272 -82.382126 -43.966473 0.000000
9434 -38.705700 -80.621872 -44.766590 0.000000
9435 -40.315937 -82.962219 -38.675694 0.000000
9436 -40.976032 -80.921906 -42.136204 0.000000
9437 -41.566120 -78.761597 -45.516697 0.000000
9438 -44.356533 -76.821312 -46.196800 0.000000
9439 -47.096931 -74.781006 -46.826893 0.000000
9440 -49.767323 -72.660690 -47.396976 0.000000
9442 -49.637306 -81.091942 -31.054571 0.000000
9443 -50.367416 -79.201653 -34.545086 0.000000
9446 -51.027515 -77.161362 -38.005596 0.000000
9447 -51.607594 -75.021042 -41.376095 0.000000
9448 -52.107674 -72.750710 -44.676579 0.000000
9538 -1.760259 -99.934708 3.510517 0.000000
9564 -5.680836 -99.794685 3.510517 0.000000
9565 -3.930578 -99.934708 0.000000 0.000000
9566 -5.740845 -99.804695 -2.940433 0.000000
9567 -7.561113 -99.554657 -5.890867 0.000000
9568 -9.371379 -99.184601 -8.811297 0.000000
9569 -15.402267 -98.644516 -5.890867 0.000000
9570 -13.301958 -98.734535 -8.831300 0.000000
9571 -11.191648 -98.684525 -11.761731 0.000000
9572 -12.981912 -98.074432 -14.662157 0.000000
9573 -14.762173 -97.354324 -17.552586 0.000000
9574 -16.532433 -96.504211 -20.413004 0.000000
9577 -26.803947 -95.634079 -11.771733 0.000000
9579 -28.624212 -94.683937 -14.752171 0.000000
9580 -24.713636 -95.784103 -14.732169 0.000000
9581 -22.613329 -95.814110 -17.632597 0.000000
9582 -20.483015 -95.714096 -20.523022 0.000000
9583 -18.332699 -95.494057 -23.383442 0.000000
9584 -20.062952 -94.413902 -26.183853 0.000000
9585 -21.773205 -93.223724 -28.954264 0.000000
9586 -23.463453 -91.913528 -31.684664 0.000000
9587 -29.574354 -91.023392 -29.034275 0.000000
9588 -27.364029 -90.813370 -31.734671 0.000000
9589 -25.133701 -90.483322 -34.405067 0.000000
9590 -26.763941 -88.963097 -37.045456 0.000000
9591 -28.374176 -87.322853 -39.645836 0.000000
9592 -26.083839 -86.842789 -42.196209 0.000000
9594 70.010307 -54.928085 -45.656719 0.000000
9595 69.750267 -57.258427 -43.106342 0.000000
9596 67.269897 -59.528763 -43.966473 0.000000
9597 64.719528 -61.729088 -44.766590 0.000000
9598 66.439781 -63.979420 -38.675694 0.000000
9599 64.299469 -63.979420 -42.136204 0.000000
9600 62.059139 -63.879406 -45.516697 0.000000
9601 59.348736 -65.919701 -46.196800 0.000000
9602 56.568325 -67.899994 -46.826893 0.000000
9603 53.727905 -69.790276 -47.396976 0.000000
9604 63.699379 -72.030602 -27.504049 0.000000
9605 61.779091 -72.260635 -31.054571 0.000000
9606 59.758801 -72.380653 -34.545086 0.000000
9607 55.968239 -76.371246 -32.204742 0.000000
9608 56.838367 -74.420952 -35.125172 0.000000
9609 57.618481 -72.380653 -38.005596 0.000000
9610 55.398155 -72.260635 -41.376095 0.000000
9611 53.087814 -72.030602 -44.676579 0.000000
9612 50.687462 -71.690552 -47.907055 0.000000
9613 47.717026 -73.410805 -48.347118 0.000000
9614 44.676579 -75.051048 -48.727169 0.000000
9615 41.596123 -76.591278 -49.047218 0.000000
9616 43.176353 -79.261665 -43.076340 0.000000
9617 40.836014 -78.731590 -46.226803 0.000000
9618 38.435658 -78.071487 -49.307259 0.000000
9619 35.255188 -79.431694 -49.497284 0.000000
9620 32.034718 -80.711876 -49.627304 0.000000
9621 28.774237 -81.882057 -49.697315 0.000000
9623 52.457722 -84.862488 -7.021034 0.000000
9624 50.777477 -85.522583 -10.511547 0.000000
9625 45.566704 -88.753059 -7.031035 0.000000
9626 47.326965 -87.472878 -10.541552 0.000000
9627 48.997211 -86.052666 -14.032066 0.000000
9628 47.146938 -86.452728 -17.482573 0.000000
9629 45.226658 -86.722763 -20.903078 0.000000
9630 43.236362 -86.852783 -24.293575 0.000000
9631 30.834538 -94.883972 -7.031035 0.000000
9632 32.694817 -93.933823 -10.551554 0.000000
9633 34.495079 -92.823662 -14.042068 0.000000
9634 28.454189 -94.253876 -17.582588 0.000000
9635 32.384769 -92.973686 -17.582588 0.000000
9636 36.255337 -91.543472 -17.562586 0.000000
9637 37.925583 -90.133270 -21.003092 0.000000
9638 39.525818 -88.563042 -24.433596 0.000000
9639 41.056042 -86.852783 -27.804092 0.000000
9640 38.925732 -86.722763 -31.104578 0.000000
9641 36.715405 -86.452728 -34.355057 0.000000
9642 34.455074 -86.052666 -37.545528 0.000000
9643 29.014271 -89.303146 -34.455074 0.000000
9644 30.594503 -87.472878 -37.615540 0.000000
9645 32.114727 -85.522583 -40.715992 0.000000
9646 29.744379 -84.862488 -43.776443 0.000000
9647 27.314020 -84.072372 -46.776886 0.000000
9648 24.853659 -83.162247 -49.697315 0.000000
9649 21.523169 -84.122383 -49.627304 0.000000
9650 18.162674 -84.982513 -49.497284 0.000000
9651 14.792177 -85.752625 -49.307259 0.000000
9652 15.092222 -88.863083 -43.346382 0.000000
9653 13.241950 -87.692909 -46.226803 0.000000
9654 11.371674 -86.412720 -49.047218 0.000000
9655 7.971174 -86.972801 -48.727169 0.000000
9656 4.550670 -87.432869 -48.347118 0.000000
9657 1.130166 -87.792923 -47.907055 0.000000
9658 8.531256 -94.953979 -30.234451 0.000000
9659 6.720989 -94.093849 -33.214890 0.000000
9660 4.910723 -93.123711 -36.145321 0.000000
9661 -0.390057 -94.683937 -32.204742 0.000000
9662 1.340197 -93.433754 -35.665249 0.000000
9663 3.060451 -92.023544 -39.065750 0.000000
9664 1.230181 -90.813370 -41.896168 0.000000
9665 -0.610090 -89.483170 -44.676579 0.000000
9666 -2.440359 -88.042961 -47.396976 0.000000
9667 -5.860863 -88.182976 -46.826893 0.000000
9668 -9.271364 -88.222984 -46.196800 0.000000
9669 -12.661863 -88.152977 -45.516697 0.000000
9670 -12.741876 -91.023392 -39.435806 0.000000
9671 -14.422123 -89.553185 -42.136204 0.000000
9672 -16.072365 -87.982956 -44.766590 0.000000
9673 -19.432861 -87.702911 -43.966473 0.000000
9674 -22.773354 -87.322853 -43.106342 0.000000
10000 -30.104431 -82.002068 -48.707169 0.000000
10001 -29.564352 -80.341827 -51.707611 0.000000
10002 -28.994268 -78.591568 -54.638042 0.000000
10003 -35.365208 -76.851318 -53.347855 0.000000
10004 -31.904697 -76.851318 -55.488163 0.000000
10005 -28.404182 -76.721291 -57.538467 0.000000
10006 -27.774088 -74.781006 -60.328884 0.000000
10007 -27.113993 -72.740700 -63.059284 0.000000
10008 -26.423889 -70.620399 -65.709671 0.000000
10014 -36.315342 -68.990158 -62.639217 0.000000
10015 -32.824833 -68.880142 -64.659523 0.000000
10016 -29.284311 -68.650108 -66.579803 0.000000
10017 -25.693783 -68.300056 -68.400070 0.000000
10018 -24.953674 -65.999710 -70.880440 0.000000
10019 -24.173559 -63.619366 -73.280785 0.000000
10020 -23.383442 -61.169003 -75.591125 0.000000
10021 -29.804388 -59.378738 -74.761002 0.000000
10022 -26.193857 -59.038692 -76.361237 0.000000
10023 -22.553322 -58.618626 -77.841461 0.000000
10024 -21.713196 -56.018250 -79.961769 0.000000
10025 -20.843069 -53.337849 -81.992073 0.000000
10026 -19.952936 -50.607449 -83.922356 0.000000
10081 68.680107 -53.967949 -48.707169 0.000000
10082 67.269897 -52.947792 -51.707611 0.000000
10083 65.779678 -51.867634 -54.638042 0.000000
10084 62.159153 -57.378448 -53.347855 0.000000
10085 63.229309 -54.087959 -55.488163 0.000000
10086 64.189445 -50.717464 -57.538467 0.000000
10087 62.539204 -49.517288 -60.328884 0.000000
10088 60.798950 -48.257103 -63.059284 0.000000
10089 58.998688 -46.946911 -65.709671 0.000000
10090 50.927494 -65.399628 -55.968239 0.000000
10091 52.167679 -62.329174 -58.278580 0.000000
10092 53.327854 -59.158707 -60.498909 0.000000
10093 48.437130 -59.778801 -63.899406 0.000000
10094 51.457577 -57.858517 -63.309322 0.000000
10095 54.398006 -55.858219 -62.639217 0.000000
10096 55.358147 -52.507725 -64.659523 0.000000
10097 56.238281 -49.057220 -66.579803 0.000000
10098 57.018394 -45.536701 -68.400070 0.000000
10099 55.068104 -44.126495 -70.880440 0.000000
10100 53.037811 -42.656277 -73.280785 0.000000
10101 50.947502 -41.136055 -75.591125 0.000000
10102 47.256958 -46.696873 -74.761002 0.000000
10103 48.057076 -43.166355 -76.361237 0.000000
10104 48.777176 -39.565823 -77.841461 0.000000
10105 46.566856 -37.955589 -79.961769 0.000000
10106 44.286518 -36.305344 -81.992073 0.000000
10107 41.966175 -34.615097 -83.922356 0.000000
10108 25.143700 -77.391396 -58.148560 0.000000
10109 26.483900 -74.841019 -60.828953 0.000000
10110 27.784088 -72.180626 -63.419338 0.000000
10111 21.233126 -72.040604 -66.049721 0.000000
10112 25.163704 -70.770416 -66.049721 0.000000
10113 29.034275 -69.370209 -65.939705 0.000000
10114 30.234451 -66.489784 -68.330055 0.000000
10115 31.374617 -63.489349 -70.620399 0.000000
10116 32.464783 -60.408890 -72.800720 0.000000
10117 10.351524 -64.959564 -75.341095 0.000000
10118 14.302107 -63.919411 -75.581123 0.000000
10119 18.222681 -62.769241 -75.711151 0.000000
10120 16.502430 -57.468460 -80.181801 0.000000
10121 19.342848 -59.528763 -78.001480 0.000000
10122 22.153261 -61.489048 -75.711151 0.000000
10123 25.993826 -60.118855 -75.581123 0.000000
10124 29.804388 -58.638634 -75.341095 0.000000
10125 33.554939 -57.068398 -74.971031 0.000000
10126 34.525082 -53.797916 -76.921326 0.000000
10127 35.445221 -50.437424 -78.761597 0.000000
10128 36.305344 -47.006920 -80.471848 0.000000
10129 29.884398 -46.506847 -83.352272 0.000000
10130 33.534935 -45.016628 -82.782188 0.000000
10131 37.115463 -43.456398 -82.082085 0.000000
10132 37.845570 -39.885868 -83.542305 0.000000
10133 38.515671 -36.245335 -84.892494 0.000000
10134 39.125759 -32.554794 -86.092674 0.000000
10135 36.685402 -30.784531 -87.802925 0.000000
10136 34.195034 -28.974264 -89.413162 0.000000
10137 31.674665 -27.133993 -90.903381 0.000000
10138 27.053984 -32.024715 -90.803368 0.000000
10139 28.084135 -28.654219 -91.613487 0.000000
10140 29.074280 -25.243717 -92.303589 0.000000
10141 26.473896 -23.353437 -93.573769 0.000000
10142 23.833508 -21.433155 -94.743950 0.000000
10143 21.163115 -19.492868 -95.784103 0.000000
10144 12.171792 -37.455513 -91.933533 0.000000
10145 13.251949 -34.215034 -93.043694 0.000000
10146 14.322108 -30.934553 -94.023842 0.000000
10147 7.651126 -30.144438 -95.053993 0.000000
10148 11.531697 -28.884253 -95.053993 0.000000
10149 15.372262 -27.584059 -94.903969 0.000000
10150 16.392412 -24.223564 -95.644081 0.000000
10151 17.382561 -20.833067 -96.264168 0.000000
10152 18.352701 -17.422565 -96.764244 0.000000
10156 5.200766 -16.012358 -98.584511 0.000000
