#!ascii label, from subject  
359
10 -89.453171 0.000000 -44.726585 0.000000
39 -52.577736 0.000000 -85.082527 0.000000
83 -82.272110 -25.993826 -50.577446 0.000000
84 -63.829395 -26.293869 -72.370651 0.000000
85 -73.830864 0.000000 -67.469933 0.000000
151 -63.829395 26.293869 -72.370651 0.000000
203 -86.692764 -13.121931 -48.117085 0.000000
204 -79.081642 -13.171938 -59.798801 0.000000
205 -82.432129 0.000000 -56.638336 0.000000
290 -92.003540 -29.604359 -25.713783 0.000000
331 -73.810860 26.413887 -62.109142 0.000000
341 -58.928677 -13.311960 -79.701729 0.000000
437 -76.281235 -38.365646 -52.077667 0.000000
439 -73.810860 -26.413887 -62.109142 0.000000
440 -69.540237 -13.281955 -70.640404 0.000000
441 -63.819397 0.000000 -77.011337 0.000000
549 -93.593781 -8.111195 -34.315052 0.000000
558 -85.102524 -34.625095 -39.515816 0.000000
559 -90.283295 -21.303135 -37.395504 0.000000
607 -79.081642 13.171938 -59.798801 0.000000
608 -69.540237 13.281955 -70.640404 0.000000
609 -58.928677 13.311960 -79.701729 0.000000
610 -55.008099 39.965881 -73.340790 0.000000
683 -88.282997 -6.580969 -46.536850 0.000000
684 -84.842491 -6.580969 -52.547733 0.000000
685 -86.152679 0.000000 -50.807484 0.000000
821 -55.928230 -6.670981 -82.642174 0.000000
822 -52.107674 -13.351965 -84.312416 0.000000
823 -48.907196 -6.670981 -86.982803 0.000000
968 -79.471695 -32.254749 -51.447575 0.000000
969 -75.281075 -32.494785 -57.278435 0.000000
970 -78.241516 -26.273867 -56.488319 0.000000
971 -76.701294 -6.600972 -63.839397 0.000000
972 -74.500961 -13.261951 -65.389633 0.000000
973 -71.870583 -6.660981 -69.230194 0.000000
974 -66.889847 -6.660981 -74.060898 0.000000
975 -68.990158 0.000000 -72.410652 0.000000
1230 -81.992073 -40.836014 -40.165913 0.000000
1231 -85.872643 -38.675694 -33.664955 0.000000
1233 -91.383446 -25.523758 -31.634657 0.000000
1234 -93.413750 -18.742758 -30.424479 0.000000
1235 -92.163567 -14.742170 -35.945290 0.000000
1351 -83.092232 13.171938 -54.087959 0.000000
1352 -80.941917 19.642891 -55.368153 0.000000
1353 -68.990158 26.423889 -67.409927 0.000000
1354 -71.910583 19.912931 -66.599800 0.000000
1355 -66.859840 19.832920 -71.690552 0.000000
1356 -64.389481 13.331964 -75.361092 0.000000
1357 -61.569061 19.862923 -76.271233 0.000000
1517 -84.682465 -19.602886 -49.467281 0.000000
1518 -80.941917 -19.642891 -55.368153 0.000000
1519 -83.092232 -13.171938 -54.087959 0.000000
1520 -80.951920 -6.600972 -58.358593 0.000000
1521 -78.321526 0.000000 -62.209156 0.000000
1750 -65.699677 32.554794 -68.020012 0.000000
1765 -61.569061 -19.862923 -76.271233 0.000000
1981 -71.910583 -38.595680 -57.818512 0.000000
1982 -70.650398 -32.594799 -62.839252 0.000000
1983 -68.990158 -26.423889 -67.409927 0.000000
1984 -76.641289 -19.842920 -61.118996 0.000000
1985 -71.910583 -19.912931 -66.599800 0.000000
1986 -66.859840 -19.832920 -71.690552 0.000000
1987 -64.389481 -13.331964 -75.361092 0.000000
1988 -61.529053 -6.670981 -78.561562 0.000000
1989 -58.338585 0.000000 -81.241959 0.000000
2236 -88.282997 6.580969 -46.536850 0.000000
2289 -91.743500 -4.060598 -39.615833 0.000000
2310 -77.581421 -42.716286 -46.466839 0.000000
2311 -80.941917 -36.605389 -45.936764 0.000000
2312 -83.902351 -30.384472 -45.166649 0.000000
2313 -88.853081 -32.214745 -32.724819 0.000000
2314 -87.922943 -28.034126 -38.555679 0.000000
2315 -86.562737 -23.723494 -44.136497 0.000000
2316 -88.703056 -17.252539 -42.856308 0.000000
2317 -90.443314 -10.651567 -41.356091 0.000000
2455 -84.842491 6.580969 -52.547733 0.000000
2456 -80.951920 6.600972 -58.358593 0.000000
2457 -76.701294 6.600972 -63.839397 0.000000
2458 -76.641289 19.842920 -61.118996 0.000000
2459 -74.500961 13.261951 -65.389633 0.000000
2460 -71.870583 6.660981 -69.230194 0.000000
2461 -66.889847 6.660981 -74.060898 0.000000
2462 -61.529053 6.670981 -78.561562 0.000000
2463 -55.928230 6.670981 -82.642174 0.000000
2466 -59.618774 33.234890 -73.100754 0.000000
2468 -53.027805 33.414917 -77.941475 0.000000
2469 -57.448460 26.553909 -77.441399 0.000000
2470 -54.978092 20.042950 -81.111938 0.000000
2471 -52.107674 13.351965 -84.312416 0.000000
2472 -48.907196 6.670981 -86.982803 0.000000
2603 -88.923096 -3.290485 -45.656719 0.000000
2604 -87.292847 -3.290485 -48.707169 0.000000
2605 -87.852936 0.000000 -47.797035 0.000000
2741 -54.297993 -3.340492 -83.922356 0.000000
2742 -52.467728 -6.680983 -84.892494 0.000000
2743 -50.787476 -3.340492 -86.092674 0.000000
2745 -49.607300 0.000000 -86.842789 0.000000
2888 -80.921906 -29.144289 -51.047516 0.000000
2889 -78.911613 -29.284311 -54.017948 0.000000
2890 -80.311821 -26.143850 -53.567886 0.000000
2891 -75.331085 -3.300486 -65.709671 0.000000
2892 -74.330940 -6.630976 -66.579803 0.000000
2893 -72.890724 -3.330490 -68.400070 0.000000
2894 -70.480377 -3.330490 -70.880440 0.000000
2895 -71.450523 0.000000 -69.980301 0.000000
3153 -93.873817 -20.833067 -27.504049 0.000000
3155 -94.263878 -15.442274 -29.654366 0.000000
3273 -66.449776 26.373882 -69.940292 0.000000
3274 -67.980011 23.143406 -69.610245 0.000000
3275 -65.379623 23.073397 -72.080612 0.000000
3276 -64.249466 19.862923 -74.030891 0.000000
3277 -62.749233 23.093399 -74.380951 0.000000
3301 -64.809540 -29.444334 -70.250343 0.000000
3488 -85.742615 -16.372412 -48.817184 0.000000
3489 -83.952362 -16.402414 -51.817631 0.000000
3490 -84.942505 -13.161939 -51.137527 0.000000
3491 -83.702324 -3.290485 -54.638042 0.000000
3492 -82.942207 -6.590970 -55.488163 0.000000
3493 -81.742035 -3.300486 -57.538467 0.000000
3494 -79.701729 -3.300486 -60.328884 0.000000
3495 -80.421837 0.000000 -59.458752 0.000000
3876 -68.220039 32.594799 -65.469635 0.000000
3901 -60.298878 -16.602442 -78.051491 0.000000
3903 -56.998386 -16.692455 -80.471848 0.000000
3904 -48.567146 -13.341963 -86.412720 0.000000
4343 -74.550972 -41.356091 -52.297695 0.000000
4345 -74.140907 -38.505669 -54.988094 0.000000
4346 -74.600975 -29.474339 -59.738792 0.000000
4347 -73.010750 -32.564796 -60.098846 0.000000
4348 -72.270630 -29.524345 -62.509201 0.000000
4349 -69.880287 -29.534348 -65.179596 0.000000
4350 -71.450523 -26.433889 -64.799538 0.000000
4351 -80.071785 -16.422417 -57.628487 0.000000
4352 -78.841599 -19.752907 -58.278580 0.000000
4353 -77.911469 -16.512430 -60.498909 0.000000
4354 -72.070610 -13.281955 -68.060013 0.000000
4355 -73.250778 -16.592443 -66.039719 0.000000
4356 -70.780426 -16.612444 -68.680107 0.000000
4357 -69.430222 -19.882925 -69.190186 0.000000
4358 -68.240044 -16.572439 -71.210487 0.000000
4359 -65.679665 -16.592443 -73.580833 0.000000
4360 -67.009865 -13.311960 -73.050751 0.000000
4361 -65.399628 -3.330490 -75.591125 0.000000
4362 -64.249466 -6.670981 -76.361237 0.000000
4363 -62.719231 -3.340492 -77.841461 0.000000
4364 -59.978825 -3.340492 -79.961769 0.000000
4365 -61.108994 0.000000 -79.171654 0.000000
5132 -83.602310 -37.745560 -39.865868 0.000000
5133 -81.522003 -38.745705 -43.076340 0.000000
5134 -83.092232 -35.645245 -42.766293 0.000000
5135 -82.472137 -33.514931 -45.576710 0.000000
5136 -84.562454 -32.524788 -42.366238 0.000000
5137 -90.723351 -32.904846 -26.243862 0.000000
5138 -89.143127 -34.215034 -29.754381 0.000000
5139 -90.503319 -30.934553 -29.234303 0.000000
5140 -90.893379 -23.433451 -34.545086 0.000000
5141 -89.723206 -26.803947 -35.125172 0.000000
5142 -89.163124 -24.683634 -38.005596 0.000000
5143 -87.292847 -25.893810 -41.376095 0.000000
5144 -88.493027 -22.533318 -40.796005 0.000000
5145 -87.682907 -20.503017 -43.526409 0.000000
5146 -89.543182 -19.292841 -40.155910 0.000000
5147 -92.933678 -11.431683 -35.155178 0.000000
5148 -91.353447 -12.701871 -38.675694 0.000000
5149 -92.093552 -9.391383 -37.865574 0.000000
5150 -91.143417 -7.361084 -40.505962 0.000000
5151 -92.723648 -6.090896 -36.985443 0.000000
5490 -87.542885 9.851450 -47.346970 0.000000
5491 -86.612747 6.580969 -49.567295 0.000000
5492 -85.842628 9.861451 -50.377419 0.000000
5493 -81.131943 13.181940 -56.978390 0.000000
5494 -82.092087 9.901457 -56.268284 0.000000
5495 -80.061783 9.891456 -59.118698 0.000000
5496 -78.871613 6.610973 -61.138996 0.000000
5497 -77.951477 9.891456 -61.869106 0.000000
5498 -76.071198 26.353880 -59.338734 0.000000
5499 -77.501411 23.073397 -58.848663 0.000000
5500 -75.271080 23.143406 -61.649075 0.000000
5501 -70.780426 16.612444 -68.680107 0.000000
5502 -73.250778 16.592443 -66.039719 0.000000
5503 -72.070610 13.281955 -68.060013 0.000000
5504 -73.250778 9.961467 -67.369919 0.000000
5505 -70.750420 9.971467 -69.980301 0.000000
5506 -69.420219 6.660981 -71.690552 0.000000
5507 -68.270050 9.981469 -72.410652 0.000000
5508 -61.699085 13.321961 -77.581421 0.000000
5509 -63.009274 10.011474 -77.021339 0.000000
5510 -60.268871 10.001472 -79.181656 0.000000
5511 -58.768650 6.680983 -80.651871 0.000000
5512 -57.478462 10.001472 -81.241959 0.000000
5518 -58.188564 39.725845 -70.990456 0.000000
5519 -60.488903 36.355350 -70.860435 0.000000
5520 -57.358440 36.635391 -73.280785 0.000000
5526 -51.897640 30.054424 -80.041779 0.000000
5527 -55.278133 30.014418 -77.761444 0.000000
5528 -54.107967 26.623920 -79.791748 0.000000
5529 -56.258282 23.313431 -79.341675 0.000000
5530 -52.867779 23.363440 -81.622017 0.000000
5532 -50.077370 16.712460 -84.952499 0.000000
5534 -50.547443 10.021475 -85.712616 0.000000
5837 -87.542885 -9.851450 -47.346970 0.000000
5838 -85.842628 -9.861451 -50.377419 0.000000
5839 -86.612747 -6.580969 -49.567295 0.000000
5840 -85.542587 -3.290485 -51.707611 0.000000
5841 -84.342415 0.000000 -53.757915 0.000000
6085 -57.478462 -10.001472 -81.241959 0.000000
6086 -55.568176 -13.341963 -82.082085 0.000000
6087 -54.057957 -10.021475 -83.542305 0.000000
6088 -50.547443 -10.021475 -85.712616 0.000000
6350 -77.921471 -35.335205 -51.797626 0.000000
6351 -75.841164 -35.455219 -54.718052 0.000000
6352 -77.421402 -32.394772 -54.398006 0.000000
6353 -76.811310 -29.394329 -56.918381 0.000000
6354 -76.071198 -26.353880 -59.338734 0.000000
6355 -77.951477 -9.891456 -61.869106 0.000000
6356 -76.841316 -13.221947 -62.639217 0.000000
6357 -75.651138 -9.941463 -64.659523 0.000000
6358 -73.250778 -9.961467 -67.369919 0.000000
6359 -70.750420 -9.971467 -69.980301 0.000000
6360 -68.270050 -9.981469 -72.410652 0.000000
6361 -69.420219 -6.660981 -71.690552 0.000000
6362 -67.980011 -3.330490 -73.280785 0.000000
6363 -66.439781 0.000000 -74.761002 0.000000
6824 -83.992371 -39.785854 -36.945438 0.000000
6825 -85.542587 -36.675396 -36.615391 0.000000
6826 -93.173714 -26.263866 -25.143700 0.000000
6827 -91.753502 -27.584059 -28.694225 0.000000
6828 -92.873672 -24.223564 -28.114140 0.000000
6829 -92.453606 -22.143259 -31.054571 0.000000
6830 -91.923531 -20.042950 -33.934994 0.000000
6831 -91.273430 -18.032654 -36.695400 0.000000
6832 -92.843666 -16.752466 -33.204884 0.000000
6833 -93.653786 -13.441978 -32.424774 0.000000
6834 -94.353889 -10.121490 -31.604654 0.000000
7039 -84.942505 13.161939 -51.137527 0.000000
7040 -83.952362 16.402414 -51.817631 0.000000
7041 -82.062080 16.422417 -54.758060 0.000000
7042 -80.071785 16.422417 -57.628487 0.000000
7043 -71.450523 26.433889 -64.799538 0.000000
7044 -72.920731 23.183413 -64.409485 0.000000
7045 -70.500381 23.183413 -67.049873 0.000000
7046 -69.430222 19.882925 -69.190186 0.000000
7047 -68.240044 16.572439 -71.210487 0.000000
7048 -67.009865 13.311960 -73.050751 0.000000
7049 -65.679665 16.592443 -73.580833 0.000000
7050 -63.019279 16.602442 -75.861168 0.000000
7051 -60.298878 16.602442 -78.051491 0.000000
7379 -83.532303 -22.813358 -50.047367 0.000000
7380 -81.672028 -22.833361 -53.017803 0.000000
7381 -82.862198 -19.632889 -52.447720 0.000000
7382 -82.062080 -16.422417 -54.758060 0.000000
7383 -81.131943 -13.181940 -56.978390 0.000000
7384 -84.012367 -9.881454 -53.347855 0.000000
7385 -82.092087 -9.901457 -56.268284 0.000000
7386 -80.061783 -9.891456 -59.118698 0.000000
7387 -78.871613 -6.610973 -61.138996 0.000000
7388 -77.561417 -3.300486 -63.059284 0.000000
7389 -76.121208 0.000000 -64.879555 0.000000
7921 -72.270630 29.524345 -62.509201 0.000000
7922 -69.880287 29.534348 -65.179596 0.000000
7923 -67.389915 29.504341 -67.759972 0.000000
7924 -64.809540 29.444334 -70.250343 0.000000
7957 -62.749233 -23.093399 -74.380951 0.000000
8530 -73.640839 -35.565235 -57.578476 0.000000
8531 -71.340500 -35.625248 -60.378887 0.000000
8532 -68.950150 -35.635246 -63.079285 0.000000
8533 -68.220039 -32.594799 -65.469635 0.000000
8534 -67.389915 -29.504341 -67.759972 0.000000
8535 -66.449776 -26.373882 -69.940292 0.000000
8536 -79.641724 -22.973381 -55.968239 0.000000
8537 -77.501411 -23.073397 -58.848663 0.000000
8538 -75.271080 -23.143406 -61.649075 0.000000
8539 -75.631134 -16.562437 -63.309322 0.000000
8540 -74.320938 -19.892927 -63.899406 0.000000
8541 -72.920731 -23.183413 -64.409485 0.000000
8542 -70.500381 -23.183413 -67.049873 0.000000
8543 -67.980011 -23.143406 -69.610245 0.000000
8544 -65.379623 -23.073397 -72.080612 0.000000
8545 -64.249466 -19.862923 -74.030891 0.000000
8546 -63.019279 -16.602442 -75.861168 0.000000
8547 -61.699085 -13.321961 -77.581421 0.000000
8548 -65.679665 -10.001472 -74.761002 0.000000
8549 -63.009274 -10.011474 -77.021339 0.000000
8550 -60.268871 -10.001472 -79.181656 0.000000
8551 -58.768650 -6.680983 -80.651871 0.000000
8552 -57.168419 -3.340492 -81.992073 0.000000
8553 -55.488163 0.000000 -83.212257 0.000000
9267 -90.653343 2.030299 -42.196209 0.000000
9268 -88.923096 3.290485 -45.656719 0.000000
9428 -91.823517 0.000000 -39.645836 0.000000
9429 -90.653343 -2.030299 -42.196209 0.000000
9488 -76.981331 -40.565971 -49.307259 0.000000
9489 -79.851753 -41.806156 -43.346382 0.000000
9490 -79.311668 -39.685841 -46.226803 0.000000
9491 -78.671577 -37.515522 -49.047218 0.000000
9492 -80.261818 -34.455074 -48.727169 0.000000
9493 -81.752029 -31.344614 -48.347118 0.000000
9494 -83.142242 -28.204153 -47.907055 0.000000
9495 -87.672913 -37.455513 -30.234451 0.000000
9496 -87.412872 -35.475224 -33.214890 0.000000
9497 -87.052818 -33.444923 -36.145321 0.000000
9498 -90.173279 -28.884253 -32.204742 0.000000
9499 -88.443016 -30.144438 -35.665249 0.000000
9500 -86.572739 -31.344614 -39.065750 0.000000
9501 -85.982658 -29.234303 -41.896168 0.000000
9502 -85.282547 -27.073986 -44.676579 0.000000
9503 -84.482437 -24.883661 -47.396976 0.000000
9504 -85.672607 -21.683191 -46.826893 0.000000
9505 -86.762772 -18.442715 -46.196800 0.000000
9506 -87.752914 -15.202237 -45.516697 0.000000
9507 -90.503319 -16.012358 -39.435806 0.000000
9508 -89.623192 -13.962054 -42.136204 0.000000
9509 -88.643051 -11.891751 -44.766590 0.000000
9510 -89.413162 -8.621269 -43.966473 0.000000
9511 -90.093262 -5.320783 -43.106342 0.000000
9919 -87.292847 3.290485 -48.707169 0.000000
9920 -85.542587 3.290485 -51.707611 0.000000
9921 -83.702324 3.290485 -54.638042 0.000000
9922 -84.012367 9.881454 -53.347855 0.000000
9923 -82.942207 6.590970 -55.488163 0.000000
9924 -81.742035 3.300486 -57.538467 0.000000
9925 -79.701729 3.300486 -60.328884 0.000000
9926 -77.561417 3.300486 -63.059284 0.000000
9927 -75.331085 3.300486 -65.709671 0.000000
9929 -78.841599 19.752907 -58.278580 0.000000
9930 -77.911469 16.512430 -60.498909 0.000000
9931 -74.320938 19.892927 -63.899406 0.000000
9932 -75.631134 16.562437 -63.309322 0.000000
9933 -76.841316 13.221947 -62.639217 0.000000
9934 -75.651138 9.941463 -64.659523 0.000000
9935 -74.330940 6.630976 -66.579803 0.000000
9936 -72.890724 3.330490 -68.400070 0.000000
9937 -70.480377 3.330490 -70.880440 0.000000
9938 -67.980011 3.330490 -73.280785 0.000000
9939 -65.399628 3.330490 -75.591125 0.000000
9940 -65.679665 10.001472 -74.761002 0.000000
9941 -64.249466 6.670981 -76.361237 0.000000
9942 -62.719231 3.340492 -77.841461 0.000000
9943 -59.978825 3.340492 -79.961769 0.000000
9944 -57.168419 3.340492 -81.992073 0.000000
9945 -54.297993 3.340492 -83.922356 0.000000
9952 -63.539352 36.015301 -68.330055 0.000000
9953 -62.709229 32.924847 -70.620399 0.000000
9954 -61.779091 29.794384 -72.800720 0.000000
9957 -51.637604 40.065895 -75.711151 0.000000
9959 -50.637451 36.795418 -78.001480 0.000000
9960 -54.067959 36.725403 -75.711151 0.000000
9961 -56.368298 33.354908 -75.581123 0.000000
9962 -58.578617 29.924404 -75.341095 0.000000
9963 -60.688934 26.443893 -74.971031 0.000000
9964 -59.558765 23.223417 -76.921326 0.000000
9965 -58.318584 19.962938 -78.761597 0.000000
9966 -56.998386 16.692455 -80.471848 0.000000
9967 -51.517586 20.052952 -83.352272 0.000000
9968 -53.587887 16.712460 -82.782188 0.000000
9969 -55.568176 13.341963 -82.082085 0.000000
9970 -54.057957 10.021475 -83.542305 0.000000
9971 -52.467728 6.680983 -84.892494 0.000000
9972 -50.787476 3.340492 -86.092674 0.000000
