#!ascii label, from subject  
281
73 67.089867 -68.830132 27.644068 0.000000
142 80.911911 -58.788658 0.000000 0.000000
143 87.062820 -43.396389 -23.253424 0.000000
310 63.719379 -75.801163 13.992060 0.000000
311 75.001038 -64.669525 14.012063 0.000000
312 70.720406 -70.720406 0.000000 0.000000
313 75.311089 -64.749535 -11.741728 0.000000
321 91.973541 -37.505520 -11.731727 0.000000
425 98.994568 -8.111195 11.741728 0.000000
426 96.454201 -23.713491 11.731727 0.000000
581 91.783508 -37.175472 13.992060 0.000000
582 77.671440 -56.438309 28.014122 0.000000
583 84.682465 -51.347557 14.012063 0.000000
584 89.113113 -45.406685 0.000000 0.000000
585 84.852486 -51.617599 -11.741728 0.000000
586 78.641571 -57.138416 -23.553467 0.000000
587 80.481850 -48.447128 -34.315052 0.000000
596 85.562592 -35.825272 -37.395504 0.000000
791 67.449921 -73.510818 7.021034 0.000000
793 67.579948 -73.490814 -5.880866 0.000000
801 93.763802 -34.285046 -5.880866 0.000000
950 98.024422 -15.962350 11.781734 0.000000
1290 68.160034 -64.689522 34.235039 0.000000
1291 73.470818 -58.478607 34.425064 0.000000
1292 72.620689 -62.839252 27.924109 0.000000
1293 78.221512 -61.929115 7.031035 0.000000
1294 80.111794 -58.208569 14.052068 0.000000
1295 83.072235 -55.248131 7.031035 0.000000
1296 87.172829 -48.527145 7.021034 0.000000
1297 85.272545 -52.257690 0.000000 0.000000
1298 87.192833 -48.627155 -5.890867 0.000000
1299 83.102234 -55.348145 -5.890867 0.000000
1300 71.930588 -67.239891 -17.542583 0.000000
1301 77.181366 -61.098995 -17.692604 0.000000
1302 73.640839 -63.469341 -23.473455 0.000000
1303 74.981041 -59.498760 -29.004269 0.000000
1322 89.673203 -36.855423 -24.543612 0.000000
1323 88.933090 -33.064865 -31.634657 0.000000
1324 86.592751 -39.745850 -30.424479 0.000000
1325 83.222252 -42.246216 -35.945290 0.000000
1326 83.972359 -46.036774 -28.854248 0.000000
1527 80.031776 -33.914993 -49.467281 0.000000
1710 65.609657 -72.540680 20.883076 0.000000
1711 71.280495 -66.969856 20.893076 0.000000
1712 69.580238 -70.460373 14.042068 0.000000
1713 73.090752 -67.909996 7.021034 0.000000
1714 76.051193 -64.949562 0.000000 0.000000
1715 78.311531 -61.929115 -5.890867 0.000000
1716 73.200768 -67.899994 -5.890867 0.000000
1717 69.920296 -70.530388 -11.781734 0.000000
1730 92.193573 -33.924992 -18.782766 0.000000
1731 89.733208 -40.545971 -17.532581 0.000000
1944 60.298878 -77.271378 19.902929 0.000000
2380 94.363892 -30.524494 12.901898 0.000000
2381 93.743805 -34.145027 7.021034 0.000000
2385 76.601280 -60.758945 21.083103 0.000000
2386 81.451996 -54.067959 21.083103 0.000000
2387 85.722618 -47.096931 20.893076 0.000000
2388 88.513031 -44.406540 14.042068 0.000000
2389 90.753357 -41.436100 7.021034 0.000000
2390 92.403603 -38.275635 0.000000 0.000000
2391 90.773361 -41.566120 -5.880866 0.000000
2392 88.693054 -44.706581 -11.781734 0.000000
2393 86.182686 -47.627014 -17.542583 0.000000
2394 80.351822 -58.378593 -11.781734 0.000000
2395 81.962067 -54.518024 -17.692604 0.000000
2396 83.122238 -50.427422 -23.473455 0.000000
2397 79.751740 -52.917789 -29.004269 0.000000
2398 75.971184 -55.198128 -34.425064 0.000000
2425 81.902054 -38.175621 -42.856308 0.000000
2426 79.431694 -44.546558 -41.356091 0.000000
3210 67.679962 -66.809830 30.964558 0.000000
3211 70.450371 -63.819397 31.104578 0.000000
3212 69.920296 -65.889694 27.804092 0.000000
3213 79.631714 -60.408890 3.520518 0.000000
3214 80.711876 -58.638634 7.031035 0.000000
3215 82.062080 -57.068398 3.520518 0.000000
3216 84.242401 -53.797916 3.520518 0.000000
3217 83.162247 -55.568176 0.000000 0.000000
3218 84.242401 -53.837925 -2.950434 0.000000
3219 82.062080 -57.098408 -2.950434 0.000000
3221 72.830719 -65.399628 -20.523022 0.000000
3242 88.423019 -40.155910 -23.913521 0.000000
3243 88.192986 -38.325642 -27.504049 0.000000
3244 86.892792 -41.606129 -26.853952 0.000000
3245 85.332558 -42.916317 -29.654366 0.000000
3246 85.562592 -44.736584 -26.063837 0.000000
3810 64.719528 -74.230927 17.452570 0.000000
3811 67.649956 -71.560539 17.482573 0.000000
3812 66.699814 -73.190773 14.032066 0.000000
3813 69.140175 -72.180626 3.510517 0.000000
3814 70.330353 -70.770416 7.031035 0.000000
3815 71.960587 -69.370209 3.520518 0.000000
3816 74.630989 -66.489784 3.520518 0.000000
3817 73.440811 -67.889992 0.000000 0.000000
3818 74.670990 -66.469780 -2.940433 0.000000
3819 72.000595 -69.350212 -2.940433 0.000000
3821 68.800125 -72.060608 -8.831300 0.000000
3822 67.059868 -73.260780 -11.761731 0.000000
3823 68.150032 -71.720558 -14.662157 0.000000
3842 93.183716 -34.165028 -12.321814 0.000000
3844 92.153564 -35.745262 -15.272248 0.000000
3845 91.023392 -37.265484 -18.172674 0.000000
3846 90.903381 -39.055748 -14.642156 0.000000
4292 97.314323 -19.852922 11.761731 0.000000
4296 96.294174 -25.553761 8.811297 0.000000
5307 93.133713 -33.874985 13.451980 0.000000
5308 94.113853 -32.354767 9.961467 0.000000
5309 92.833664 -35.695255 10.511547 0.000000
5313 75.631134 -57.498463 31.244600 0.000000
5315 78.061493 -54.157970 31.244600 0.000000
5317 80.011780 -53.087814 27.994122 0.000000
5318 73.200768 -65.869698 17.462572 0.000000
5319 74.000893 -63.919411 21.003092 0.000000
5320 75.861168 -62.769241 17.562586 0.000000
5321 82.462143 -54.818066 14.042068 0.000000
5322 80.851898 -56.188271 17.582588 0.000000
5323 83.132240 -52.757763 17.562586 0.000000
5324 83.652313 -50.627457 21.003092 0.000000
5325 85.272545 -49.267250 17.462572 0.000000
5326 87.182831 -45.786739 17.482573 0.000000
5327 86.662758 -47.907055 14.042068 0.000000
5328 88.212990 -47.006920 3.520518 0.000000
5329 89.033112 -45.016628 7.031035 0.000000
5330 90.013252 -43.456398 3.510517 0.000000
5331 91.653488 -39.885868 3.510517 0.000000
5332 90.823364 -41.876167 0.000000 0.000000
5333 91.643486 -39.945877 -2.940433 0.000000
5334 90.003258 -43.516403 -2.940433 0.000000
5335 86.082672 -50.157383 -8.821300 0.000000
5336 88.002953 -46.696873 -8.841302 0.000000
5337 86.842789 -48.197098 -11.771733 0.000000
5338 87.482880 -46.196800 -14.672159 0.000000
5339 85.572594 -49.657307 -14.652158 0.000000
5340 76.861313 -63.379333 -8.821300 0.000000
5341 79.381683 -60.188866 -8.841302 0.000000
5342 77.901466 -61.619072 -11.771733 0.000000
5343 77.961472 -59.158707 -20.643040 0.000000
5344 79.631714 -57.858517 -17.712608 0.000000
5345 80.351822 -55.858219 -20.643040 0.000000
5346 82.592163 -52.507725 -20.603033 0.000000
5347 80.941917 -53.827927 -23.533464 0.000000
5348 81.481995 -51.707611 -26.253862 0.000000
5349 79.241661 -55.058105 -26.293869 0.000000
5351 75.521118 -57.378448 -31.734671 0.000000
5410 87.302849 -34.465073 -34.545086 0.000000
5414 84.832489 -33.784973 -40.796005 0.000000
5415 82.992218 -34.955147 -43.526409 0.000000
5416 83.782333 -37.025452 -40.155910 0.000000
5417 81.902054 -45.376678 -35.155178 0.000000
5418 81.371979 -43.416389 -38.675694 0.000000
5419 80.021782 -46.536850 -37.865574 0.000000
5420 78.071487 -47.617008 -40.505962 0.000000
5421 78.591568 -49.577297 -36.985443 0.000000
6030 62.629223 -77.261375 10.511547 0.000000
6031 65.639656 -74.721001 10.511547 0.000000
6032 64.499496 -76.111198 7.021034 0.000000
6033 66.249748 -74.841019 3.510517 0.000000
6034 67.889992 -73.440811 0.000000 0.000000
6035 69.200188 -72.150620 -2.940433 0.000000
6036 66.309753 -74.811012 -2.940433 0.000000
6051 92.923676 -35.925285 -8.811297 0.000000
6317 98.414490 -10.121490 14.652158 0.000000
6318 98.584511 -12.051774 11.771733 0.000000
6319 97.934418 -14.052068 14.672159 0.000000
6320 97.294319 -17.962643 14.662157 0.000000
6321 96.494209 -21.833214 14.642156 0.000000
6929 90.593338 -38.615685 17.452570 0.000000
6932 70.870430 -61.639072 34.355057 0.000000
6933 73.100754 -60.708939 31.194590 0.000000
6934 75.211067 -59.688789 27.994122 0.000000
6935 76.671288 -63.349331 10.521549 0.000000
6936 77.621429 -61.489048 14.042068 0.000000
6937 79.231667 -60.118855 10.551554 0.000000
6938 81.662025 -56.778362 10.551554 0.000000
6939 83.942360 -53.337849 10.521549 0.000000
6940 85.992653 -49.977360 10.521549 0.000000
6941 85.182541 -51.927647 7.031035 0.000000
6942 86.292702 -50.437424 3.520518 0.000000
6943 87.262848 -48.867191 0.000000 0.000000
6944 88.212990 -47.046925 -2.940433 0.000000
6945 86.292702 -50.477432 -2.940433 0.000000
6946 85.212540 -52.027660 -5.890867 0.000000
6947 84.032372 -53.517876 -8.821300 0.000000
6948 73.670837 -66.039719 -14.652158 0.000000
6949 76.291229 -62.969269 -14.732169 0.000000
6950 74.610985 -64.219452 -17.632597 0.000000
6951 75.461105 -62.329174 -20.603033 0.000000
6952 76.201218 -60.348885 -23.533464 0.000000
6953 76.851318 -58.348591 -26.293869 0.000000
6954 74.350945 -61.519058 -26.253862 0.000000
6988 90.813370 -33.514931 -25.143700 0.000000
6990 89.373154 -34.985149 -28.114140 0.000000
6991 87.812927 -36.425362 -31.054571 0.000000
6992 86.142677 -37.815567 -33.934994 0.000000
6993 84.442429 -39.055748 -36.695400 0.000000
6994 84.962502 -41.016041 -33.204884 0.000000
6995 83.662315 -44.176506 -32.424774 0.000000
6996 82.282120 -47.266960 -31.604654 0.000000
7401 80.981918 -30.644510 -50.047367 0.000000
7830 66.399773 -70.740417 24.283573 0.000000
7831 69.240196 -67.959999 24.293575 0.000000
7832 68.500084 -69.810280 20.903078 0.000000
7833 70.490379 -68.770126 17.482573 0.000000
7834 72.350647 -67.619957 14.042068 0.000000
7835 68.570091 -72.040604 10.541552 0.000000
7836 71.400513 -69.240196 10.541552 0.000000
7837 74.100906 -66.339760 10.521549 0.000000
7838 75.711151 -64.969574 7.031035 0.000000
7839 77.191360 -63.489349 3.520518 0.000000
7840 78.541557 -61.919109 0.000000 0.000000
7841 79.661728 -60.398895 -2.950434 0.000000
7842 77.231369 -63.479347 -2.950434 0.000000
7843 75.811165 -64.969574 -5.890867 0.000000
7844 74.300941 -66.369774 -8.821300 0.000000
7845 70.440369 -70.750420 -5.890867 0.000000
7846 71.610542 -69.260193 -8.841302 0.000000
7847 72.670692 -67.699966 -11.771733 0.000000
7848 70.970444 -68.930145 -14.672159 0.000000
7879 90.993393 -35.415215 -21.673191 0.000000
7880 89.773216 -38.735706 -21.053099 0.000000
7881 88.443016 -41.996185 -20.403004 0.000000
8419 65.779678 -67.239891 33.975002 0.000000
8420 65.249611 -69.320198 30.674513 0.000000
8429 64.589508 -71.350510 27.214006 0.000000
8430 63.839397 -73.210777 23.833508 0.000000
8431 62.999271 -74.951035 20.403004 0.000000
8432 62.049133 -76.581276 16.952494 0.000000
8434 59.298725 -78.851601 16.412416 0.000000
8435 60.998978 -78.111496 13.451980 0.000000
9695 95.564072 -25.243717 15.272248 0.000000
9698 95.474052 -27.133993 12.321814 0.000000
9699 95.264023 -28.974264 9.401383 0.000000
9700 94.943977 -30.784531 6.450949 0.000000
9701 94.503906 -32.554794 3.510517 0.000000
9711 72.010597 -64.959564 24.433596 0.000000
9712 74.670990 -61.849102 24.523609 0.000000
9713 77.201370 -58.648628 24.573616 0.000000
9714 78.421539 -59.528763 17.582588 0.000000
9715 79.091637 -57.468460 21.103107 0.000000
9716 79.631714 -55.298141 24.573616 0.000000
9717 81.902054 -51.907639 24.523609 0.000000
9718 84.032372 -48.417126 24.433596 0.000000
9721 88.963097 -42.226215 17.482573 0.000000
9722 90.223282 -40.826008 14.032066 0.000000
9723 87.912941 -46.506847 10.541552 0.000000
9724 89.703209 -42.956326 10.541552 0.000000
9725 91.353447 -39.335789 10.511547 0.000000
9726 92.323586 -37.815567 7.021034 0.000000
9727 93.153709 -36.245335 3.510517 0.000000
9728 93.833809 -34.615097 0.000000 0.000000
9729 93.143707 -36.305344 -2.940433 0.000000
9730 92.343597 -37.955589 -5.890867 0.000000
9731 91.433456 -39.565823 -8.811297 0.000000
9732 89.053108 -45.136646 -5.890867 0.000000
9733 89.793221 -43.166355 -8.831300 0.000000
9734 90.403305 -41.136055 -11.761731 0.000000
9735 89.263138 -42.656277 -14.662157 0.000000
9736 88.022957 -44.126495 -17.552586 0.000000
9737 86.672752 -45.536701 -20.413004 0.000000
9738 80.771889 -58.688637 -5.890867 0.000000
9739 81.772041 -56.898376 -8.841302 0.000000
9740 82.672173 -55.048103 -11.771733 0.000000
9741 78.811600 -59.778801 -14.752171 0.000000
9742 81.211952 -56.488319 -14.752171 0.000000
9743 83.462288 -53.107819 -14.732169 0.000000
9744 84.142387 -51.117527 -17.632597 0.000000
9745 84.702469 -49.057220 -20.523022 0.000000
9746 85.162529 -46.946911 -23.383442 0.000000
9747 83.592308 -48.257103 -26.183853 0.000000
9748 81.932060 -49.517288 -28.954264 0.000000
9749 80.171799 -50.717464 -31.684664 0.000000
9750 77.431404 -56.258282 -29.034275 0.000000
9751 77.911469 -54.087959 -31.734671 0.000000
9752 78.291527 -51.867634 -34.405067 0.000000
9753 76.331238 -52.947792 -37.045456 0.000000
9829 82.052078 -32.824833 -46.826893 0.000000
9830 81.031921 -36.075310 -46.196800 0.000000
9831 79.921761 -39.285782 -45.516697 0.000000
9832 82.632164 -40.245922 -39.435806 0.000000
9833 80.711876 -41.386093 -42.136204 0.000000
