#!ascii label, from subject  
48
92 -59.728790 43.396389 67.469933 0.000000
181 -70.950447 61.569061 34.315052 0.000000
453 -62.419193 61.569061 48.117085 0.000000
454 -56.238281 57.138416 59.798801 0.000000
993 -61.609066 52.917789 58.358593 0.000000
994 -58.168564 50.427422 63.839397 0.000000
1532 -55.808220 40.545971 72.410652 0.000000
1533 -54.227985 47.627014 69.230194 0.000000
2013 -67.559944 57.218422 46.536850 0.000000
2014 -64.769539 55.198128 52.547733 0.000000
2015 -59.478752 59.498760 54.087959 0.000000
2017 -52.477722 54.518024 65.389633 0.000000
2208 -66.909851 61.779091 41.356091 0.000000
2913 -60.798950 48.257103 63.059284 0.000000
2914 -58.998688 46.946911 65.709671 0.000000
3425 -72.410652 62.619217 28.954264 0.000000
3426 -70.380363 63.639370 31.604654 0.000000
3513 -53.037811 42.656277 73.280785 0.000000
3514 -50.947502 41.136055 75.591125 0.000000
4415 -58.958679 55.058105 59.118698 0.000000
4416 -60.588917 56.258282 56.268284 0.000000
4417 -57.888523 58.348591 56.978390 0.000000
4420 -51.377567 49.657307 69.980301 0.000000
4421 -53.397865 51.117527 67.369919 0.000000
4422 -50.497433 53.107819 68.060013 0.000000
4882 -65.029579 59.428749 47.346970 0.000000
4883 -67.269897 59.528763 43.966473 0.000000
4884 -64.719528 61.729088 44.766590 0.000000
5799 -71.430511 59.428749 36.985443 0.000000
6394 -62.539204 49.517288 60.328884 0.000000
6395 -59.928825 51.707611 61.138996 0.000000
6396 -57.248425 53.827927 61.869106 0.000000
7412 -57.808510 41.996185 69.980301 0.000000
7413 -57.018394 45.536701 68.400070 0.000000
7414 -55.068104 44.126495 70.880440 0.000000
7415 -52.247692 46.196800 71.690552 0.000000
8615 -66.199738 56.238281 49.567295 0.000000
8616 -63.649368 58.428604 50.377419 0.000000
8617 -63.229309 54.087959 55.488163 0.000000
8618 -62.159153 57.378448 53.347855 0.000000
8619 -60.988976 60.568916 51.137527 0.000000
8623 -56.238281 49.057220 66.579803 0.000000
8624 -55.358147 52.507725 64.659523 0.000000
8625 -54.398006 55.858219 62.639217 0.000000
8627 -51.457577 57.858517 63.309322 0.000000
9186 -69.750267 57.258427 43.106342 0.000000
9187 -69.410217 59.528763 40.505962 0.000000
9188 -68.990158 61.729088 37.865574 0.000000
