#!ascii label, from subject  
167
69 44.926617 -86.282700 23.253424 0.000000
71 14.372116 -96.204163 23.253424 0.000000
73 67.089867 -68.830132 27.644068 0.000000
190 30.034422 -92.443611 23.553467 0.000000
310 63.719379 -75.801163 13.992060 0.000000
311 75.001038 -64.669525 14.012063 0.000000
413 52.357708 -84.402420 11.731727 0.000000
417 7.251067 -99.054581 11.731727 0.000000
421 56.588333 -78.361534 25.713783 0.000000
791 67.449921 -73.510818 7.021034 0.000000
929 48.757175 -85.542587 17.532581 0.000000
931 41.726143 -89.183136 17.542583 0.000000
932 22.273279 -94.633934 23.473455 0.000000
933 26.523903 -94.793953 17.692604 0.000000
934 18.672749 -96.674232 17.542583 0.000000
935 15.112225 -98.164452 11.781734 0.000000
936 10.841596 -97.864403 17.532581 0.000000
940 46.696873 -83.052223 30.424479 0.000000
941 52.507725 -79.021629 31.634657 0.000000
942 50.887497 -82.532150 24.543612 0.000000
943 54.648045 -81.632019 18.782766 0.000000
1292 72.620689 -62.839252 27.924109 0.000000
1293 78.221512 -61.929115 7.031035 0.000000
1294 80.111794 -58.208569 14.052068 0.000000
1493 40.876015 -86.602745 28.854248 0.000000
1494 37.605534 -89.653198 23.473455 0.000000
1495 33.414917 -89.693207 29.004269 0.000000
1496 25.683781 -92.203568 29.004269 0.000000
1710 65.609657 -72.540680 20.883076 0.000000
1711 71.280495 -66.969856 20.893076 0.000000
1712 69.580238 -70.460373 14.042068 0.000000
1713 73.090752 -67.909996 7.021034 0.000000
1714 76.051193 -64.949562 0.000000 0.000000
1715 78.311531 -61.929115 -5.890867 0.000000
1930 34.265041 -92.283585 17.692604 0.000000
1934 11.481689 -99.174591 5.880866 0.000000
1942 58.098553 -74.540970 32.724819 0.000000
1943 61.999123 -73.780861 26.743937 0.000000
1944 60.298878 -77.271378 19.902929 0.000000
1945 58.188564 -80.311821 12.901898 0.000000
2385 76.601280 -60.758945 21.083103 0.000000
2386 81.451996 -54.067959 21.083103 0.000000
2849 46.866901 -85.962654 20.403004 0.000000
2850 45.276665 -87.432869 17.552586 0.000000
2851 43.356380 -87.792923 20.413004 0.000000
2852 18.332699 -95.494057 23.383442 0.000000
2853 20.483015 -95.714096 20.523022 0.000000
2854 16.532433 -96.504211 20.413004 0.000000
2855 14.762173 -97.354324 17.552586 0.000000
2856 12.611857 -97.094292 20.403004 0.000000
2860 45.846748 -84.732475 26.853952 0.000000
2861 48.827187 -82.842194 27.504049 0.000000
2862 47.937057 -84.462433 23.913521 0.000000
2863 49.857338 -84.102386 21.053099 0.000000
3210 67.679962 -66.809830 30.964558 0.000000
3211 70.450371 -63.819397 31.104578 0.000000
3212 69.920296 -65.889694 27.804092 0.000000
3213 79.631714 -60.408890 3.520518 0.000000
3449 38.775707 -86.602745 31.604654 0.000000
3450 37.175472 -88.222984 28.954264 0.000000
3451 35.045158 -88.152977 31.684664 0.000000
3463 41.726143 -84.912491 32.424774 0.000000
3810 64.719528 -74.230927 17.452570 0.000000
3811 67.649956 -71.560539 17.482573 0.000000
3812 66.699814 -73.190773 14.032066 0.000000
3814 70.330353 -70.770416 7.031035 0.000000
3815 71.960587 -69.370209 3.520518 0.000000
3816 74.630989 -66.489784 3.520518 0.000000
3817 73.440811 -67.889992 0.000000 0.000000
4237 33.844982 -91.123413 23.533464 0.000000
4238 35.955292 -91.023392 20.603033 0.000000
4239 32.174740 -92.423599 20.643040 0.000000
4240 24.713636 -95.784103 14.732169 0.000000
4241 28.624212 -94.683937 14.752171 0.000000
4247 11.191648 -98.684525 11.761731 0.000000
4248 13.301958 -98.734535 8.831300 0.000000
4249 9.371379 -99.184601 8.811297 0.000000
4263 54.588032 -78.741585 28.694225 0.000000
4264 55.338146 -76.831306 32.204742 0.000000
4265 57.388451 -76.511261 29.234303 0.000000
4266 60.088844 -74.210922 29.754381 0.000000
4267 59.328735 -76.121208 26.243862 0.000000
4268 61.199009 -75.581123 23.343437 0.000000
4269 58.478607 -77.861458 22.823359 0.000000
4270 53.537884 -83.082230 15.272248 0.000000
4271 56.448311 -81.021927 15.852334 0.000000
4272 55.308136 -82.412132 12.321814 0.000000
4273 56.988392 -81.652016 9.401383 0.000000
5318 73.200768 -65.869698 17.462572 0.000000
5319 74.000893 -63.919411 21.003092 0.000000
5320 75.861168 -62.769241 17.562586 0.000000
5322 80.851898 -56.188271 17.582588 0.000000
5341 79.381683 -60.188866 -8.841302 0.000000
6030 62.629223 -77.261375 10.511547 0.000000
6031 65.639656 -74.721001 10.511547 0.000000
6281 50.587448 -85.022507 14.642156 0.000000
6283 47.146938 -86.972801 14.662157 0.000000
6284 43.626419 -88.793068 14.672159 0.000000
6286 26.173853 -93.613777 23.533464 0.000000
6287 28.294167 -93.683792 20.643040 0.000000
6288 24.413593 -94.773956 20.603033 0.000000
6289 22.613329 -95.814110 17.632597 0.000000
6290 20.783060 -96.724236 14.652158 0.000000
6291 19.002798 -97.484352 11.771733 0.000000
6292 16.902487 -97.474350 14.672159 0.000000
6293 12.981912 -98.074432 14.662157 0.000000
6294 9.051332 -98.524498 14.642156 0.000000
6302 49.637306 -81.091942 31.054571 0.000000
6303 51.737614 -80.841904 28.114140 0.000000
6304 53.767914 -80.491844 25.143700 0.000000
6305 55.658195 -80.061783 22.263277 0.000000
6306 52.797768 -82.132095 21.673191 0.000000
6307 51.737614 -83.642319 18.172674 0.000000
6934 75.211067 -59.688789 27.994122 0.000000
6935 76.671288 -63.349331 10.521549 0.000000
6936 77.621429 -61.489048 14.042068 0.000000
6937 79.231667 -60.118855 10.551554 0.000000
7325 42.926315 -86.492729 26.063837 0.000000
7326 41.296082 -88.042961 23.383442 0.000000
7327 39.265778 -88.182976 26.183853 0.000000
7328 35.535233 -89.723206 26.253862 0.000000
7329 31.744675 -91.123413 26.293869 0.000000
7330 31.234598 -89.553185 31.734671 0.000000
7331 29.574354 -91.023392 29.034275 0.000000
7332 27.874102 -92.383591 26.293869 0.000000
7333 23.993532 -93.473755 26.253862 0.000000
7334 20.062952 -94.413902 26.183853 0.000000
7344 44.626572 -83.122238 33.204884 0.000000
7345 43.816452 -84.872498 29.654366 0.000000
7830 66.399773 -70.740417 24.283573 0.000000
7831 69.240196 -67.959999 24.293575 0.000000
7832 68.500084 -69.810280 20.903078 0.000000
7833 70.490379 -68.770126 17.482573 0.000000
7834 72.350647 -67.619957 14.042068 0.000000
7835 68.570091 -72.040604 10.541552 0.000000
7836 71.400513 -69.240196 10.541552 0.000000
7837 74.100906 -66.339760 10.521549 0.000000
7838 75.711151 -64.969574 7.031035 0.000000
7839 77.191360 -63.489349 3.520518 0.000000
7840 78.541557 -61.919109 0.000000 0.000000
7842 77.231369 -63.479347 -2.950434 0.000000
8392 39.685841 -89.483170 20.523022 0.000000
8393 38.025597 -90.813370 17.632597 0.000000
8395 30.414476 -93.613777 17.712608 0.000000
8404 17.222534 -98.124443 8.841302 0.000000
8405 15.402267 -98.644516 5.890867 0.000000
8406 13.571999 -99.044579 2.940433 0.000000
8420 65.249611 -69.320198 30.674513 0.000000
8427 60.748943 -72.180626 33.214890 0.000000
8428 62.709229 -71.810577 30.234451 0.000000
8429 64.589508 -71.350510 27.214006 0.000000
8430 63.839397 -73.210777 23.833508 0.000000
8431 62.999271 -74.951035 20.403004 0.000000
8432 62.049133 -76.581276 16.952494 0.000000
8433 57.508465 -79.501701 19.352850 0.000000
8434 59.298725 -78.851601 16.412416 0.000000
8435 60.998978 -78.111496 13.451980 0.000000
8436 59.858814 -79.501701 9.961467 0.000000
9530 9.091337 -97.354324 21.053099 0.000000
9531 7.311076 -98.074432 18.172674 0.000000
9532 5.520813 -98.684525 15.272248 0.000000
9711 72.010597 -64.959564 24.433596 0.000000
9712 74.670990 -61.849102 24.523609 0.000000
9713 77.201370 -58.648628 24.573616 0.000000
9714 78.421539 -59.528763 17.582588 0.000000
9715 79.091637 -57.468460 21.103107 0.000000
9716 79.631714 -55.298141 24.573616 0.000000
