#!ascii label, from subject  
98
44 8.441242 25.993826 96.204163 0.000000
163 -6.921019 21.303135 97.474350 0.000000
164 4.260627 13.121931 99.054581 0.000000
171 18.122667 13.171938 97.474350 0.000000
380 22.543320 26.413887 93.793808 0.000000
381 32.084724 13.281955 93.793808 0.000000
643 -3.460510 10.651567 99.384636 0.000000
845 0.760112 23.723494 97.154297 0.000000
846 -4.830711 28.034126 95.884117 0.000000
847 2.870422 30.384472 95.244026 0.000000
849 10.481544 32.254749 94.083847 0.000000
872 15.532287 26.273867 95.244026 0.000000
874 25.173708 13.261951 95.884117 0.000000
1443 -14.562144 18.742758 97.154297 0.000000
1444 -9.061334 14.742170 98.504501 0.000000
1445 -1.330196 17.252539 98.504501 0.000000
1446 6.370938 19.602886 97.864403 0.000000
1459 13.331964 19.642891 97.154297 0.000000
1460 11.221652 13.171938 98.504501 0.000000
1846 29.444334 26.423889 91.863518 0.000000
1847 20.393002 19.842920 95.884117 0.000000
1848 27.404034 19.912931 94.103859 0.000000
1849 34.225040 19.832920 91.863518 0.000000
2765 4.610679 24.883661 96.764244 0.000000
2766 1.820268 27.073986 96.264168 0.000000
2767 5.660833 28.204153 95.784103 0.000000
2768 6.680983 31.344614 94.743950 0.000000
2769 9.471395 29.144289 95.204018 0.000000
2791 13.021916 29.284311 94.743950 0.000000
2792 12.001766 26.143850 95.784103 0.000000
3363 -12.881896 13.441978 98.264465 0.000000
3364 -10.121490 11.431683 98.844551 0.000000
3365 0.400059 11.891751 99.304619 0.000000
3366 -2.400353 13.962054 99.004570 0.000000
3367 1.470216 15.202237 98.844551 0.000000
3368 2.520371 18.442715 98.264465 0.000000
3369 5.320783 16.372412 98.524498 0.000000
3391 8.801296 16.402414 98.264465 0.000000
3392 7.751141 13.161939 98.844551 0.000000
3970 -10.751583 20.042950 97.394333 0.000000
3971 -13.571999 22.143259 96.584213 0.000000
3972 -9.751435 23.433451 96.744247 0.000000
4053 20.072954 29.474339 93.443756 0.000000
4057 26.013830 26.433889 92.883667 0.000000
4058 15.742317 16.422417 97.394333 0.000000
4059 16.872482 19.752907 96.584213 0.000000
4060 19.272837 16.512430 96.744247 0.000000
4061 28.644217 13.281955 94.903969 0.000000
4062 26.303873 16.592443 95.053993 0.000000
4063 29.774382 16.612444 94.023842 0.000000
4064 30.834538 19.882925 93.043694 0.000000
4065 33.174881 16.572439 92.883667 0.000000
4066 36.445362 16.592443 91.653488 0.000000
4067 35.365208 13.311960 92.603630 0.000000
5763 -7.321078 9.391383 99.304619 0.000000
5766 3.200471 9.851450 99.474640 0.000000
5779 6.670981 9.861451 99.304619 0.000000
6127 -3.080453 22.533318 97.394333 0.000000
6128 -5.880866 24.683634 96.744247 0.000000
6129 -2.030299 25.893810 96.584213 0.000000
6130 -0.980144 29.234303 95.644081 0.000000
6177 16.562437 29.394329 94.153862 0.000000
6178 19.052805 26.353880 94.573921 0.000000
6179 20.483015 9.891456 97.394333 0.000000
6180 21.663189 13.221947 96.744247 0.000000
6181 24.003532 9.941463 96.584213 0.000000
6182 27.504049 9.961467 95.644081 0.000000
6183 30.954557 9.971467 94.573921 0.000000
6184 34.235039 9.981469 93.443756 0.000000
7204 -15.632300 15.442274 97.574364 0.000000
7205 -11.821740 16.752466 97.894409 0.000000
7206 -8.001178 18.032654 98.054436 0.000000
7207 -6.270924 12.701871 99.004570 0.000000
7208 -5.200766 16.012358 98.584511 0.000000
7209 -4.130608 19.292841 98.054436 0.000000
7210 -0.280041 20.503017 97.894409 0.000000
7211 3.570526 21.683191 97.574364 0.000000
7212 7.411091 22.813358 97.094292 0.000000
7243 10.891603 22.833361 96.764244 0.000000
7244 9.851450 19.632889 97.574364 0.000000
7245 12.281808 16.422417 97.894409 0.000000
7246 14.682160 13.181940 98.054436 0.000000
7247 10.151494 9.881454 99.004570 0.000000
7248 13.622005 9.901457 98.584511 0.000000
7249 17.072514 9.891456 98.054436 0.000000
7547 38.465664 23.093399 89.383163 0.000000
8053 -17.382561 20.833067 96.264168 0.000000
8056 -8.711283 26.803947 95.964134 0.000000
8165 14.442126 22.973381 96.264168 0.000000
8166 17.972645 23.073397 95.644081 0.000000
8167 21.483162 23.143406 94.903969 0.000000
8168 22.793354 16.562437 95.964134 0.000000
8169 23.913521 19.892927 95.053993 0.000000
8170 24.993679 23.183413 94.023842 0.000000
8171 28.444185 23.183413 93.043694 0.000000
8172 31.854689 23.143406 91.933533 0.000000
8173 35.225185 23.073397 90.713348 0.000000
8174 37.475517 19.862923 90.573334 0.000000
