#!ascii label, from subject  
47
63 -94.733948 16.252392 27.644068 0.000000
281 -98.684525 8.231212 14.012063 0.000000
403 -91.833519 30.134436 25.713783 0.000000
545 -98.684525 -8.231212 14.012063 0.000000
912 -89.673203 36.855423 24.543612 0.000000
1204 -99.024582 0.000000 14.052068 0.000000
1205 -99.684669 -4.130608 7.031035 0.000000
1656 -95.714096 20.122961 20.883076 0.000000
1657 -97.034279 12.281808 20.893076 0.000000
1901 -93.523766 23.253424 26.743937 0.000000
2275 -97.684380 4.130608 21.083103 0.000000
2819 -88.443016 41.996185 20.403004 0.000000
2833 -89.773216 38.735706 21.053099 0.000000
3124 -99.764687 0.000000 7.031035 0.000000
3126 -99.774689 -5.990882 3.520518 0.000000
3721 -96.794250 18.122667 17.482573 0.000000
4177 -92.743645 26.703930 26.243862 0.000000
4178 -93.933823 25.173708 23.343437 0.000000
4179 -93.073700 28.614212 22.823359 0.000000
5048 -97.944420 10.261511 17.462572 0.000000
5049 -97.434341 8.211208 21.003092 0.000000
5050 -98.264465 6.190911 17.562586 0.000000
5051 -98.934563 -4.120606 14.042068 0.000000
5052 -98.434486 -2.070305 17.582588 0.000000
5053 -98.264465 -6.190911 17.562586 0.000000
6250 -90.813370 33.514931 25.143700 0.000000
6251 -92.083557 32.054718 22.263277 0.000000
6252 -90.993393 35.415215 21.673191 0.000000
6773 -99.264610 6.190911 10.521549 0.000000
6774 -98.934563 4.120606 14.042068 0.000000
6775 -99.434631 2.070305 10.551554 0.000000
6776 -99.434631 -2.070305 10.551554 0.000000
6777 -99.264610 -6.190911 10.521549 0.000000
6779 -99.444641 -8.061187 7.031035 0.000000
7704 -95.304031 18.202679 24.283573 0.000000
7705 -95.964134 14.272101 24.293575 0.000000
7706 -96.454201 16.212387 20.903078 0.000000
7707 -97.444344 14.202091 17.482573 0.000000
7708 -98.274460 12.181792 14.042068 0.000000
7711 -98.944565 10.111488 10.521549 0.000000
8315 -94.193863 19.762909 27.214006 0.000000
8316 -94.683937 21.703194 23.833508 0.000000
8317 -95.023987 23.613476 20.403004 0.000000
9385 -96.444199 10.221505 24.433596 0.000000
9386 -96.764244 6.150906 24.523609 0.000000
9388 -98.434486 2.070305 17.582588 0.000000
9389 -97.764389 0.000000 21.103107 0.000000
