#!ascii label, from subject  
269
90 67.089867 -16.252392 -72.370651 0.000000
91 59.728790 -43.396389 -67.469933 0.000000
161 44.726585 0.000000 -89.453171 0.000000
210 71.710556 -35.825272 -59.798801 0.000000
211 66.689819 -48.447128 -56.638336 0.000000
357 55.498169 -23.873514 -79.701729 0.000000
358 56.658340 -8.231212 -82.002068 0.000000
359 44.176506 -15.642302 -88.353012 0.000000
360 33.764969 -8.111195 -93.793808 0.000000
450 64.069435 -30.134436 -70.640404 0.000000
451 51.627598 -37.505520 -77.011337 0.000000
636 55.498169 23.873514 -79.701729 0.000000
637 68.000008 0.000000 -73.340790 0.000000
638 56.658340 8.231212 -82.002068 0.000000
639 44.176506 15.642302 -88.353012 0.000000
640 33.764969 8.111195 -93.793808 0.000000
837 49.167236 -27.474043 -82.642174 0.000000
838 50.007362 -19.822918 -84.312416 0.000000
839 43.496399 -23.343437 -86.982803 0.000000
987 65.939705 -39.745850 -63.839397 0.000000
988 68.070015 -33.064865 -65.389633 0.000000
989 62.059139 -36.855423 -69.230194 0.000000
990 58.028542 -33.924992 -74.060898 0.000000
991 55.808220 -40.545971 -72.410652 0.000000
1426 61.489048 20.122961 -76.271233 0.000000
1427 72.280640 -12.271806 -68.020012 0.000000
1428 72.740700 -4.130608 -68.520088 0.000000
1429 67.769981 -8.151200 -73.100754 0.000000
1430 50.867489 -4.130608 -86.012665 0.000000
1431 56.858368 0.000000 -82.282120 0.000000
1432 50.867489 4.130608 -86.012665 0.000000
1433 50.577446 11.981764 -85.442581 0.000000
1434 44.586567 7.851156 -89.183136 0.000000
1435 39.065750 11.911754 -91.293434 0.000000
1436 39.345791 4.070600 -91.863518 0.000000
1438 28.154146 -4.070600 -95.884117 0.000000
1528 77.031342 -31.684664 -55.368153 0.000000
1530 69.370209 -42.246216 -58.358593 0.000000
1531 63.359325 -46.036774 -62.209156 0.000000
1793 61.489048 -20.122961 -76.271233 0.000000
1794 62.079140 -12.281808 -77.441399 0.000000
1795 56.258282 -16.102371 -81.111938 0.000000
1796 50.577446 -11.981764 -85.442581 0.000000
1797 44.586567 -7.851156 -89.183136 0.000000
1798 39.345791 -4.070600 -91.863518 0.000000
1799 39.065750 -11.911754 -91.293434 0.000000
1967 47.196945 34.285046 -81.241959 0.000000
2005 71.350510 -19.182823 -67.409927 0.000000
2006 73.670837 -28.994268 -61.118996 0.000000
2007 69.880287 -26.163849 -66.599800 0.000000
2008 65.749680 -23.253424 -71.690552 0.000000
2009 59.928825 -27.063984 -75.361092 0.000000
2010 53.697903 -30.774530 -78.561562 0.000000
2511 58.168564 -50.427422 -63.839397 0.000000
2514 54.227985 -47.627014 -69.230194 0.000000
2543 53.697903 30.774530 -78.561562 0.000000
2544 49.167236 27.474043 -82.642174 0.000000
2547 67.769981 8.151200 -73.100754 0.000000
2548 62.539204 -4.130608 -77.941475 0.000000
2549 62.539204 4.130608 -77.941475 0.000000
2550 62.079140 12.281808 -77.441399 0.000000
2551 56.258282 16.102371 -81.111938 0.000000
2552 50.007362 19.822918 -84.312416 0.000000
2553 43.496399 23.343437 -86.982803 0.000000
2554 38.505669 19.732904 -90.173279 0.000000
2555 33.304901 15.962350 -92.943680 0.000000
2557 33.874985 0.000000 -94.103859 0.000000
2758 46.366825 -25.433744 -84.892494 0.000000
2907 62.879257 -41.606129 -65.709671 0.000000
2908 64.039429 -38.325642 -66.579803 0.000000
2909 60.928967 -40.155910 -68.400070 0.000000
2910 58.978680 -38.735706 -70.880440 0.000000
2911 57.808510 -41.996185 -69.980301 0.000000
3347 69.740273 -14.272101 -70.250343 0.000000
3348 70.080315 -10.221505 -70.620399 0.000000
3349 67.489929 -12.211798 -72.800720 0.000000
3350 47.837044 -2.070305 -87.812927 0.000000
3351 50.907494 0.000000 -86.092674 0.000000
3352 47.837044 2.070305 -87.812927 0.000000
3353 47.767033 5.990882 -87.662903 0.000000
3354 44.696583 3.930578 -89.383163 0.000000
3355 41.996185 5.960877 -90.573334 0.000000
3356 42.066193 2.040300 -90.713348 0.000000
3508 70.980446 -43.416389 -55.488163 0.000000
3509 68.070015 -45.376678 -57.538467 0.000000
3510 66.419777 -44.176506 -60.328884 0.000000
3511 65.059578 -47.266960 -59.458752 0.000000
3947 58.538620 -22.013241 -78.051491 0.000000
3948 58.918674 -18.122667 -78.761597 0.000000
3949 55.918228 -20.002945 -80.471848 0.000000
3950 47.136940 -17.752613 -86.412720 0.000000
3951 50.337410 -15.912342 -84.952499 0.000000
3952 47.416981 -13.822034 -86.972801 0.000000
3953 47.627014 -9.921460 -87.382866 0.000000
3954 44.416538 -11.751730 -88.833076 0.000000
3955 41.856163 -9.881454 -90.293289 0.000000
3956 41.646130 -13.782028 -89.883232 0.000000
4395 73.890877 -17.182529 -65.179596 0.000000
4396 73.340790 -20.613035 -64.799538 0.000000
4397 74.430954 -33.784973 -57.628487 0.000000
4398 75.401100 -30.354469 -58.278580 0.000000
4399 72.740700 -32.434776 -60.498909 0.000000
4400 66.109734 -31.614655 -68.060013 0.000000
4401 69.020164 -29.634361 -66.039719 0.000000
4402 67.029861 -28.164146 -68.680107 0.000000
4403 67.859985 -24.723639 -69.190186 0.000000
4404 64.949562 -26.703930 -71.210487 0.000000
4405 62.889256 -25.173708 -73.580833 0.000000
4406 62.039131 -28.614212 -73.050751 0.000000
4407 54.868076 -35.745262 -75.591125 0.000000
4408 55.898228 -32.364765 -76.361237 0.000000
4409 52.697758 -34.165028 -77.841461 0.000000
4410 50.487434 -32.554794 -79.961769 0.000000
4411 49.437279 -35.925285 -79.171654 0.000000
5632 59.928825 -51.707611 -61.138996 0.000000
5633 57.248425 -53.827927 -61.869106 0.000000
5642 52.247692 -46.196800 -71.690552 0.000000
5712 57.748501 25.483751 -77.581421 0.000000
5714 54.638042 27.334024 -79.181656 0.000000
5715 51.467575 29.144289 -80.651871 0.000000
5716 52.377708 25.693783 -81.241959 0.000000
5720 70.420372 -2.060303 -70.990456 0.000000
5722 70.420372 2.060303 -70.990456 0.000000
5723 70.310356 6.140904 -70.860435 0.000000
5724 67.940002 4.080601 -73.280785 0.000000
5725 59.418747 -10.261511 -79.791748 0.000000
5726 62.369183 -8.211208 -77.761444 0.000000
5727 59.648785 -6.190911 -80.041779 0.000000
5728 56.808365 4.120606 -82.212105 0.000000
5729 59.748798 2.070305 -80.181801 0.000000
5730 59.648785 6.190911 -80.041779 0.000000
5731 62.369183 8.211208 -77.761444 0.000000
5732 59.418747 10.261511 -79.791748 0.000000
5733 59.218719 14.202091 -79.341675 0.000000
5734 56.508320 12.181792 -81.622017 0.000000
5735 47.416981 13.822034 -86.972801 0.000000
5736 50.337410 15.912342 -84.952499 0.000000
5737 47.136940 17.752613 -86.412720 0.000000
5738 46.786884 21.603180 -85.712616 0.000000
5739 43.866459 19.512873 -87.732918 0.000000
5740 41.026039 21.553171 -88.633049 0.000000
5741 41.366089 17.702606 -89.323151 0.000000
5742 36.435364 10.021475 -92.603630 0.000000
5743 36.205326 13.942053 -92.183571 0.000000
5744 33.564938 12.051774 -93.443756 0.000000
5747 36.575382 -6.090896 -92.883667 0.000000
5748 36.635391 -2.040300 -93.043694 0.000000
5749 33.844982 -4.060598 -94.023842 0.000000
6065 35.175179 25.553761 -90.063263 0.000000
6113 52.377708 -25.693783 -81.241959 0.000000
6114 52.797768 -21.863218 -82.082085 0.000000
6115 49.627304 -23.663483 -83.542305 0.000000
6116 46.786884 -21.603180 -85.712616 0.000000
6117 43.866459 -19.512873 -87.732918 0.000000
6118 41.366089 -17.702606 -89.323151 0.000000
6383 68.880142 -37.815567 -61.869106 0.000000
6384 69.940292 -34.465073 -62.639217 0.000000
6385 67.049873 -36.425362 -64.659523 0.000000
6386 65.119583 -34.985149 -67.369919 0.000000
6387 63.099293 -33.514931 -69.980301 0.000000
6388 61.098995 -32.054718 -72.410652 0.000000
6389 60.078846 -35.415215 -71.690552 0.000000
6390 56.958389 -37.265484 -73.280785 0.000000
6391 53.747913 -39.055748 -74.761002 0.000000
7174 58.538620 22.013241 -78.051491 0.000000
7177 72.570679 -8.211208 -68.330055 0.000000
7178 70.310356 -6.140904 -70.860435 0.000000
7179 67.940002 -4.080601 -73.280785 0.000000
7180 53.807919 -6.190911 -84.082375 0.000000
7181 56.808365 -4.120606 -82.212105 0.000000
7182 53.907932 -2.070305 -84.222397 0.000000
7183 53.907932 2.070305 -84.222397 0.000000
7184 53.807919 6.190911 -84.082375 0.000000
7185 53.667900 10.111488 -83.792336 0.000000
7186 50.757473 8.061187 -85.802628 0.000000
7187 47.627014 9.921460 -87.382866 0.000000
7188 44.416538 11.751730 -88.833076 0.000000
7189 41.646130 13.782028 -89.883232 0.000000
7190 41.856163 9.881454 -90.293289 0.000000
7191 39.235775 7.991176 -91.653488 0.000000
7192 36.575382 6.090896 -92.883667 0.000000
7193 30.904547 -10.121490 -94.573921 0.000000
7194 30.984560 -6.090896 -94.903969 0.000000
7195 28.104136 -8.101192 -95.644081 0.000000
7405 73.380798 -37.025452 -56.978390 0.000000
7406 73.780861 -41.386093 -53.347855 0.000000
7407 72.230637 -40.245922 -56.268284 0.000000
7408 70.590393 -39.055748 -59.118698 0.000000
7409 67.689964 -41.016041 -61.138996 0.000000
7410 64.689522 -42.916317 -63.059284 0.000000
7411 61.579063 -44.736584 -64.879555 0.000000
8021 64.339470 -18.202679 -74.380951 0.000000
8022 64.639519 -14.272101 -74.971031 0.000000
8023 61.829102 -16.212387 -76.921326 0.000000
8024 59.218719 -14.202091 -79.341675 0.000000
8025 56.508320 -12.181792 -81.622017 0.000000
8026 53.177830 -17.982647 -82.782188 0.000000
8027 53.467873 -14.052068 -83.352272 0.000000
8028 53.667900 -10.111488 -83.792336 0.000000
8029 50.757473 -8.061187 -85.802628 0.000000
8030 47.767033 -5.990882 -87.662903 0.000000
8031 44.696583 -3.930578 -89.383163 0.000000
8032 42.066193 -2.040300 -90.713348 0.000000
8033 41.996185 -5.960877 -90.573334 0.000000
8034 39.235775 -7.991176 -91.653488 0.000000
8035 36.435364 -10.021475 -92.603630 0.000000
8036 38.815716 -15.832331 -90.803368 0.000000
8037 36.205326 -13.942053 -92.183571 0.000000
8038 33.564938 -12.051774 -93.443756 0.000000
8494 44.286518 36.305344 -81.992073 0.000000
8495 44.896610 32.614803 -83.212257 0.000000
8592 71.860573 -15.742317 -67.759972 0.000000
8593 69.260193 -17.722610 -69.940292 0.000000
8596 74.500961 -25.523758 -61.649075 0.000000
8597 70.930450 -31.054571 -63.309322 0.000000
8598 71.820572 -27.594063 -63.899406 0.000000
8599 72.620689 -24.103548 -64.409485 0.000000
8600 70.660400 -22.683340 -67.049873 0.000000
8601 68.600098 -21.233126 -69.610245 0.000000
8602 66.459778 -19.762909 -72.080612 0.000000
8603 63.659370 -21.703194 -74.030891 0.000000
8604 60.748943 -23.613476 -75.861168 0.000000
8605 57.748501 -25.483751 -77.581421 0.000000
8606 59.018684 -30.514492 -74.761002 0.000000
8607 56.858368 -28.944262 -77.021339 0.000000
8608 54.638042 -27.334024 -79.181656 0.000000
8609 51.467575 -29.144289 -80.651871 0.000000
8610 48.217098 -30.904547 -81.992073 0.000000
10087 62.539204 -49.517288 -60.328884 0.000000
10088 60.798950 -48.257103 -63.059284 0.000000
10089 58.998688 -46.946911 -65.709671 0.000000
10097 56.238281 -49.057220 -66.579803 0.000000
10098 57.018394 -45.536701 -68.400070 0.000000
10099 55.068104 -44.126495 -70.880440 0.000000
10100 53.037811 -42.656277 -73.280785 0.000000
10101 50.947502 -41.136055 -75.591125 0.000000
10186 50.487434 32.554794 -79.961769 0.000000
10187 48.217098 30.904547 -81.992073 0.000000
10188 45.886753 29.214302 -83.922356 0.000000
10197 67.489929 12.211798 -72.800720 0.000000
10198 64.979568 -10.221505 -75.341095 0.000000
10199 65.209602 -6.150906 -75.581123 0.000000
10200 65.319611 -2.070305 -75.711151 0.000000
10201 59.748798 -2.070305 -80.181801 0.000000
10202 62.599213 0.000000 -78.001480 0.000000
10203 65.319611 2.070305 -75.711151 0.000000
10204 65.209602 6.150906 -75.581123 0.000000
10205 64.979568 10.221505 -75.341095 0.000000
10206 64.639519 14.272101 -74.971031 0.000000
10207 61.829102 16.212387 -76.921326 0.000000
10208 58.918674 18.122667 -78.761597 0.000000
10209 55.918228 20.002945 -80.471848 0.000000
10210 53.467873 14.052068 -83.352272 0.000000
10211 53.177830 17.982647 -82.782188 0.000000
10212 52.797768 21.863218 -82.082085 0.000000
10213 49.627304 23.663483 -83.542305 0.000000
10214 46.366825 25.433744 -84.892494 0.000000
10215 43.046337 27.143997 -86.092674 0.000000
10216 40.615978 25.373734 -87.802925 0.000000
10217 38.125610 23.573469 -89.413162 0.000000
10218 35.595242 21.733198 -90.903381 0.000000
10219 38.815716 15.832331 -90.803368 0.000000
10220 35.925285 17.862631 -91.613487 0.000000
10225 39.375793 0.000000 -91.933533 0.000000
10226 36.635391 2.040300 -93.043694 0.000000
10227 33.844982 4.060598 -94.023842 0.000000
10228 31.034567 -2.040300 -95.053993 0.000000
10229 31.034567 2.040300 -95.053993 0.000000
10230 30.984560 6.090896 -94.903969 0.000000
