#!ascii label, from subject  
21
519 35.955292 84.032372 -40.615978 0.000000
1141 42.326229 81.231956 -40.165913 0.000000
1957 32.804829 78.581566 -52.457722 0.000000
2199 31.214594 82.722176 -46.736877 0.000000
2200 37.655544 80.161804 -46.466839 0.000000
4856 34.455074 86.052666 -37.545528 0.000000
4860 33.614948 83.442284 -43.706436 0.000000
4861 34.455074 81.491997 -46.626862 0.000000
4862 36.825420 82.152092 -43.566414 0.000000
4864 43.176353 79.261665 -43.076340 0.000000
6659 36.715405 86.452728 -34.355057 0.000000
6660 38.235626 84.492432 -37.455513 0.000000
6661 39.165764 82.682167 -40.415951 0.000000
8467 29.564352 79.791748 -52.547733 0.000000
8468 27.694075 78.541557 -55.378147 0.000000
9159 28.774237 81.882057 -49.697315 0.000000
9160 32.034718 80.711876 -49.627304 0.000000
9161 35.255188 79.431694 -49.497284 0.000000
9162 38.435658 78.071487 -49.307259 0.000000
9163 40.025894 80.761887 -43.346382 0.000000
9164 40.836014 78.731590 -46.226803 0.000000
