#!ascii label, from subject  
21
177 14.312106 86.502731 48.117085 0.000000
461 11.911754 79.271660 59.798801 0.000000
1471 7.521107 86.602745 49.467281 0.000000
2037 6.330932 83.052223 55.368153 0.000000
2038 13.141934 83.092232 54.087959 0.000000
2039 19.952936 82.722176 52.547733 0.000000
3412 10.921608 86.602745 48.817184 0.000000
4472 9.131344 81.231956 57.628487 0.000000
4473 9.741434 83.122238 54.758060 0.000000
4474 12.531845 81.231956 56.978390 0.000000
5791 17.682604 86.302704 47.346970 0.000000
6429 15.332257 79.201653 59.118698 0.000000
7273 4.120606 86.492729 50.047367 0.000000
8684 2.760406 82.842194 55.968239 0.000000
8685 3.520518 84.732475 53.017803 0.000000
8686 6.931021 84.872498 52.447720 0.000000
8687 10.341522 84.912491 51.817631 0.000000
8688 13.732021 84.852486 51.137527 0.000000
8689 15.952349 81.131943 56.268284 0.000000
8690 16.562437 82.962219 53.347855 0.000000
8691 17.152525 84.682465 50.377419 0.000000
