#!ascii label, from subject  
60
259 38.325642 91.313438 -14.012063 0.000000
383 63.719379 75.801163 13.992060 0.000000
516 20.302988 89.113113 -40.615978 0.000000
518 29.664368 91.313438 -28.014122 0.000000
738 52.257690 85.272545 0.000000 0.000000
802 19.652893 82.852203 -52.457722 0.000000
803 14.482132 80.311821 -57.818512 0.000000
1132 17.112520 92.403603 -34.235039 0.000000
1137 34.115021 91.623489 -21.083103 0.000000
1618 41.996185 90.493324 -7.021034 0.000000
1853 61.449047 78.601570 7.021034 0.000000
2194 30.604504 94.173866 -14.052068 0.000000
2195 26.253862 94.173866 -21.083103 0.000000
2196 21.813210 93.523766 -27.924109 0.000000
2197 25.063690 90.493324 -34.425064 0.000000
3052 15.482279 93.833809 -30.964558 0.000000
4770 62.629223 77.261375 10.511547 0.000000
4835 18.492722 88.102974 -43.566414 0.000000
4836 20.022947 86.182686 -46.626862 0.000000
4837 21.853218 87.262848 -43.706436 0.000000
4845 20.503017 96.324181 -17.462572 0.000000
4846 36.555382 92.493614 -10.521549 0.000000
4848 34.495079 92.823662 -14.042068 0.000000
4849 31.914698 91.543472 -24.573616 0.000000
4850 30.214449 92.973686 -21.103107 0.000000
4851 27.984119 92.823662 -24.573616 0.000000
4852 24.053541 93.933823 -24.523609 0.000000
4853 25.763792 92.493614 -27.994122 0.000000
4854 23.463453 92.083557 -31.194590 0.000000
4855 27.394032 90.973389 -31.244600 0.000000
5938 50.707470 86.142677 -3.510517 0.000000
6052 16.292398 83.682327 -52.297695 0.000000
6053 13.712018 82.412132 -54.988094 0.000000
6054 17.082514 81.652016 -55.178120 0.000000
6055 17.852629 79.501701 -57.988537 0.000000
6646 18.722755 90.823364 -37.455513 0.000000
6652 40.025894 89.973251 -17.462572 0.000000
6653 36.255337 91.543472 -17.562586 0.000000
6654 37.925583 90.133270 -21.003092 0.000000
7614 40.195915 90.973389 -10.521549 0.000000
7615 45.566704 88.753059 -7.031035 0.000000
7616 43.786446 89.303146 -10.541552 0.000000
7617 41.946178 89.703209 -14.042068 0.000000
7887 11.071630 81.021927 -57.578476 0.000000
8182 57.278435 81.932060 2.940433 0.000000
8183 60.158852 79.821747 3.510517 0.000000
8184 58.608631 80.781891 6.450949 0.000000
8185 59.858814 79.501701 9.961467 0.000000
8186 60.998978 78.111496 13.451980 0.000000
9130 18.162674 84.982513 -49.497284 0.000000
9145 32.384769 92.973686 -17.582588 0.000000
9146 28.454189 94.253876 -17.582588 0.000000
9147 24.483604 95.364037 -17.562586 0.000000
9148 22.303284 95.204018 -21.003092 0.000000
9149 20.082956 94.883972 -24.433596 0.000000
9150 17.832624 94.403893 -27.804092 0.000000
9151 19.482868 93.033691 -31.104578 0.000000
9152 21.113108 91.523468 -34.355057 0.000000
9153 22.703342 89.873230 -37.545528 0.000000
9156 24.283573 88.062965 -40.715992 0.000000
