#!ascii label, from subject  
321
11 0.000000 0.000000 -100.014725 0.000000
148 13.822034 42.536259 -89.453171 0.000000
149 -8.441242 25.993826 -96.204163 0.000000
150 22.113256 16.062366 -96.204163 0.000000
325 39.855865 45.406685 -79.701729 0.000000
326 25.343731 51.347557 -82.002068 0.000000
327 28.534199 37.175472 -88.353012 0.000000
328 18.152672 29.604359 -93.793808 0.000000
336 -22.543320 26.413887 -93.793808 0.000000
337 -12.461835 38.365646 -91.513474 0.000000
601 9.681425 56.438309 -82.002068 0.000000
602 -1.230181 46.846897 -88.353012 0.000000
603 2.720401 34.625095 -93.793808 0.000000
604 6.921019 21.303135 -97.474350 0.000000
605 -4.260627 13.121931 -99.054581 0.000000
606 11.161643 8.111195 -99.054581 0.000000
614 -18.122667 13.171938 -97.474350 0.000000
615 -13.802031 0.000000 -99.054581 0.000000
633 11.161643 -8.111195 -99.054581 0.000000
816 -19.552877 38.595680 -90.173279 0.000000
958 50.197392 44.706581 -74.060898 0.000000
1338 19.642891 47.096931 -86.012665 0.000000
1339 17.572586 54.067959 -82.282120 0.000000
1340 11.791736 49.647308 -86.012665 0.000000
1341 4.240624 51.807625 -85.442581 0.000000
1342 6.320930 44.836601 -89.183136 0.000000
1343 0.750110 40.836014 -91.293434 0.000000
1344 8.291221 38.675694 -91.863518 0.000000
1345 20.182972 22.893370 -95.244026 0.000000
1346 12.571850 25.523758 -95.884117 0.000000
1347 14.562144 18.742758 -97.154297 0.000000
1348 9.061334 14.742170 -98.504501 0.000000
1349 16.672455 12.111782 -97.864403 0.000000
1367 -34.225040 19.832920 -91.863518 0.000000
1368 -15.532287 26.273867 -95.244026 0.000000
1369 -20.393002 19.842920 -95.884117 0.000000
1370 -13.331964 19.642891 -97.154297 0.000000
1371 -11.221652 13.171938 -98.504501 0.000000
1372 -6.370938 19.602886 -97.864403 0.000000
1440 16.822475 -4.060598 -98.504501 0.000000
1441 16.672455 -12.111782 -97.864403 0.000000
1737 38.135616 52.257690 -76.271233 0.000000
1738 30.864544 55.248131 -77.441399 0.000000
1739 32.694817 48.527145 -81.111938 0.000000
1740 27.023979 44.406540 -85.442581 0.000000
1741 21.243126 39.985886 -89.183136 0.000000
1742 16.032360 36.165325 -91.863518 0.000000
1743 23.403444 33.474926 -91.293434 0.000000
1744 25.473751 26.743937 -92.943680 0.000000
1756 -29.444334 26.423889 -91.863518 0.000000
1757 -24.603622 32.594799 -91.293434 0.000000
1758 -17.562586 32.494785 -92.943680 0.000000
1759 -10.481544 32.254749 -94.083847 0.000000
1965 44.256516 48.627155 -75.361092 0.000000
2439 23.253424 58.208569 -77.941475 0.000000
2440 15.402267 60.758945 -77.941475 0.000000
2445 -6.861010 42.716286 -90.173279 0.000000
2446 -4.890720 36.605389 -92.943680 0.000000
2447 -2.870422 30.384472 -95.244026 0.000000
2448 10.471541 32.214745 -94.103859 0.000000
2449 4.830711 28.034126 -95.884117 0.000000
2450 -0.760112 23.723494 -97.154297 0.000000
2451 1.330196 17.252539 -98.504501 0.000000
2452 3.460510 10.651567 -99.384636 0.000000
2453 -2.140315 6.580969 -99.774689 0.000000
2454 5.590823 4.060598 -99.774689 0.000000
2476 -27.404034 19.912931 -94.103859 0.000000
2477 -25.173708 13.261951 -95.884117 0.000000
2478 -22.803356 6.600972 -97.154297 0.000000
2479 -16.002356 6.600972 -98.504501 0.000000
2480 -9.061334 6.580969 -99.384636 0.000000
2481 -6.911017 0.000000 -99.774689 0.000000
2507 -9.061334 -6.580969 -99.384636 0.000000
2508 -2.140315 -6.580969 -99.774689 0.000000
2533 9.061334 -14.742170 -98.504501 0.000000
2534 3.460510 -10.651567 -99.384636 0.000000
2535 5.590823 -4.060598 -99.774689 0.000000
2559 22.333288 8.061187 -97.154297 0.000000
2560 16.822475 4.060598 -98.504501 0.000000
2561 11.201650 0.000000 -99.384636 0.000000
3258 16.752466 44.856606 -87.812927 0.000000
3259 15.732315 48.417126 -86.092674 0.000000
3260 12.811886 46.136787 -87.812927 0.000000
3261 9.061334 47.276958 -87.662903 0.000000
3262 10.081484 43.716434 -89.383163 0.000000
3263 7.311076 41.786152 -90.573334 0.000000
3264 11.061628 40.635983 -90.713348 0.000000
3265 21.163115 19.492868 -95.784103 0.000000
3266 17.382561 20.833067 -96.264168 0.000000
3267 18.352701 17.422565 -96.764244 0.000000
3268 15.632300 15.442274 -97.574364 0.000000
3269 19.402857 14.102077 -97.094292 0.000000
3286 -37.475517 19.862923 -90.573334 0.000000
3287 -35.225185 23.073397 -90.713348 0.000000
3288 -12.001766 26.143850 -95.784103 0.000000
3289 -14.442126 22.973381 -96.264168 0.000000
3290 -10.891603 22.833361 -96.764244 0.000000
3291 -9.851450 19.632889 -97.574364 0.000000
3292 -7.411091 22.813358 -97.094292 0.000000
3360 19.512873 -10.091486 -97.574364 0.000000
3855 39.025745 48.867191 -78.051491 0.000000
3856 35.445221 50.437424 -78.761597 0.000000
3857 36.305344 47.006920 -80.471848 0.000000
3858 31.444628 39.335789 -86.412720 0.000000
3859 30.684517 42.956326 -84.952499 0.000000
3860 27.794092 40.826008 -86.972801 0.000000
3861 24.153555 42.226215 -87.382866 0.000000
3862 24.903666 38.615685 -88.833076 0.000000
3863 22.333288 36.755409 -90.293289 0.000000
3864 25.983824 35.345203 -89.883232 0.000000
3868 26.473896 23.353437 -93.573769 0.000000
3886 -28.054129 32.594799 -90.293289 0.000000
3887 -25.593767 35.635246 -89.883232 0.000000
3888 -16.022360 38.505669 -90.903381 0.000000
3889 -18.572733 35.565235 -91.613487 0.000000
3890 -15.022211 35.455219 -92.303589 0.000000
3891 -14.032066 32.394772 -93.573769 0.000000
3892 -11.481689 35.335205 -92.853668 0.000000
4316 48.057076 43.166355 -76.361237 0.000000
5453 28.124140 53.337849 -79.791748 0.000000
5454 27.083986 56.778362 -77.761444 0.000000
5455 24.313578 54.818066 -80.041779 0.000000
5456 13.632007 55.298141 -82.212105 0.000000
5457 16.502430 57.468460 -80.181801 0.000000
5458 12.551847 58.648628 -80.041779 0.000000
5459 11.461687 61.849102 -77.761444 0.000000
5460 8.601267 59.688789 -79.791748 0.000000
5462 5.880866 57.498463 -81.622017 0.000000
5463 1.510222 49.367268 -86.972801 0.000000
5464 0.420062 52.787773 -84.952499 0.000000
5465 -2.320342 50.307407 -86.412720 0.000000
5467 -5.000736 47.747028 -87.732918 0.000000
5468 -7.821151 45.676723 -88.633049 0.000000
5469 -4.050596 44.816597 -89.323151 0.000000
5470 1.730255 37.745560 -92.603630 0.000000
5471 -2.070305 38.745705 -92.183571 0.000000
5472 -1.090160 35.645245 -93.443756 0.000000
5473 -3.880571 33.514931 -94.153862 0.000000
5474 -0.080012 32.524788 -94.573921 0.000000
5475 17.102518 32.904846 -92.883667 0.000000
5476 13.251949 34.215034 -93.043694 0.000000
5477 14.322108 30.934553 -94.023842 0.000000
5478 9.751435 23.433451 -96.744247 0.000000
5479 8.711283 26.803947 -95.964134 0.000000
5480 5.880866 24.683634 -96.744247 0.000000
5481 2.030299 25.893810 -96.584213 0.000000
5482 3.080453 22.533318 -97.394333 0.000000
5483 0.280041 20.503017 -97.894409 0.000000
5484 4.130608 19.292841 -98.054436 0.000000
5485 10.121490 11.431683 -98.844551 0.000000
5486 6.270924 12.701871 -99.004570 0.000000
5487 7.321078 9.391383 -99.304619 0.000000
5488 4.530667 7.361084 -99.644669 0.000000
5489 8.381234 6.090896 -99.474640 0.000000
5543 -26.013830 26.433889 -92.883667 0.000000
5544 -28.444185 23.183413 -93.043694 0.000000
5545 -24.993679 23.183413 -94.023842 0.000000
5546 -19.272837 16.512430 -96.744247 0.000000
5547 -22.803356 16.562437 -95.964134 0.000000
5548 -21.663189 13.221947 -96.744247 0.000000
5549 -24.003532 9.941463 -96.584213 0.000000
5550 -20.483015 9.891456 -97.394333 0.000000
5551 -19.412857 6.610973 -97.894409 0.000000
5552 -17.072514 9.891456 -98.054436 0.000000
5553 -7.751141 13.161939 -98.844551 0.000000
5554 -10.151494 9.881454 -99.004570 0.000000
5555 -6.670981 9.861451 -99.304619 0.000000
5556 -5.600825 6.580969 -99.644669 0.000000
5557 -3.200471 9.851450 -99.474640 0.000000
5623 -11.441684 -3.290485 -99.304619 0.000000
5624 -7.991176 -3.290485 -99.644669 0.000000
5625 -10.361526 0.000000 -99.474640 0.000000
5691 -0.400059 -11.891751 -99.304619 0.000000
5692 0.660097 -8.621269 -99.644669 0.000000
5693 -3.200471 -9.851450 -99.474640 0.000000
5754 22.383295 4.030593 -97.394333 0.000000
5755 19.582882 6.060892 -97.894409 0.000000
5756 19.622887 2.030299 -98.054436 0.000000
5757 14.002061 -6.090896 -98.844551 0.000000
5758 14.022064 -2.030299 -99.004570 0.000000
5759 11.191648 -4.060598 -99.304619 0.000000
5760 8.401237 -2.030299 -99.644669 0.000000
5761 8.381234 -6.090896 -99.474640 0.000000
6061 32.114727 35.695255 -87.732918 0.000000
6062 29.614359 33.874985 -89.323151 0.000000
6078 -16.982500 41.476105 -89.413162 0.000000
6079 -13.441978 41.356091 -90.063263 0.000000
7016 22.513313 49.267250 -84.082375 0.000000
7017 21.473160 52.757763 -82.212105 0.000000
7018 18.622740 50.627457 -84.222397 0.000000
7019 14.692163 51.907639 -84.222397 0.000000
7020 10.741581 53.087814 -84.082375 0.000000
7021 6.961025 54.157970 -83.792336 0.000000
7022 8.021181 50.767475 -85.802628 0.000000
7023 5.280777 48.357117 -87.382866 0.000000
7024 2.550375 45.876751 -88.833076 0.000000
7025 -0.240035 43.866459 -89.883232 0.000000
7026 3.530520 42.856308 -90.293289 0.000000
7027 4.520666 39.785854 -91.653488 0.000000
7028 5.510811 36.675396 -92.883667 0.000000
7029 19.182823 26.263866 -94.573921 0.000000
7030 15.372262 27.584059 -94.903969 0.000000
7031 16.392412 24.223564 -95.644081 0.000000
7032 13.571999 22.143259 -96.584213 0.000000
7033 10.751583 20.042950 -97.394333 0.000000
7034 8.001178 18.032654 -98.054436 0.000000
7035 11.821740 16.752466 -97.894409 0.000000
7036 12.881896 13.441978 -98.264465 0.000000
7037 13.932051 10.121490 -98.524498 0.000000
7070 -19.052805 26.353880 -94.573921 0.000000
7071 -21.483162 23.143406 -94.903969 0.000000
7072 -17.972645 23.073397 -95.644081 0.000000
7073 -16.872482 19.752907 -96.584213 0.000000
7074 -15.742317 16.422417 -97.394333 0.000000
7075 -14.682160 13.181940 -98.054436 0.000000
7076 -12.281808 16.422417 -97.894409 0.000000
7077 -8.801296 16.402414 -98.264465 0.000000
7078 -5.320783 16.372412 -98.524498 0.000000
7198 19.622887 -2.030299 -98.054436 0.000000
7199 19.582882 -6.060892 -97.894409 0.000000
7200 16.762468 -8.101192 -98.264465 0.000000
7201 13.932051 -10.121490 -98.524498 0.000000
7895 34.525082 53.797916 -76.921326 0.000000
7896 31.804682 51.927647 -79.341675 0.000000
7897 29.044275 49.977360 -81.622017 0.000000
7898 33.534935 45.016628 -82.782188 0.000000
7899 29.884398 46.506847 -83.352272 0.000000
7900 26.203856 47.907055 -83.792336 0.000000
7901 23.353437 45.786739 -85.802628 0.000000
7902 20.463013 43.576416 -87.662903 0.000000
7903 17.542583 41.296082 -89.383163 0.000000
7904 14.932198 39.375793 -90.713348 0.000000
7905 18.642744 38.095608 -90.573334 0.000000
7906 19.732904 34.845131 -91.653488 0.000000
7907 20.793062 31.554644 -92.603630 0.000000
7908 27.053984 32.024715 -90.803368 0.000000
7909 24.453598 30.124435 -92.183571 0.000000
7910 21.833214 28.194149 -93.443756 0.000000
7911 22.843363 24.833656 -94.153862 0.000000
7912 23.833508 21.433155 -94.743950 0.000000
7913 24.793648 18.012651 -95.204018 0.000000
7936 -32.834835 26.373882 -90.713348 0.000000
7937 -30.474485 29.504341 -90.573334 0.000000
7938 -27.043980 29.534348 -91.653488 0.000000
7939 -23.593473 29.524345 -92.603630 0.000000
7940 -22.093252 35.625248 -90.803368 0.000000
7941 -21.093105 32.564796 -92.183571 0.000000
7942 -20.072954 29.474339 -93.443756 0.000000
7943 -16.562437 29.394329 -94.153862 0.000000
7944 -13.021916 29.284311 -94.743950 0.000000
7945 -9.471395 29.144289 -95.204018 0.000000
8488 41.226070 50.477432 -75.861168 0.000000
8489 42.086197 47.046925 -77.581421 0.000000
8490 47.256958 46.696873 -74.761002 0.000000
8491 45.096638 45.136646 -77.021339 0.000000
9873 29.804388 58.638634 -75.341095 0.000000
9876 20.433008 56.188271 -80.181801 0.000000
9877 19.342848 59.528763 -78.001480 0.000000
9878 18.222681 62.769241 -75.711151 0.000000
9885 3.160465 55.188126 -83.352272 0.000000
9892 -10.641566 43.536407 -89.413162 0.000000
9893 -9.671424 40.565971 -90.903381 0.000000
9894 -3.060451 41.806156 -90.803368 0.000000
9895 -5.880866 39.685841 -91.613487 0.000000
9896 -8.681278 37.515522 -92.303589 0.000000
9897 -7.691132 34.455074 -93.573769 0.000000
9898 -6.680983 31.344614 -94.743950 0.000000
9899 -5.660833 28.204153 -95.784103 0.000000
9900 12.171792 37.455513 -91.933533 0.000000
9901 9.381381 35.475224 -93.043694 0.000000
9902 6.600972 33.444923 -94.023842 0.000000
9903 11.531697 28.884253 -95.053993 0.000000
9904 7.651126 30.144438 -95.053993 0.000000
9905 3.780556 31.344614 -94.903969 0.000000
9906 0.980144 29.234303 -95.644081 0.000000
9907 -1.820268 27.073986 -96.264168 0.000000
9908 -4.610679 24.883661 -96.764244 0.000000
9909 -3.570526 21.683191 -97.574364 0.000000
9910 -2.520371 18.442715 -98.264465 0.000000
9911 -1.470216 15.202237 -98.844551 0.000000
9912 5.200766 16.012358 -98.584511 0.000000
9913 2.400353 13.962054 -99.004570 0.000000
9914 -0.400059 11.891751 -99.304619 0.000000
9915 0.660097 8.621269 -99.644669 0.000000
9916 1.730255 5.320783 -99.854698 0.000000
9917 -1.070158 3.290485 -99.954720 0.000000
9918 2.800412 2.030299 -99.954720 0.000000
9982 -31.854689 23.143406 -91.933533 0.000000
9983 -30.834538 19.882925 -93.043694 0.000000
9984 -29.774382 16.612444 -94.023842 0.000000
9985 -23.913521 19.892927 -95.053993 0.000000
9986 -26.303873 16.592443 -95.053993 0.000000
9992 -18.322697 3.300486 -98.264465 0.000000
9993 -14.912196 3.300486 -98.844551 0.000000
9994 -13.622005 9.901457 -98.584511 0.000000
9995 -12.541847 6.590970 -99.004570 0.000000
9996 -11.441684 3.290485 -99.304619 0.000000
9997 -7.991176 3.290485 -99.644669 0.000000
9998 -4.530667 3.290485 -99.854698 0.000000
9999 -3.460510 0.000000 -99.954720 0.000000
10078 -5.600825 -6.580969 -99.644669 0.000000
10079 -4.530667 -3.290485 -99.854698 0.000000
10080 -1.070158 -3.290485 -99.954720 0.000000
10153 15.632300 -15.442274 -97.574364 0.000000
10154 12.881896 -13.441978 -98.264465 0.000000
10155 10.121490 -11.431683 -98.844551 0.000000
10157 6.270924 -12.701871 -99.004570 0.000000
10158 7.321078 -9.391383 -99.304619 0.000000
10159 4.530667 -7.361084 -99.644669 0.000000
10160 1.730255 -5.320783 -99.854698 0.000000
10161 2.800412 -2.030299 -99.954720 0.000000
10224 25.073690 14.102077 -95.784103 0.000000
10233 22.233273 12.071776 -96.764244 0.000000
10234 19.512873 10.091486 -97.574364 0.000000
10235 16.762468 8.101192 -98.264465 0.000000
10236 14.002061 6.090896 -98.844551 0.000000
10237 16.832478 0.000000 -98.584511 0.000000
10238 14.022064 2.030299 -99.004570 0.000000
10239 11.191648 4.060598 -99.304619 0.000000
10240 8.401237 2.030299 -99.644669 0.000000
10241 5.600825 0.000000 -99.854698 0.000000
