#!ascii label, from subject  
1266
6 -27.644068 -85.082527 -44.726585 0.000000
10 -89.453171 0.000000 -44.726585 0.000000
30 -58.788658 -80.911911 0.000000 0.000000
31 -68.830132 -50.007362 -52.577736 0.000000
34 26.293869 -80.911911 -52.577736 0.000000
39 -52.577736 0.000000 -85.082527 0.000000
40 -16.252392 -50.007362 -85.082527 0.000000
83 -82.272110 -25.993826 -50.577446 0.000000
84 -63.829395 -26.293869 -72.370651 0.000000
85 -73.830864 0.000000 -67.469933 0.000000
86 -0.700103 -86.282700 -50.577446 0.000000
87 5.280777 -68.830132 -72.370651 0.000000
88 -22.813358 -70.210342 -67.469933 0.000000
130 -44.926617 -86.282700 -23.253424 0.000000
131 -50.147381 -70.210342 -50.577446 0.000000
132 -67.089867 -68.830132 -27.644068 0.000000
133 -86.192688 -42.536259 -27.644068 0.000000
135 -30.904547 -95.124001 0.000000 0.000000
136 -14.372116 -96.204163 -23.253424 0.000000
154 -44.726585 -52.577736 -72.370651 0.000000
155 -36.185326 -26.293869 -89.453171 0.000000
203 -86.692764 -13.121931 -48.117085 0.000000
204 -79.081642 -13.171938 -59.798801 0.000000
206 -14.312106 -86.502731 -48.117085 0.000000
207 -11.911754 -79.271660 -59.798801 0.000000
208 -25.473751 -78.391533 -56.638336 0.000000
284 -52.357708 -84.402420 -11.731727 0.000000
285 -56.588333 -78.361534 -25.713783 0.000000
286 -63.719379 -75.801163 -13.992060 0.000000
297 -45.406685 -89.113113 0.000000 0.000000
298 -38.305637 -91.633484 -11.741728 0.000000
305 -0.280041 -96.654228 -25.713783 0.000000
306 -7.251067 -99.054581 -11.731727 0.000000
338 -60.058842 -60.688934 -52.077667 0.000000
339 -47.927055 -62.029129 -62.109142 0.000000
340 -57.488464 -51.937645 -63.259312 0.000000
341 -58.928677 -13.311960 -79.701729 0.000000
342 -50.677460 -26.643923 -82.002068 0.000000
343 -44.936615 -13.311960 -88.353012 0.000000
344 -32.084724 -13.281955 -93.793808 0.000000
345 -40.345940 0.000000 -91.513474 0.000000
349 -5.550817 -60.158852 -79.701729 0.000000
351 -1.230181 -46.846897 -88.353012 0.000000
353 -12.461835 -38.365646 -91.513474 0.000000
405 -70.720406 -70.720406 0.000000 0.000000
437 -76.281235 -38.365646 -52.077667 0.000000
438 -67.159889 -38.625687 -63.259312 0.000000
439 -73.810860 -26.413887 -62.109142 0.000000
440 -69.540237 -13.281955 -70.640404 0.000000
441 -63.819397 0.000000 -77.011337 0.000000
442 12.921903 -84.402420 -52.077667 0.000000
443 15.982352 -75.801163 -63.259312 0.000000
444 2.310340 -78.361534 -62.109142 0.000000
445 -8.861305 -70.240341 -70.640404 0.000000
446 -19.722902 -60.688934 -77.011337 0.000000
550 -36.635391 -86.502731 -34.315052 0.000000
551 -39.265778 -78.391533 -48.117085 0.000000
552 -48.157089 -79.271660 -37.395504 0.000000
553 -59.228718 -70.240341 -39.515816 0.000000
554 -68.810135 -60.158852 -40.615978 0.000000
555 -75.001038 -64.669525 -14.012063 0.000000
556 -77.671440 -56.438309 -28.014122 0.000000
557 -78.481552 -46.846897 -40.615978 0.000000
558 -85.102524 -34.625095 -39.515816 0.000000
559 -90.283295 -21.303135 -37.395504 0.000000
566 -22.873365 -96.654228 -11.741728 0.000000
567 -30.034422 -92.443611 -23.553467 0.000000
568 -21.213121 -91.513474 -34.315052 0.000000
576 20.302988 -89.113113 -40.615978 0.000000
577 6.630976 -91.633484 -39.515816 0.000000
578 -7.631124 -92.443611 -37.395504 0.000000
616 -36.955441 -71.140480 -59.798801 0.000000
617 -34.125023 -62.029129 -70.640404 0.000000
618 -30.864544 -51.937645 -79.701729 0.000000
619 -55.008099 -39.965881 -73.340790 0.000000
620 -41.006035 -39.965881 -82.002068 0.000000
621 -26.543907 -38.625687 -88.353012 0.000000
622 -22.543320 -26.413887 -93.793808 0.000000
623 -18.122667 -13.171938 -97.474350 0.000000
683 -88.282997 -6.580969 -46.536850 0.000000
684 -84.842491 -6.580969 -52.547733 0.000000
686 -21.023094 -85.992653 -46.536850 0.000000
687 -19.952936 -82.722176 -52.547733 0.000000
688 -26.623920 -81.932060 -50.807484 0.000000
764 -55.708199 -82.852203 -5.880866 0.000000
765 -58.188564 -80.311821 -12.901898 0.000000
766 -61.449047 -78.601570 -7.021034 0.000000
775 -55.768211 -82.722176 7.021034 0.000000
776 -49.067219 -86.862785 7.021034 0.000000
777 -52.257690 -85.272545 0.000000 0.000000
778 -49.007214 -86.982803 -5.880866 0.000000
785 -0.130019 -99.174591 -12.901898 0.000000
786 -3.630534 -99.774689 -5.880866 0.000000
818 -64.599510 -55.478168 -52.457722 0.000000
819 -58.928677 -56.458309 -57.818512 0.000000
820 -63.349331 -51.127529 -58.098553 0.000000
821 -55.928230 -6.670981 -82.642174 0.000000
822 -52.107674 -13.351965 -84.312416 0.000000
823 -48.907196 -6.670981 -86.982803 0.000000
824 -42.746288 -6.670981 -90.173279 0.000000
825 -46.576855 0.000000 -88.513031 0.000000
829 -10.931609 -55.258133 -82.642174 0.000000
830 -3.400501 -53.687908 -84.312416 0.000000
831 -8.761290 -48.577148 -86.982803 0.000000
832 -6.861010 -42.716286 -90.173279 0.000000
833 -14.392118 -44.296520 -88.513031 0.000000
968 -79.471695 -32.254749 -51.447575 0.000000
969 -75.281075 -32.494785 -57.278435 0.000000
970 -78.241516 -26.273867 -56.488319 0.000000
971 -76.701294 -6.600972 -63.839397 0.000000
972 -74.500961 -13.261951 -65.389633 0.000000
973 -71.870583 -6.660981 -69.230194 0.000000
974 -66.889847 -6.660981 -74.060898 0.000000
975 -68.990158 0.000000 -72.410652 0.000000
976 6.120901 -85.542587 -51.447575 0.000000
977 7.641125 -81.632019 -57.278435 0.000000
978 0.810119 -82.532150 -56.488319 0.000000
979 -17.422565 -74.991043 -63.839397 0.000000
980 -10.411532 -74.951035 -65.389633 0.000000
981 -15.872337 -70.410370 -69.230194 0.000000
982 -14.332109 -65.669670 -74.060898 0.000000
983 -21.313137 -65.609657 -72.410652 0.000000
1214 -40.876015 -86.602745 -28.854248 0.000000
1215 -42.496254 -83.092232 -35.945290 0.000000
1216 -46.696873 -83.052223 -30.424479 0.000000
1217 -61.999123 -73.780861 -26.743937 0.000000
1218 -58.098553 -74.540970 -32.724819 0.000000
1219 -63.319317 -69.710266 -33.664955 0.000000
1220 -64.169449 -65.359619 -40.165913 0.000000
1221 -68.160034 -64.689522 -34.235039 0.000000
1223 -73.090752 -67.909996 -7.021034 0.000000
1225 -85.722618 -47.096931 -20.893076 0.000000
1226 -81.451996 -54.077965 -21.083103 0.000000
1227 -82.212105 -49.647308 -27.924109 0.000000
1228 -78.321526 -51.807625 -34.425064 0.000000
1229 -82.592163 -44.836601 -34.235039 0.000000
1230 -81.992073 -40.836014 -40.165913 0.000000
1231 -85.872643 -38.675694 -33.664955 0.000000
1233 -91.383446 -25.523758 -31.634657 0.000000
1248 -34.735111 -93.523766 7.031035 0.000000
1252 -23.343437 -97.254311 0.000000 0.000000
1253 -19.302843 -97.954414 -5.890867 0.000000
1254 -26.953966 -96.134155 -5.890867 0.000000
1255 -41.726143 -89.183136 -17.542583 0.000000
1256 -34.265041 -92.283585 -17.692604 0.000000
1257 -37.605534 -89.653198 -23.473455 0.000000
1258 -33.414917 -89.693207 -29.004269 0.000000
1274 17.112520 -92.403603 -34.235039 0.000000
1275 13.501988 -90.593338 -40.165913 0.000000
1276 10.251509 -93.613777 -33.664955 0.000000
1277 -7.341080 -96.674232 -24.543612 0.000000
1278 -3.970585 -94.793953 -31.634657 0.000000
1279 -11.041625 -94.633934 -30.424479 0.000000
1280 -14.452127 -92.203568 -35.945290 0.000000
1281 -17.832624 -94.083847 -28.854248 0.000000
1373 -44.816597 -74.480965 -49.467281 0.000000
1374 -38.205624 -74.951035 -54.087959 0.000000
1375 -43.696430 -70.910439 -55.368153 0.000000
1376 -46.446835 -57.458458 -67.409927 0.000000
1377 -41.156059 -62.239166 -66.599800 0.000000
1378 -39.525818 -57.458458 -71.690552 0.000000
1379 -32.574795 -57.118408 -75.361092 0.000000
1380 -37.915581 -52.417717 -76.271233 0.000000
1381 -65.699677 -32.554794 -68.020012 0.000000
1382 -61.279018 -39.415802 -68.520088 0.000000
1383 -59.618774 -33.234890 -73.100754 0.000000
1384 -43.576416 -26.553909 -86.012665 0.000000
1385 -45.996769 -33.414917 -82.282120 0.000000
1386 -38.725700 -33.234890 -86.012665 0.000000
1387 -33.874985 -39.415802 -85.442581 0.000000
1388 -31.464630 -32.554794 -89.183136 0.000000
1389 -24.603622 -32.594799 -91.293434 0.000000
1390 -29.444334 -26.423889 -91.863518 0.000000
1391 -29.784386 -6.660981 -95.244026 0.000000
1392 -25.173708 -13.261951 -95.884117 0.000000
1393 -22.803356 -6.600972 -97.154297 0.000000
1404 10.661570 -72.540680 -68.020012 0.000000
1517 -84.682465 -19.602886 -49.467281 0.000000
1518 -80.941917 -19.642891 -55.368153 0.000000
1519 -83.092232 -13.171938 -54.087959 0.000000
1520 -80.951920 -6.600972 -58.358593 0.000000
1522 -7.521107 -86.602745 -49.467281 0.000000
1523 -6.330932 -83.052223 -55.368153 0.000000
1524 -13.141934 -83.092232 -54.087959 0.000000
1525 -18.742758 -79.031631 -58.358593 0.000000
1526 -24.203564 -74.480965 -62.209156 0.000000
1664 -48.757175 -85.542587 -17.532581 0.000000
1665 -50.887497 -82.532150 -24.543612 0.000000
1666 -54.648045 -81.632019 -18.782766 0.000000
1667 -60.298878 -77.271378 -19.902929 0.000000
1668 -65.609657 -72.540680 -20.883076 0.000000
1674 -89.333153 -36.165325 -26.743937 0.000000
1686 -41.996185 -90.493324 7.021034 0.000000
1687 -38.275635 -92.403603 0.000000 0.000000
1688 -34.695107 -93.613777 -5.890867 0.000000
1689 -41.956177 -90.593338 -5.890867 0.000000
1690 -45.476696 -88.292999 -11.781734 0.000000
1703 -3.780556 -98.164452 -18.782766 0.000000
1704 -10.841596 -97.864403 -17.532581 0.000000
1760 -55.238129 -65.609657 -51.447575 0.000000
1761 -49.157234 -66.289757 -56.488319 0.000000
1762 -54.167973 -61.559055 -57.278435 0.000000
1763 -52.837776 -57.118408 -62.839252 0.000000
1764 -51.267548 -52.417717 -68.020012 0.000000
1765 -61.569061 -19.862923 -76.271233 0.000000
1766 -57.448460 -26.553909 -77.441399 0.000000
1767 -54.978092 -20.042950 -81.111938 0.000000
1768 -47.957062 -20.042950 -85.442581 0.000000
1769 -40.685989 -19.862923 -89.183136 0.000000
1770 -34.225040 -19.832920 -91.863518 0.000000
1771 -38.605686 -13.331964 -91.293434 0.000000
1772 -36.325348 -6.660981 -92.943680 0.000000
1773 -33.914993 0.000000 -94.083847 0.000000
1779 -0.140021 -64.689522 -76.271233 0.000000
1780 7.501105 -62.839252 -77.441399 0.000000
1781 2.070305 -58.478607 -81.111938 0.000000
1787 -10.481544 -32.254749 -94.083847 0.000000
1904 -61.589069 -78.581566 5.880866 0.000000
1905 -64.949562 -76.051193 0.000000 0.000000
1979 -72.730698 -44.296520 -52.457722 0.000000
1980 -68.200043 -44.456543 -58.098553 0.000000
1981 -71.910583 -38.595680 -57.818512 0.000000
1982 -70.650398 -32.594799 -62.839252 0.000000
1983 -68.990158 -26.423889 -67.409927 0.000000
1984 -76.641289 -19.842920 -61.118996 0.000000
1985 -71.910583 -19.912931 -66.599800 0.000000
1986 -66.859840 -19.832920 -71.690552 0.000000
1987 -64.389481 -13.331964 -75.361092 0.000000
1988 -61.529053 -6.670981 -78.561562 0.000000
1989 -58.338585 0.000000 -81.241959 0.000000
1990 19.652893 -82.852203 -52.457722 0.000000
1991 21.203119 -78.601570 -58.098553 0.000000
1992 14.492133 -80.311821 -57.818512 0.000000
1993 9.171350 -77.271378 -62.839252 0.000000
1994 3.800559 -73.780861 -67.409927 0.000000
1995 -4.810708 -79.021629 -61.118996 0.000000
1996 -3.280483 -74.540970 -66.599800 0.000000
1997 -1.790264 -69.710266 -71.690552 0.000000
1998 -7.221063 -65.359619 -75.361092 0.000000
1999 -12.671865 -60.578918 -78.561562 0.000000
2000 -18.022654 -55.478168 -81.241959 0.000000
2289 -91.743500 -4.060598 -39.615833 0.000000
2290 -32.214745 -85.992653 -39.615833 0.000000
2291 -33.534935 -81.932060 -46.536850 0.000000
2292 -38.075603 -82.722176 -41.356091 0.000000
2293 -43.826450 -79.031631 -42.856308 0.000000
2294 -49.317257 -74.991043 -44.136497 0.000000
2295 -52.507725 -79.021629 -31.634657 0.000000
2296 -53.837925 -74.951035 -38.555679 0.000000
2297 -54.828072 -70.410370 -45.166649 0.000000
2298 -59.828812 -65.669670 -45.936764 0.000000
2299 -64.599510 -60.578918 -46.466839 0.000000
2300 -69.030159 -55.258133 -46.736877 0.000000
2301 -67.449921 -73.510818 -7.021034 0.000000
2302 -69.580238 -70.460373 -14.042068 0.000000
2303 -71.280495 -66.969856 -20.893076 0.000000
2304 -80.111794 -58.208569 -14.052068 0.000000
2305 -76.601280 -60.758945 -21.083103 0.000000
2306 -72.620689 -62.839252 -27.924109 0.000000
2307 -73.470818 -58.478607 -34.425064 0.000000
2308 -73.890877 -53.687908 -40.745998 0.000000
2309 -73.880867 -48.577148 -46.736877 0.000000
2310 -77.581421 -42.716286 -46.466839 0.000000
2311 -80.941917 -36.605389 -45.936764 0.000000
2312 -83.902351 -30.384472 -45.166649 0.000000
2313 -88.853081 -32.214745 -32.724819 0.000000
2314 -87.922943 -28.034126 -38.555679 0.000000
2315 -86.562737 -23.723494 -44.136497 0.000000
2316 -88.703056 -17.252539 -42.856308 0.000000
2317 -90.443314 -10.651567 -41.356091 0.000000
2336 -11.481689 -99.174591 -5.880866 0.000000
2337 -15.112225 -98.164452 -11.781734 0.000000
2338 -18.672749 -96.674232 -17.542583 0.000000
2339 -30.694517 -94.453903 -11.781734 0.000000
2340 -26.523903 -94.793953 -17.692604 0.000000
2341 -22.273279 -94.633934 -23.473455 0.000000
2342 -25.683781 -92.203568 -29.004269 0.000000
2343 -29.014271 -89.303146 -34.425064 0.000000
2344 -24.483604 -88.513031 -39.615833 0.000000
2364 23.373442 -85.272545 -46.736877 0.000000
2365 16.652451 -86.982803 -46.466839 0.000000
2366 9.801443 -88.292999 -45.936764 0.000000
2367 2.970437 -89.183136 -45.166649 0.000000
2368 3.190470 -94.453903 -32.724819 0.000000
2369 -0.510075 -92.283585 -38.555679 0.000000
2370 -4.180615 -89.653198 -44.136497 0.000000
2371 -11.001619 -89.693207 -42.856308 0.000000
2372 -17.822622 -89.303146 -41.356091 0.000000
2462 -61.529053 6.670981 -78.561562 0.000000
2463 -55.928230 6.670981 -82.642174 0.000000
2473 -42.746288 6.670981 -90.173279 0.000000
2474 -36.325348 6.660981 -92.943680 0.000000
2482 -32.474781 -78.651581 -52.547733 0.000000
2483 -31.294607 -74.951035 -58.358593 0.000000
2484 -29.984415 -70.910439 -63.839397 0.000000
2485 -42.556263 -66.759827 -61.118996 0.000000
2486 -35.635246 -66.759827 -65.389633 0.000000
2487 -28.544203 -66.289757 -69.230194 0.000000
2488 -27.003977 -61.559055 -74.060898 0.000000
2489 -25.363733 -56.458309 -78.561562 0.000000
2490 -23.633480 -51.127529 -82.642174 0.000000
2491 -62.529202 -45.436687 -63.469341 0.000000
2492 -56.428303 -46.096786 -68.520088 0.000000
2493 -50.037365 -46.426834 -73.100754 0.000000
2494 -53.027805 -33.414917 -77.941475 0.000000
2495 -48.167091 -40.105904 -77.941475 0.000000
2496 -43.006332 -46.426834 -77.441399 0.000000
2497 -36.045307 -46.096786 -81.111938 0.000000
2498 -28.804239 -45.436687 -84.312416 0.000000
2499 -21.463158 -44.456543 -86.982803 0.000000
2500 -19.552877 -38.595680 -90.173279 0.000000
2501 -17.562586 -32.494785 -92.943680 0.000000
2502 -15.532287 -26.273867 -95.244026 0.000000
2503 -27.404034 -19.912931 -94.103859 0.000000
2504 -20.393002 -19.842920 -95.884117 0.000000
2505 -13.331964 -19.642891 -97.154297 0.000000
2603 -88.923096 -3.290485 -45.656719 0.000000
2604 -87.292847 -3.290485 -48.707169 0.000000
2606 -24.353584 -85.592590 -45.656719 0.000000
2607 -23.843510 -84.032372 -48.707169 0.000000
2608 -27.143997 -83.552299 -47.797035 0.000000
2684 -57.278435 -81.932060 -2.940433 0.000000
2685 -58.608631 -80.781891 -6.450949 0.000000
2686 -60.158852 -79.821747 -3.510517 0.000000
2695 -57.318436 -81.882057 3.510517 0.000000
2696 -54.057957 -84.072372 3.510517 0.000000
2697 -55.568176 -83.162247 0.000000 0.000000
2698 -54.017948 -84.122383 -2.940433 0.000000
2738 -66.749825 -52.777771 -52.547733 0.000000
2739 -64.019424 -53.337849 -55.308136 0.000000
2740 -66.139732 -50.607449 -55.378147 0.000000
2741 -54.297993 -3.340492 -83.922356 0.000000
2742 -52.467728 -6.680983 -84.892494 0.000000
2743 -50.787476 -3.340492 -86.092674 0.000000
2744 -47.777035 -3.340492 -87.802925 0.000000
2745 -49.607300 0.000000 -86.842789 0.000000
2748 27.694075 -78.541557 -55.378147 0.000000
2749 -13.602003 -52.667751 -83.922356 0.000000
2750 -9.861451 -51.957649 -84.892494 0.000000
2751 -12.511842 -49.327259 -86.092674 0.000000
2752 -11.581705 -46.466839 -87.802925 0.000000
2753 -15.332257 -47.176945 -86.842789 0.000000
2888 -80.921906 -29.144289 -51.047516 0.000000
2889 -78.911613 -29.284311 -54.017948 0.000000
2890 -80.311821 -26.143850 -53.567886 0.000000
2891 -75.331085 -3.300486 -65.709671 0.000000
2892 -74.330940 -6.630976 -66.579803 0.000000
2893 -72.890724 -3.330490 -68.400070 0.000000
2894 -70.480377 -3.330490 -70.880440 0.000000
2895 -71.450523 0.000000 -69.980301 0.000000
2896 2.710399 -85.962654 -51.047516 0.000000
2897 3.470511 -84.102386 -54.017948 0.000000
2898 0.050007 -84.462433 -53.567886 0.000000
2899 -20.132963 -72.660690 -65.709671 0.000000
2900 -16.662453 -72.750710 -66.579803 0.000000
2901 -19.362850 -70.360359 -68.400070 0.000000
2902 -18.612740 -68.060013 -70.880440 0.000000
2903 -22.083250 -67.950005 -69.980301 0.000000
3134 -42.926315 -86.492729 -26.063837 0.000000
3135 -43.816452 -84.872498 -29.654366 0.000000
3136 -45.846748 -84.732475 -26.853952 0.000000
3137 -64.589508 -71.350510 -27.214006 0.000000
3138 -62.709229 -71.810577 -30.234451 0.000000
3139 -65.249611 -69.320198 -30.674513 0.000000
3140 -65.779678 -67.239891 -33.975002 0.000000
3141 -67.679962 -66.809830 -30.964558 0.000000
3145 -86.032661 -44.856606 -24.293575 0.000000
3146 -84.032372 -48.417126 -24.433596 0.000000
3147 -84.272408 -46.136787 -27.804092 0.000000
3148 -82.462143 -47.276958 -31.104578 0.000000
3149 -84.452431 -43.716434 -30.964558 0.000000
3150 -84.282410 -41.786152 -33.975002 0.000000
3151 -86.082672 -40.635983 -30.674513 0.000000
3168 -32.844833 -94.403893 3.520518 0.000000
3170 -28.914255 -95.684090 3.520518 0.000000
3172 -27.143997 -96.264168 0.000000 0.000000
3173 -25.163704 -96.754242 -2.950434 0.000000
3174 -28.954264 -95.684090 -2.950434 0.000000
3175 -43.356380 -87.792923 -20.413004 0.000000
3176 -39.685841 -89.483170 -20.523022 0.000000
3177 -41.296082 -88.042961 -23.383442 0.000000
3178 -39.265778 -88.182976 -26.183853 0.000000
3195 13.692015 -93.063698 -33.975002 0.000000
3196 12.041773 -94.433899 -30.674513 0.000000
3197 -10.861599 -96.504211 -23.913521 0.000000
3198 -9.191353 -95.714096 -27.504049 0.000000
3199 -12.711872 -95.494057 -26.853952 0.000000
3200 -14.442126 -94.413902 -29.654366 0.000000
3201 -16.112371 -95.204018 -26.063837 0.000000
3293 -47.506992 -72.390656 -50.047367 0.000000
3294 -44.276520 -72.740700 -52.447720 0.000000
3295 -46.956913 -70.620399 -53.017803 0.000000
3296 -45.616714 -55.048103 -69.940292 0.000000
3297 -43.026333 -57.498463 -69.610245 0.000000
3298 -42.156208 -55.048103 -72.080612 0.000000
3299 -38.745705 -54.968090 -74.030891 0.000000
3300 -41.356091 -52.537735 -74.380951 0.000000
3301 -64.809540 -29.444334 -70.250343 0.000000
3302 -62.709229 -32.924847 -70.620399 0.000000
3303 -61.779091 -29.794384 -72.800720 0.000000
3304 -39.915874 -26.443893 -87.812927 0.000000
3305 -41.186062 -29.924404 -86.092674 0.000000
3306 -37.485516 -29.794384 -87.812927 0.000000
3307 -35.115170 -32.924847 -87.662903 0.000000
3308 -33.844982 -29.444334 -89.383163 0.000000
3309 -30.474485 -29.504341 -90.573334 0.000000
3310 -32.834835 -26.373882 -90.713348 0.000000
3311 -28.574205 -3.330490 -95.784103 0.000000
3312 -26.313873 -6.630976 -96.264168 0.000000
3313 -25.083694 -3.300486 -96.764244 0.000000
3324 7.981175 -70.740417 -70.250343 0.000000
3325 11.931757 -69.810280 -70.620399 0.000000
3326 9.241360 -67.959999 -72.800720 0.000000
3488 -85.742615 -16.372412 -48.817184 0.000000
3489 -83.952362 -16.402414 -51.817631 0.000000
3490 -84.942505 -13.161939 -51.137527 0.000000
3491 -83.702324 -3.290485 -54.638042 0.000000
3492 -82.942207 -6.590970 -55.488163 0.000000
3493 -81.742035 -3.300486 -57.538467 0.000000
3494 -79.701729 -3.300486 -60.328884 0.000000
3496 -10.921608 -86.602745 -48.817184 0.000000
3497 -10.341522 -84.912491 -51.817631 0.000000
3498 -13.732021 -84.852486 -51.137527 0.000000
3499 -22.733345 -80.621872 -54.638042 0.000000
3500 -19.362850 -80.921906 -55.488163 0.000000
3501 -22.123257 -78.761597 -57.538467 0.000000
3502 -21.483162 -76.821312 -60.328884 0.000000
3503 -24.853659 -76.481262 -59.458752 0.000000
3734 -50.587448 -85.022507 -14.642156 0.000000
3735 -51.737614 -83.642319 -18.172674 0.000000
3736 -53.537884 -83.082230 -15.272248 0.000000
3737 -60.998978 -78.111496 -13.451980 0.000000
3738 -59.298725 -78.851601 -16.412416 0.000000
3739 -62.049133 -76.581276 -16.952494 0.000000
3740 -62.999271 -74.951035 -20.403004 0.000000
3741 -64.719528 -74.230927 -17.452570 0.000000
3768 -47.276958 -88.062965 3.510517 0.000000
3769 -45.566704 -88.753059 7.031035 0.000000
3770 -43.736439 -89.873230 3.520518 0.000000
3771 -40.165913 -91.523468 3.520518 0.000000
3772 -41.876167 -90.823364 0.000000 0.000000
3773 -40.145908 -91.553474 -2.940433 0.000000
3774 -43.706436 -89.913239 -2.940433 0.000000
3775 -50.717464 -85.752625 -8.811297 0.000000
3776 -47.266960 -87.692909 -8.831300 0.000000
3777 -48.957203 -86.412720 -11.761731 0.000000
3778 -47.146938 -86.972801 -14.662157 0.000000
3797 -3.690543 -99.184601 -12.321814 0.000000
3798 -1.950287 -98.734535 -15.852334 0.000000
3799 -5.520813 -98.684525 -15.272248 0.000000
3800 -7.311076 -98.074432 -18.172674 0.000000
3801 -9.051332 -98.524498 -14.642156 0.000000
3893 -57.678490 -63.189301 -51.797626 0.000000
3894 -54.738056 -63.619366 -54.398006 0.000000
3895 -57.158417 -61.169003 -54.718052 0.000000
3896 -58.248577 -54.227985 -60.578918 0.000000
3897 -55.928230 -56.838367 -60.378887 0.000000
3898 -55.198128 -54.558029 -63.079285 0.000000
3899 -52.087666 -54.808067 -65.469635 0.000000
3900 -54.418011 -52.217686 -65.689667 0.000000
3901 -60.298878 -16.602442 -78.051491 0.000000
3902 -58.318584 -19.962938 -78.761597 0.000000
3903 -56.998386 -16.692455 -80.471848 0.000000
3904 -48.567146 -13.341963 -86.412720 0.000000
3905 -50.077370 -16.712460 -84.952499 0.000000
3906 -46.486843 -16.692455 -86.972801 0.000000
3907 -44.356533 -19.962938 -87.382866 0.000000
3908 -42.846306 -16.602442 -88.833076 0.000000
3909 -39.675838 -16.602442 -90.293289 0.000000
3910 -41.796154 -13.321961 -89.883232 0.000000
3911 -41.576118 -3.340492 -90.903381 0.000000
3912 -39.565823 -6.670981 -91.613487 0.000000
3913 -38.365646 -3.330490 -92.303589 0.000000
3914 -35.145172 -3.330490 -93.573769 0.000000
3915 -37.155468 0.000000 -92.853668 0.000000
3924 -2.850420 -62.479198 -78.051491 0.000000
3925 0.970143 -61.639072 -78.761597 0.000000
3926 -1.740256 -59.368736 -80.471848 0.000000
3927 -2.320342 -50.307407 -86.412720 0.000000
3928 0.420062 -52.787773 -84.952499 0.000000
3929 1.510222 -49.367268 -86.972801 0.000000
3933 -0.240035 -43.866459 -89.883232 0.000000
3934 -9.671424 -40.565971 -90.903381 0.000000
3935 -5.880866 -39.685841 -91.613487 0.000000
3936 -8.681278 -37.515522 -92.303589 0.000000
3938 -11.481689 -35.335205 -92.853668 0.000000
4184 -62.879257 -77.271378 8.811297 0.000000
4185 -64.639519 -76.091202 5.890867 0.000000
4228 -60.038841 -79.431694 9.401383 0.000000
4343 -74.550972 -41.356091 -52.297695 0.000000
4344 -72.370651 -41.476105 -55.178120 0.000000
4345 -74.140907 -38.505669 -54.988094 0.000000
4346 -74.600975 -29.474339 -59.738792 0.000000
4347 -73.010750 -32.564796 -60.098846 0.000000
4348 -72.270630 -29.524345 -62.509201 0.000000
4349 -69.880287 -29.534348 -65.179596 0.000000
4350 -71.450523 -26.433889 -64.799538 0.000000
4351 -80.071785 -16.422417 -57.628487 0.000000
4352 -78.841599 -19.752907 -58.278580 0.000000
4353 -77.911469 -16.512430 -60.498909 0.000000
4354 -72.070610 -13.281955 -68.060013 0.000000
4355 -73.250778 -16.592443 -66.039719 0.000000
4356 -70.780426 -16.612444 -68.680107 0.000000
4357 -69.430222 -19.882925 -69.190186 0.000000
4358 -68.240044 -16.572439 -71.210487 0.000000
4359 -65.679665 -16.592443 -73.580833 0.000000
4360 -67.009865 -13.311960 -73.050751 0.000000
4361 -65.399628 -3.330490 -75.591125 0.000000
4362 -64.249466 -6.670981 -76.361237 0.000000
4363 -62.719231 -3.340492 -77.841461 0.000000
4364 -59.978825 -3.340492 -79.961769 0.000000
4365 -61.108994 0.000000 -79.171654 0.000000
4366 16.292398 -83.682327 -52.297695 0.000000
4367 17.082514 -81.652016 -55.178120 0.000000
4368 13.712018 -82.412132 -54.988094 0.000000
4369 4.980733 -80.061783 -59.738792 0.000000
4370 8.411238 -79.501701 -60.098846 0.000000
4371 5.740845 -77.861458 -62.509201 0.000000
4372 6.490956 -75.581123 -65.179596 0.000000
4373 3.060451 -76.121208 -64.799538 0.000000
4374 -9.131344 -81.231956 -57.628487 0.000000
4375 -5.570820 -81.091942 -58.278580 0.000000
4376 -8.371232 -79.201653 -60.498909 0.000000
4377 -9.641419 -72.640694 -68.060013 0.000000
4378 -6.851008 -74.801010 -66.039719 0.000000
4379 -6.080895 -72.450661 -68.680107 0.000000
4380 -2.540374 -72.180626 -69.190186 0.000000
4381 -5.330785 -70.020309 -71.210487 0.000000
4382 -4.510664 -67.589951 -73.580833 0.000000
4383 -8.041183 -67.839989 -73.050751 0.000000
4384 -17.042507 -63.229309 -75.591125 0.000000
4385 -13.511990 -63.169304 -76.361237 0.000000
4386 -16.202385 -60.678932 -77.841461 0.000000
4387 -15.362262 -58.078548 -79.961769 0.000000
4388 -18.882780 -58.118557 -79.171654 0.000000
5084 -34.445068 -86.302704 -36.985443 0.000000
5085 -35.165176 -84.412430 -40.505962 0.000000
5086 -37.385506 -84.682465 -37.865574 0.000000
5087 -45.356674 -81.231956 -36.695400 0.000000
5088 -43.196358 -81.131943 -39.435806 0.000000
5089 -46.016773 -79.201653 -40.155910 0.000000
5090 -46.596859 -77.051346 -43.526409 0.000000
5091 -48.777176 -77.191360 -40.796005 0.000000
5092 -53.767914 -80.491844 -25.143700 0.000000
5093 -51.737614 -80.841904 -28.114140 0.000000
5094 -54.588032 -78.741585 -28.694225 0.000000
5095 -58.708641 -72.450661 -36.145321 0.000000
5096 -55.998241 -74.801010 -35.665249 0.000000
5097 -56.568325 -72.640694 -39.065750 0.000000
5098 -54.378002 -72.740700 -41.896168 0.000000
5099 -57.058403 -70.370361 -42.366238 0.000000
5100 -57.358440 -68.080025 -45.576710 0.000000
5101 -59.578773 -68.010010 -42.766293 0.000000
5102 -66.529793 -62.799244 -40.415951 0.000000
5103 -64.439484 -63.019279 -43.346382 0.000000
5104 -66.749825 -60.408890 -43.566414 0.000000
5105 -66.859840 -57.948528 -46.626862 0.000000
5106 -68.970154 -57.748501 -43.706436 0.000000
5107 -67.889992 -73.440811 0.000000 0.000000
5108 -66.249748 -74.841019 -3.510517 0.000000
5109 -69.140175 -72.180626 -3.510517 0.000000
5110 -74.100906 -66.339760 -10.521549 0.000000
5111 -71.400513 -69.240196 -10.541552 0.000000
5112 -72.350647 -67.619957 -14.042068 0.000000
5113 -70.490379 -68.770126 -17.482573 0.000000
5114 -73.200768 -65.869698 -17.462572 0.000000
5117 -82.462143 -54.818066 -14.042068 0.000000
5118 -79.631714 -55.298141 -24.573616 0.000000
5119 -79.091637 -57.468460 -21.103107 0.000000
5120 -77.201370 -58.648628 -24.573616 0.000000
5121 -74.670990 -61.849102 -24.523609 0.000000
5122 -75.211067 -59.688789 -27.994122 0.000000
5123 -73.100754 -60.708939 -31.194590 0.000000
5124 -75.631134 -57.498463 -31.244600 0.000000
5125 -78.461548 -49.367268 -37.545528 0.000000
5126 -76.171219 -52.787773 -37.615540 0.000000
5127 -76.251221 -50.307407 -40.715992 0.000000
5128 -73.940887 -51.167534 -43.776443 0.000000
5129 -76.241226 -47.747028 -43.706436 0.000000
5130 -75.781158 -45.676723 -46.626862 0.000000
5131 -78.081497 -44.816597 -43.566414 0.000000
5132 -83.602310 -37.745560 -39.865868 0.000000
5133 -81.522003 -38.745705 -43.076340 0.000000
5134 -83.092232 -35.645245 -42.766293 0.000000
5135 -82.472137 -33.514931 -45.576710 0.000000
5136 -84.562454 -32.524788 -42.366238 0.000000
5138 -89.143127 -34.215034 -29.754381 0.000000
5140 -90.893379 -23.433451 -34.545086 0.000000
5141 -89.723206 -26.803947 -35.125172 0.000000
5142 -89.163124 -24.683634 -38.005596 0.000000
5143 -87.292847 -25.893810 -41.376095 0.000000
5144 -88.493027 -22.533318 -40.796005 0.000000
5145 -87.682907 -20.503017 -43.526409 0.000000
5146 -89.543182 -19.292841 -40.155910 0.000000
5148 -91.353447 -12.701871 -38.675694 0.000000
5150 -91.143417 -7.361084 -40.505962 0.000000
5198 -9.671424 -99.504646 -2.940433 0.000000
5199 -13.571999 -99.044579 -2.940433 0.000000
5200 -21.103107 -97.364334 -8.821300 0.000000
5201 -17.222534 -98.124443 -8.841302 0.000000
5202 -19.002798 -97.484352 -11.771733 0.000000
5203 -16.902487 -97.474350 -14.672159 0.000000
5204 -20.783060 -96.724236 -14.652158 0.000000
5205 -36.525375 -92.683640 -8.821300 0.000000
5206 -32.714813 -94.093849 -8.841302 0.000000
5207 -34.525082 -93.123711 -11.771733 0.000000
5208 -32.174740 -92.423599 -20.643040 0.000000
5209 -30.414476 -93.613777 -17.712608 0.000000
5210 -28.294167 -93.683792 -20.643040 0.000000
5211 -24.413593 -94.773956 -20.603033 0.000000
5212 -26.173853 -93.613777 -23.533464 0.000000
5213 -23.993532 -93.473755 -26.253862 0.000000
5214 -27.874102 -92.383591 -26.293869 0.000000
5215 -35.045158 -88.152977 -31.684664 0.000000
5216 -31.234598 -89.553185 -31.734671 0.000000
5217 -32.854836 -87.982956 -34.405067 0.000000
5218 -30.634510 -87.702911 -37.045456 0.000000
5264 21.853218 -87.262848 -43.706436 0.000000
5265 20.022947 -86.182686 -46.626862 0.000000
5266 18.492722 -88.102974 -43.566414 0.000000
5267 10.071483 -91.173416 -39.865868 0.000000
5268 11.661716 -89.503181 -43.076340 0.000000
5269 8.221210 -90.033257 -42.766293 0.000000
5270 6.390941 -88.793068 -45.576710 0.000000
5271 4.800707 -90.473320 -42.366238 0.000000
5272 3.260480 -96.454201 -26.243862 0.000000
5273 4.990735 -95.354042 -29.754381 0.000000
5274 1.460215 -95.634079 -29.234303 0.000000
5275 -5.800854 -93.683792 -34.545086 0.000000
5276 -2.240330 -93.613777 -35.125172 0.000000
5277 -4.070600 -92.423599 -38.005596 0.000000
5278 -2.350346 -91.023392 -41.376095 0.000000
5279 -5.910870 -91.123413 -40.796005 0.000000
5280 -7.591117 -89.723206 -43.526409 0.000000
5281 -9.321372 -91.123413 -40.155910 0.000000
5282 -17.842627 -91.913528 -35.155178 0.000000
5283 -16.152380 -90.813370 -38.675694 0.000000
5284 -19.532875 -90.483322 -37.865574 0.000000
5285 -21.163115 -88.963097 -40.505962 0.000000
5286 -22.863365 -90.063263 -36.985443 0.000000
5511 -58.768650 6.680983 -80.651871 0.000000
5558 -36.425362 -80.211807 -47.346970 0.000000
5559 -33.024860 -80.341827 -49.567295 0.000000
5560 -35.905289 -78.591568 -50.377419 0.000000
5561 -37.605534 -73.090752 -56.978390 0.000000
5562 -34.775120 -75.011040 -56.268284 0.000000
5563 -34.145027 -73.090752 -59.118698 0.000000
5564 -30.654512 -72.970741 -61.138996 0.000000
5565 -33.494930 -71.080460 -61.869106 0.000000
5566 -48.577148 -64.209457 -59.338734 0.000000
5567 -45.896755 -66.579803 -58.848663 0.000000
5568 -45.266666 -64.439484 -61.649075 0.000000
5569 -37.675549 -62.189156 -68.680107 0.000000
5570 -38.425659 -64.539497 -66.039719 0.000000
5571 -34.895138 -64.439484 -68.060013 0.000000
5572 -32.114727 -66.579803 -67.369919 0.000000
5573 -31.354614 -64.209457 -69.980301 0.000000
5574 -27.794092 -63.959415 -71.690552 0.000000
5575 -30.584501 -61.839104 -72.410652 0.000000
5576 -31.744675 -54.558029 -77.581421 0.000000
5577 -28.994268 -56.838367 -77.021339 0.000000
5578 -28.134142 -54.227985 -79.181656 0.000000
5579 -24.513609 -53.827927 -80.651871 0.000000
5580 -27.274015 -51.567593 -81.241959 0.000000
5581 -67.729973 -41.566120 -60.718937 0.000000
5582 -65.419632 -44.976624 -60.828953 0.000000
5583 -64.899551 -42.066193 -63.419338 0.000000
5584 -58.188564 -39.725845 -70.990456 0.000000
5585 -58.898674 -42.796295 -68.570091 0.000000
5586 -55.758209 -43.066338 -70.990456 0.000000
5587 -53.267841 -46.296818 -70.860435 0.000000
5588 -52.567738 -43.236362 -73.280785 0.000000
5589 -54.107967 -26.623920 -79.791748 0.000000
5590 -55.278133 -30.014418 -77.761444 0.000000
5591 -51.897640 -30.054424 -80.041779 0.000000
5592 -43.536407 -36.725403 -82.212105 0.000000
5593 -47.126938 -36.795418 -80.181801 0.000000
5594 -44.626572 -40.065895 -80.041779 0.000000
5595 -45.626717 -43.306374 -77.761444 0.000000
5596 -42.036186 -43.236362 -79.791748 0.000000
5597 -39.555820 -46.296818 -79.341675 0.000000
5598 -38.555679 -43.066338 -81.622017 0.000000
5599 -30.234451 -39.055748 -86.972801 0.000000
5600 -31.364618 -42.456245 -84.952499 0.000000
5601 -27.694075 -42.066193 -86.412720 0.000000
5602 -25.153704 -44.976624 -85.712616 0.000000
5603 -24.023537 -41.566120 -87.732918 0.000000
5604 -20.523022 -41.546116 -88.633049 0.000000
5605 -23.063395 -38.635689 -89.323151 0.000000
5606 -23.593473 -29.524345 -92.603630 0.000000
5607 -21.093105 -32.564796 -92.183571 0.000000
5608 -20.072954 -29.474339 -93.443756 0.000000
5609 -16.562437 -29.394329 -94.153862 0.000000
5610 -19.052805 -26.353880 -94.573921 0.000000
5611 -33.174881 -16.572439 -92.883667 0.000000
5612 -30.834538 -19.882925 -93.043694 0.000000
5613 -29.774382 -16.612444 -94.023842 0.000000
5614 -21.663189 -13.221947 -96.744247 0.000000
5615 -22.793354 -16.562437 -95.964134 0.000000
5616 -19.272837 -16.512430 -96.744247 0.000000
5617 -16.872482 -19.752907 -96.584213 0.000000
5618 -15.742317 -16.422417 -97.394333 0.000000
5619 -12.281808 -16.422417 -97.894409 0.000000
5620 -14.682160 -13.181940 -98.054436 0.000000
5649 18.602739 -77.261375 -60.718937 0.000000
5650 22.563322 -76.111198 -60.828953 0.000000
5651 19.952936 -74.721001 -63.419338 0.000000
5837 -87.542885 -9.851450 -47.346970 0.000000
5838 -85.842628 -9.861451 -50.377419 0.000000
5839 -86.612747 -6.580969 -49.567295 0.000000
5840 -85.542587 -3.290485 -51.707611 0.000000
5842 -17.682604 -86.302704 -47.346970 0.000000
5843 -17.152525 -84.682465 -50.377419 0.000000
5844 -20.503017 -84.412430 -49.567295 0.000000
5845 -23.303429 -82.382126 -51.707611 0.000000
5846 -26.063837 -80.211807 -53.757915 0.000000
5984 -54.067959 -83.682327 -8.811297 0.000000
5985 -55.308136 -82.412132 -12.321814 0.000000
5986 -56.988392 -81.652016 -9.401383 0.000000
5987 -59.858814 -79.501701 -9.961467 0.000000
5988 -62.629223 -77.261375 -10.511547 0.000000
6003 -54.127968 -83.442284 10.511547 0.000000
6004 -50.777477 -85.522583 10.511547 0.000000
6005 -52.457722 -84.862488 7.021034 0.000000
6006 -50.707470 -86.142677 3.510517 0.000000
6007 -48.867191 -87.262848 0.000000 0.000000
6008 -47.236954 -88.102974 -2.940433 0.000000
6009 -50.667461 -86.182686 -2.940433 0.000000
6010 -52.397709 -84.982513 -5.890867 0.000000
6023 -1.880277 -99.554657 -9.401383 0.000000
6024 -5.450802 -99.474640 -8.811297 0.000000
6080 -62.369183 -58.118557 -52.297695 0.000000
6081 -59.528763 -58.618626 -54.988094 0.000000
6082 -61.809093 -56.018250 -55.178120 0.000000
6083 -61.179005 -53.827927 -57.988537 0.000000
6084 -60.468903 -51.567593 -60.718937 0.000000
6085 -57.478462 -10.001472 -81.241959 0.000000
6086 -55.568176 -13.341963 -82.082085 0.000000
6087 -54.057957 -10.021475 -83.542305 0.000000
6088 -50.547443 -10.021475 -85.712616 0.000000
6089 -46.956913 -10.001472 -87.732918 0.000000
6090 -43.876457 -10.001472 -89.323151 0.000000
6091 -45.856750 -6.680983 -88.633049 0.000000
6092 -44.696583 -3.340492 -89.413162 0.000000
6093 -43.486401 0.000000 -90.063263 0.000000
6099 -8.251215 -57.748501 -81.241959 0.000000
6100 -4.480659 -56.968384 -82.082085 0.000000
6101 -7.171056 -54.508022 -83.542305 0.000000
6102 -6.090896 -51.167534 -85.712616 0.000000
6103 -5.000736 -47.747028 -87.732918 0.000000
6104 -4.050596 -44.816597 -89.323151 0.000000
6105 -7.821151 -45.676723 -88.633049 0.000000
6106 -10.641566 -43.536407 -89.413162 0.000000
6107 -13.441978 -41.356091 -90.063263 0.000000
6350 -77.921471 -35.335205 -51.797626 0.000000
6351 -75.841164 -35.455219 -54.718052 0.000000
6352 -77.421402 -32.394772 -54.398006 0.000000
6353 -76.811310 -29.394329 -56.918381 0.000000
6354 -76.071198 -26.353880 -59.338734 0.000000
6355 -77.951477 -9.891456 -61.869106 0.000000
6356 -76.841316 -13.221947 -62.639217 0.000000
6357 -75.651138 -9.941463 -64.659523 0.000000
6358 -73.250778 -9.961467 -67.369919 0.000000
6359 -70.750420 -9.971467 -69.980301 0.000000
6360 -68.270050 -9.981469 -72.410652 0.000000
6361 -69.420219 -6.660981 -71.690552 0.000000
6362 -67.980011 -3.330490 -73.280785 0.000000
6363 -66.439781 0.000000 -74.761002 0.000000
6364 9.521402 -85.022507 -51.797626 0.000000
6365 10.281513 -83.082230 -54.718052 0.000000
6366 6.881013 -83.642319 -54.398006 0.000000
6367 4.220621 -82.132095 -56.918381 0.000000
6368 1.560230 -80.491844 -59.338734 0.000000
6369 -14.682160 -77.191360 -61.869106 0.000000
6370 -11.171644 -77.161362 -62.639217 0.000000
6371 -13.922050 -75.021042 -64.659523 0.000000
6372 -13.151937 -72.740700 -67.369919 0.000000
6373 -12.371821 -70.370361 -69.980301 0.000000
6374 -11.601707 -68.010010 -72.410652 0.000000
6375 -15.112225 -68.080025 -71.690552 0.000000
6376 -17.832624 -65.679665 -73.280785 0.000000
6377 -20.533024 -63.189301 -74.761002 0.000000
6794 -38.775707 -86.602745 -31.604654 0.000000
6795 -39.595829 -84.852486 -35.155178 0.000000
6796 -41.726143 -84.912491 -32.424774 0.000000
6797 -44.626572 -83.122238 -33.204884 0.000000
6798 -47.466988 -81.231956 -33.934994 0.000000
6799 -59.328735 -76.121208 -26.243862 0.000000
6800 -57.388451 -76.511261 -29.234303 0.000000
6801 -60.088844 -74.210922 -29.754381 0.000000
6802 -60.748943 -72.180626 -33.214890 0.000000
6803 -61.309025 -70.020309 -36.615391 0.000000
6804 -61.739082 -67.839989 -39.865868 0.000000
6805 -63.799393 -67.589951 -36.945438 0.000000
6806 -66.209740 -65.069580 -37.225479 0.000000
6807 -68.540085 -62.479198 -37.455513 0.000000
6809 -71.960587 -69.370209 -3.520518 0.000000
6811 -75.711151 -64.969574 -7.031035 0.000000
6812 -76.671288 -63.349331 -10.521549 0.000000
6813 -85.272545 -49.267250 -17.462572 0.000000
6814 -83.132240 -52.757763 -17.562586 0.000000
6815 -83.652313 -50.627457 -21.003092 0.000000
6816 -81.902054 -51.907639 -24.523609 0.000000
6817 -80.011780 -53.087814 -27.994122 0.000000
6818 -78.061493 -54.157970 -31.244600 0.000000
6819 -80.331825 -50.767475 -31.194590 0.000000
6820 -80.521858 -48.357117 -34.355057 0.000000
6821 -80.591866 -45.876751 -37.455513 0.000000
6822 -80.281815 -43.866459 -40.415951 0.000000
6823 -82.342125 -42.856308 -37.225479 0.000000
6824 -83.992371 -39.785854 -36.945438 0.000000
6825 -85.542587 -36.675396 -36.615391 0.000000
6830 -91.923531 -20.042950 -33.934994 0.000000
6831 -91.273430 -18.032654 -36.695400 0.000000
6863 -17.482573 -98.434486 -2.940433 0.000000
6864 -21.343142 -97.664368 -2.940433 0.000000
6865 -23.153408 -97.124298 -5.890867 0.000000
6866 -24.933670 -96.454201 -8.821300 0.000000
6867 -40.045895 -90.473320 -14.652158 0.000000
6868 -36.305344 -92.023544 -14.732169 0.000000
6869 -38.025597 -90.813370 -17.632597 0.000000
6870 -35.955292 -91.023392 -20.603033 0.000000
6871 -33.844982 -91.123413 -23.533464 0.000000
6872 -31.744675 -91.123413 -26.293869 0.000000
6873 -35.535233 -89.723206 -26.253862 0.000000
6874 -37.175472 -88.222984 -28.954264 0.000000
6902 18.722755 -90.823364 -37.455513 0.000000
6903 16.912489 -89.913239 -40.415951 0.000000
6904 15.322255 -91.553474 -37.225479 0.000000
6905 11.881749 -92.183571 -36.945438 0.000000
6906 8.441242 -92.683640 -36.615391 0.000000
6907 -3.810561 -96.724236 -25.143700 0.000000
6908 -2.120312 -95.784103 -28.694225 0.000000
6909 -5.660833 -95.814110 -28.114140 0.000000
6910 -7.511106 -94.773956 -31.054571 0.000000
6911 -9.341375 -93.613777 -33.934994 0.000000
6912 -11.051627 -92.383591 -36.695400 0.000000
6913 -12.751877 -93.473755 -33.204884 0.000000
6914 -16.162378 -93.223724 -32.424774 0.000000
6915 -19.532875 -92.853668 -31.604654 0.000000
7079 -42.066193 -76.481262 -48.817184 0.000000
7080 -38.765709 -76.721291 -51.137527 0.000000
7081 -41.546116 -74.781006 -51.817631 0.000000
7082 -40.976032 -72.970741 -54.758060 0.000000
7083 -40.355938 -71.080460 -57.628487 0.000000
7084 -47.216949 -59.778801 -64.799538 0.000000
7085 -44.576561 -62.189156 -64.409485 0.000000
7086 -43.826450 -59.888817 -67.049873 0.000000
7087 -40.365944 -59.888817 -69.190186 0.000000
7088 -36.845425 -59.778801 -71.210487 0.000000
7089 -33.364910 -59.618774 -73.050751 0.000000
7090 -36.075310 -57.328438 -73.580833 0.000000
7091 -35.265194 -54.808067 -75.861168 0.000000
7092 -34.415066 -52.217686 -78.051491 0.000000
7093 -66.479782 -35.615242 -65.689667 0.000000
7094 -64.269463 -39.055748 -65.939705 0.000000
7095 -63.539352 -36.015301 -68.330055 0.000000
7096 -60.488903 -36.355350 -70.860435 0.000000
7097 -57.358440 -36.635391 -73.280785 0.000000
7098 -47.166943 -26.623920 -84.082375 0.000000
7099 -48.377121 -30.054424 -82.212105 0.000000
7100 -44.826599 -30.014418 -84.222397 0.000000
7101 -42.396240 -33.354908 -84.222397 0.000000
7102 -39.895874 -36.635391 -84.082375 0.000000
7103 -37.465515 -39.725845 -83.792336 0.000000
7104 -36.325348 -36.355350 -85.802628 0.000000
7105 -32.694817 -36.015301 -87.382866 0.000000
7106 -29.024273 -35.615242 -88.833076 0.000000
7107 -25.593767 -35.635246 -89.883232 0.000000
7108 -28.054129 -32.594799 -90.293289 0.000000
7109 -27.043980 -29.534348 -91.653488 0.000000
7110 -26.013830 -26.433889 -92.883667 0.000000
7111 -30.954557 -9.971467 -94.573921 0.000000
7112 -28.644217 -13.281955 -94.903969 0.000000
7113 -27.504049 -9.961467 -95.644081 0.000000
7114 -24.003532 -9.941463 -96.584213 0.000000
7115 -20.483015 -9.891456 -97.394333 0.000000
7116 -17.072514 -9.891456 -98.054436 0.000000
7117 -19.412857 -6.610973 -97.894409 0.000000
7134 13.331964 -74.230927 -65.689667 0.000000
7135 17.282545 -73.190773 -65.939705 0.000000
7136 14.622152 -71.560539 -68.330055 0.000000
7379 -83.532303 -22.813358 -50.047367 0.000000
7380 -81.672028 -22.833361 -53.017803 0.000000
7381 -82.862198 -19.632889 -52.447720 0.000000
7382 -82.062080 -16.422417 -54.758060 0.000000
7383 -81.131943 -13.181940 -56.978390 0.000000
7384 -84.012367 -9.881454 -53.347855 0.000000
7385 -82.092087 -9.901457 -56.268284 0.000000
7386 -80.061783 -9.891456 -59.118698 0.000000
7387 -78.871613 -6.610973 -61.138996 0.000000
7388 -77.561417 -3.300486 -63.059284 0.000000
7389 -76.121208 0.000000 -64.879555 0.000000
7390 -4.120606 -86.492729 -50.047367 0.000000
7391 -3.520518 -84.732475 -53.017803 0.000000
7392 -6.931021 -84.872498 -52.447720 0.000000
7393 -9.741434 -83.122238 -54.758060 0.000000
7394 -12.531845 -81.231956 -56.978390 0.000000
7395 -16.562437 -82.962219 -53.347855 0.000000
7396 -15.952349 -81.131943 -56.268284 0.000000
7397 -15.332257 -79.201653 -59.118698 0.000000
7398 -18.092663 -77.051346 -61.138996 0.000000
7399 -20.823065 -74.781006 -63.059284 0.000000
7400 -23.523462 -72.390656 -64.879555 0.000000
7724 -46.866901 -85.962654 -20.403004 0.000000
7725 -47.937057 -84.462433 -23.913521 0.000000
7726 -49.857338 -84.102386 -21.053099 0.000000
7727 -52.797768 -82.132095 -21.673191 0.000000
7728 -55.658195 -80.061783 -22.263277 0.000000
7729 -56.448311 -81.021927 -15.852334 0.000000
7730 -57.508465 -79.501701 -19.352850 0.000000
7731 -58.478607 -77.861458 -22.823359 0.000000
7732 -61.199009 -75.581123 -23.343437 0.000000
7733 -63.839397 -73.210777 -23.833508 0.000000
7734 -66.399773 -70.740417 -24.283573 0.000000
7745 -87.792923 -41.296082 -24.283573 0.000000
7746 -87.812927 -39.375793 -27.214006 0.000000
7772 -47.326965 -87.472878 10.541552 0.000000
7775 -38.395653 -92.083557 7.031035 0.000000
7776 -36.535378 -93.033691 3.520518 0.000000
7777 -34.615097 -93.833809 0.000000 0.000000
7778 -32.824833 -94.433899 -2.950434 0.000000
7779 -36.505375 -93.063698 -2.950434 0.000000
7780 -38.355648 -92.183571 -5.890867 0.000000
7781 -40.155910 -91.173416 -8.821300 0.000000
7782 -45.516697 -88.863083 -5.890867 0.000000
7783 -43.746441 -89.503181 -8.841302 0.000000
7784 -41.926174 -90.033257 -11.771733 0.000000
7785 -43.626419 -88.793068 -14.672159 0.000000
7786 -45.276665 -87.432869 -17.552586 0.000000
7812 1.550228 -97.364334 -22.823359 0.000000
7814 -0.200029 -98.124443 -19.352850 0.000000
7815 -2.030299 -97.484352 -22.263277 0.000000
7816 -5.560819 -97.474350 -21.673191 0.000000
7817 -9.091337 -97.354324 -21.053099 0.000000
7818 -12.611857 -97.094292 -20.403004 0.000000
7946 -52.717762 -67.950005 -51.047516 0.000000
7947 -49.687313 -68.300056 -53.567886 0.000000
7948 -52.237690 -65.999710 -54.017948 0.000000
7949 -51.697609 -63.959415 -56.918381 0.000000
7950 -51.087521 -61.839104 -59.738792 0.000000
7951 -56.578327 -59.038692 -57.578476 0.000000
7952 -53.537884 -59.378738 -60.098846 0.000000
7953 -50.407421 -59.618774 -62.509201 0.000000
7954 -49.677311 -57.328438 -65.179596 0.000000
7955 -48.887192 -54.968090 -67.759972 0.000000
7956 -48.037075 -52.537735 -70.250343 0.000000
7957 -62.749233 -23.093399 -74.380951 0.000000
7958 -60.688934 -26.443893 -74.971031 0.000000
7959 -59.558765 -23.223417 -76.921326 0.000000
7960 -56.258282 -23.313431 -79.341675 0.000000
7961 -52.867779 -23.363440 -81.622017 0.000000
7962 -53.587887 -16.712460 -82.782188 0.000000
7963 -51.517586 -20.052952 -83.352272 0.000000
7964 -49.357265 -23.363440 -83.792336 0.000000
7965 -45.806744 -23.313431 -85.802628 0.000000
7966 -42.166206 -23.223417 -87.662903 0.000000
7967 -38.465664 -23.093399 -89.383163 0.000000
7968 -35.225185 -23.073397 -90.713348 0.000000
7969 -37.475517 -19.862923 -90.573334 0.000000
7970 -36.445362 -16.592443 -91.653488 0.000000
7971 -35.365208 -13.311960 -92.603630 0.000000
7972 -40.705994 -10.011474 -90.803368 0.000000
7973 -37.495522 -10.001472 -92.183571 0.000000
7974 -34.235039 -9.981469 -93.443756 0.000000
7975 -33.074867 -6.660981 -94.153862 0.000000
7976 -31.874691 -3.330490 -94.743950 0.000000
7977 -30.644510 0.000000 -95.204018 0.000000
7989 2.570378 -66.809830 -74.380951 0.000000
7990 6.400942 -65.889694 -74.971031 0.000000
7991 3.690543 -63.819397 -76.921326 0.000000
7992 4.790705 -60.708939 -79.341675 0.000000
7994 -0.670099 -56.128265 -82.782188 0.000000
7995 3.160465 -55.188126 -83.352272 0.000000
8004 -3.060451 -41.806156 -90.803368 0.000000
8324 -60.218868 -79.791748 2.940433 0.000000
8325 -61.919109 -78.541557 0.000000 0.000000
8326 -63.309322 -77.371391 2.940433 0.000000
8327 -66.309753 -74.811012 2.940433 0.000000
8379 -57.118408 -81.491997 9.961467 0.000000
8380 -58.718647 -80.711876 6.450949 0.000000
8525 -70.820427 -47.176945 -52.547733 0.000000
8526 -68.570091 -47.266960 -55.378147 0.000000
8527 -70.510376 -44.406540 -55.308136 0.000000
8528 -70.100327 -41.546116 -57.988537 0.000000
8529 -69.580238 -38.635689 -60.578918 0.000000
8530 -73.640839 -35.565235 -57.578476 0.000000
8531 -71.340500 -35.625248 -60.378887 0.000000
8532 -68.950150 -35.635246 -63.079285 0.000000
8533 -68.220039 -32.594799 -65.469635 0.000000
8534 -67.389915 -29.504341 -67.759972 0.000000
8535 -66.449776 -26.373882 -69.940292 0.000000
8536 -79.641724 -22.973381 -55.968239 0.000000
8537 -77.501411 -23.073397 -58.848663 0.000000
8538 -75.271080 -23.143406 -61.649075 0.000000
8539 -75.631134 -16.562437 -63.309322 0.000000
8540 -74.320938 -19.892927 -63.899406 0.000000
8541 -72.920731 -23.183413 -64.409485 0.000000
8542 -70.500381 -23.183413 -67.049873 0.000000
8543 -67.980011 -23.143406 -69.610245 0.000000
8544 -65.379623 -23.073397 -72.080612 0.000000
8545 -64.249466 -19.862923 -74.030891 0.000000
8546 -63.019279 -16.602442 -75.861168 0.000000
8547 -61.699085 -13.321961 -77.581421 0.000000
8548 -65.679665 -10.001472 -74.761002 0.000000
8549 -63.009274 -10.011474 -77.021339 0.000000
8550 -60.268871 -10.001472 -79.181656 0.000000
8551 -58.768650 -6.680983 -80.651871 0.000000
8552 -57.168419 -3.340492 -81.992073 0.000000
8553 -55.488163 0.000000 -83.212257 0.000000
8554 22.983383 -81.932060 -52.547733 0.000000
8555 23.763498 -79.821747 -55.378147 0.000000
8556 20.443010 -80.781891 -55.308136 0.000000
8557 17.852629 -79.501701 -57.988537 0.000000
8558 15.242244 -78.111496 -60.578918 0.000000
8559 11.071630 -81.021927 -57.578476 0.000000
8560 11.841743 -78.851601 -60.378887 0.000000
8561 12.581852 -76.581276 -63.079285 0.000000
8562 9.921460 -74.951035 -65.469635 0.000000
8563 7.241066 -73.210777 -67.759972 0.000000
8564 4.540668 -71.350510 -69.940292 0.000000
8565 -2.760406 -82.842194 -55.968239 0.000000
8566 -2.000294 -80.841904 -58.848663 0.000000
8567 -1.250184 -78.741585 -61.649075 0.000000
8568 -7.621122 -77.051346 -63.309322 0.000000
8569 -4.050596 -76.831306 -63.899406 0.000000
8570 -0.490072 -76.511261 -64.409485 0.000000
8571 0.260038 -74.210922 -67.049873 0.000000
8572 1.010149 -71.810577 -69.610245 0.000000
8573 1.740256 -69.320198 -72.080612 0.000000
8574 -0.970143 -67.239891 -74.030891 0.000000
8575 -3.680542 -65.069580 -75.861168 0.000000
8576 -6.390941 -62.799244 -77.581421 0.000000
8577 -10.781587 -65.559654 -74.761002 0.000000
8578 -9.951465 -63.019279 -77.021339 0.000000
8579 -9.121343 -60.408890 -79.181656 0.000000
8580 -11.811739 -57.948528 -80.651871 0.000000
8581 -14.492133 -55.408157 -81.992073 0.000000
8582 -17.152525 -52.777771 -83.212257 0.000000
9429 -90.653343 -2.030299 -42.196209 0.000000
9430 -29.944408 -85.592590 -42.196209 0.000000
9431 -30.604504 -83.552299 -45.656719 0.000000
9432 -32.904846 -84.032372 -43.106342 0.000000
9433 -35.825272 -82.382126 -43.966473 0.000000
9434 -38.705700 -80.621872 -44.766590 0.000000
9435 -40.315937 -82.962219 -38.675694 0.000000
9436 -40.976032 -80.921906 -42.136204 0.000000
9437 -41.566120 -78.761597 -45.516697 0.000000
9438 -44.356533 -76.821312 -46.196800 0.000000
9439 -47.096931 -74.781006 -46.826893 0.000000
9440 -49.767323 -72.660690 -47.396976 0.000000
9441 -48.827187 -82.842194 -27.504049 0.000000
9442 -49.637306 -81.091942 -31.054571 0.000000
9443 -50.367416 -79.201653 -34.545086 0.000000
9444 -55.338146 -76.831306 -32.204742 0.000000
9445 -53.217838 -77.051346 -35.125172 0.000000
9446 -51.027515 -77.161362 -38.005596 0.000000
9447 -51.607594 -75.021042 -41.376095 0.000000
9448 -52.107674 -72.750710 -44.676579 0.000000
9449 -52.517731 -70.360359 -47.907055 0.000000
9450 -55.078106 -68.060013 -48.347118 0.000000
9451 -57.568474 -65.679665 -48.727169 0.000000
9452 -59.988831 -63.229309 -49.047218 0.000000
9453 -62.039131 -65.559654 -43.076340 0.000000
9454 -62.259163 -63.169304 -46.226803 0.000000
9455 -62.369183 -60.678932 -49.307259 0.000000
9456 -64.649513 -58.078548 -49.497284 0.000000
9457 -66.859840 -55.408157 -49.627304 0.000000
9458 -68.980156 -52.667751 -49.697315 0.000000
9459 -63.249310 -77.391396 -3.510517 0.000000
9460 -64.499496 -76.111198 -7.021034 0.000000
9461 -65.639656 -74.721001 -10.511547 0.000000
9462 -70.330353 -70.770416 -7.031035 0.000000
9463 -68.570091 -72.040604 -10.541552 0.000000
9464 -66.699814 -73.190773 -14.032066 0.000000
9465 -67.649956 -71.560539 -17.482573 0.000000
9466 -68.500084 -69.810280 -20.903078 0.000000
9467 -69.240196 -67.959999 -24.293575 0.000000
9469 -79.231667 -60.118855 -10.551554 0.000000
9470 -77.621429 -61.489048 -14.042068 0.000000
9471 -80.851898 -56.188271 -17.582588 0.000000
9472 -78.421539 -59.528763 -17.582588 0.000000
9473 -75.861168 -62.769241 -17.562586 0.000000
9474 -74.000893 -63.919411 -21.003092 0.000000
9475 -72.010597 -64.959564 -24.433596 0.000000
9476 -69.920296 -65.889694 -27.804092 0.000000
9477 -70.450371 -63.819397 -31.104578 0.000000
9478 -70.870430 -61.639072 -34.355057 0.000000
9479 -71.200485 -59.368736 -37.545528 0.000000
9480 -75.961189 -55.188126 -34.455074 0.000000
9481 -73.740852 -56.128265 -37.615540 0.000000
9482 -71.410515 -56.968384 -40.715992 0.000000
9483 -71.520531 -54.508022 -43.776443 0.000000
9484 -71.520531 -51.957649 -46.776886 0.000000
9485 -71.410515 -49.327259 -49.697315 0.000000
9486 -73.350792 -46.466839 -49.627304 0.000000
9487 -75.211067 -43.536407 -49.497284 0.000000
9488 -76.981331 -40.565971 -49.307259 0.000000
9489 -79.851753 -41.806156 -43.346382 0.000000
9490 -79.311668 -39.685841 -46.226803 0.000000
9491 -78.671577 -37.515522 -49.047218 0.000000
9492 -80.261818 -34.455074 -48.727169 0.000000
9493 -81.752029 -31.344614 -48.347118 0.000000
9494 -83.142242 -28.204153 -47.907055 0.000000
9495 -87.672913 -37.455513 -30.234451 0.000000
9496 -87.412872 -35.475224 -33.214890 0.000000
9497 -87.052818 -33.444923 -36.145321 0.000000
9498 -90.173279 -28.884253 -32.204742 0.000000
9499 -88.443016 -30.144438 -35.665249 0.000000
9500 -86.572739 -31.344614 -39.065750 0.000000
9501 -85.982658 -29.234303 -41.896168 0.000000
9502 -85.282547 -27.073986 -44.676579 0.000000
9503 -84.482437 -24.883661 -47.396976 0.000000
9504 -85.672607 -21.683191 -46.826893 0.000000
9505 -86.762772 -18.442715 -46.196800 0.000000
9506 -87.752914 -15.202237 -45.516697 0.000000
9507 -90.503319 -16.012358 -39.435806 0.000000
9508 -89.623192 -13.962054 -42.136204 0.000000
9509 -88.643051 -11.891751 -44.766590 0.000000
9510 -89.413162 -8.621269 -43.966473 0.000000
9511 -90.093262 -5.320783 -43.106342 0.000000
9567 -7.561113 -99.554657 -5.890867 0.000000
9568 -9.371379 -99.184601 -8.811297 0.000000
9569 -15.402267 -98.644516 -5.890867 0.000000
9570 -13.301958 -98.734535 -8.831300 0.000000
9571 -11.191648 -98.684525 -11.761731 0.000000
9572 -12.981912 -98.074432 -14.662157 0.000000
9573 -14.762173 -97.354324 -17.552586 0.000000
9574 -16.532433 -96.504211 -20.413004 0.000000
9575 -30.854540 -94.953979 -5.890867 0.000000
9576 -28.844246 -95.354042 -8.841302 0.000000
9577 -26.803947 -95.634079 -11.771733 0.000000
9578 -32.494785 -93.433754 -14.752171 0.000000
9579 -28.624212 -94.683937 -14.752171 0.000000
9580 -24.713636 -95.784103 -14.732169 0.000000
9581 -22.613329 -95.814110 -17.632597 0.000000
9582 -20.483015 -95.714096 -20.523022 0.000000
9583 -18.332699 -95.494057 -23.383442 0.000000
9584 -20.062952 -94.413902 -26.183853 0.000000
9585 -21.773205 -93.223724 -28.954264 0.000000
9586 -23.463453 -91.913528 -31.684664 0.000000
9587 -29.574354 -91.023392 -29.034275 0.000000
9588 -27.364029 -90.813370 -31.734671 0.000000
9589 -25.133701 -90.483322 -34.405067 0.000000
9590 -26.763941 -88.963097 -37.045456 0.000000
9591 -28.374176 -87.322853 -39.645836 0.000000
9592 -26.083839 -86.842789 -42.196209 0.000000
9621 28.774237 -81.882057 -49.697315 0.000000
9648 24.853659 -83.162247 -49.697315 0.000000
9649 21.523169 -84.122383 -49.627304 0.000000
9650 18.162674 -84.982513 -49.497284 0.000000
9651 14.792177 -85.752625 -49.307259 0.000000
9652 15.092222 -88.863083 -43.346382 0.000000
9653 13.241950 -87.692909 -46.226803 0.000000
9654 11.371674 -86.412720 -49.047218 0.000000
9655 7.971174 -86.972801 -48.727169 0.000000
9656 4.550670 -87.432869 -48.347118 0.000000
9657 1.130166 -87.792923 -47.907055 0.000000
9658 8.531256 -94.953979 -30.234451 0.000000
9659 6.720989 -94.093849 -33.214890 0.000000
9660 4.910723 -93.123711 -36.145321 0.000000
9661 -0.390057 -94.683937 -32.204742 0.000000
9662 1.340197 -93.433754 -35.665249 0.000000
9663 3.060451 -92.023544 -39.065750 0.000000
9664 1.230181 -90.813370 -41.896168 0.000000
9665 -0.610090 -89.483170 -44.676579 0.000000
9666 -2.440359 -88.042961 -47.396976 0.000000
9667 -5.860863 -88.182976 -46.826893 0.000000
9668 -9.271364 -88.222984 -46.196800 0.000000
9669 -12.661863 -88.152977 -45.516697 0.000000
9670 -12.741876 -91.023392 -39.435806 0.000000
9671 -14.422123 -89.553185 -42.136204 0.000000
9672 -16.072365 -87.982956 -44.766590 0.000000
9673 -19.432861 -87.702911 -43.966473 0.000000
9674 -22.773354 -87.322853 -43.106342 0.000000
9936 -72.890724 3.330490 -68.400070 0.000000
9937 -70.480377 3.330490 -70.880440 0.000000
9938 -67.980011 3.330490 -73.280785 0.000000
9939 -65.399628 3.330490 -75.591125 0.000000
9941 -64.249466 6.670981 -76.361237 0.000000
9942 -62.719231 3.340492 -77.841461 0.000000
9943 -59.978825 3.340492 -79.961769 0.000000
9944 -57.168419 3.340492 -81.992073 0.000000
9945 -54.297993 3.340492 -83.922356 0.000000
9971 -52.467728 6.680983 -84.892494 0.000000
9972 -50.787476 3.340492 -86.092674 0.000000
9973 -47.777035 3.340492 -87.802925 0.000000
9974 -44.696583 3.340492 -89.413162 0.000000
9975 -41.576118 3.340492 -90.903381 0.000000
9977 -39.565823 6.670981 -91.613487 0.000000
9978 -38.365646 3.330490 -92.303589 0.000000
9979 -35.145172 3.330490 -93.573769 0.000000
10000 -30.104431 -82.002068 -48.707169 0.000000
10001 -29.564352 -80.341827 -51.707611 0.000000
10002 -28.994268 -78.591568 -54.638042 0.000000
10003 -35.365208 -76.851318 -53.347855 0.000000
10004 -31.904697 -76.851318 -55.488163 0.000000
10005 -28.404182 -76.721291 -57.538467 0.000000
10006 -27.774088 -74.781006 -60.328884 0.000000
10007 -27.113993 -72.740700 -63.059284 0.000000
10008 -26.423889 -70.620399 -65.709671 0.000000
10009 -46.456841 -68.650108 -55.968239 0.000000
10010 -43.156349 -68.880142 -58.278580 0.000000
10011 -39.785854 -68.990158 -60.498909 0.000000
10012 -41.886166 -64.539497 -63.899406 0.000000
10013 -39.125759 -66.819832 -63.309322 0.000000
10014 -36.315342 -68.990158 -62.639217 0.000000
10015 -32.824833 -68.880142 -64.659523 0.000000
10016 -29.284311 -68.650108 -66.579803 0.000000
10017 -25.693783 -68.300056 -68.400070 0.000000
10018 -24.953674 -65.999710 -70.880440 0.000000
10019 -24.173559 -63.619366 -73.280785 0.000000
10020 -23.383442 -61.169003 -75.591125 0.000000
10021 -29.804388 -59.378738 -74.761002 0.000000
10022 -26.193857 -59.038692 -76.361237 0.000000
10023 -22.553322 -58.618626 -77.841461 0.000000
10024 -21.713196 -56.018250 -79.961769 0.000000
10025 -20.843069 -53.337849 -81.992073 0.000000
10026 -19.952936 -50.607449 -83.922356 0.000000
10027 -65.829689 -47.827042 -58.148560 0.000000
10028 -62.989277 -48.317112 -60.828953 0.000000
10029 -60.058842 -48.727169 -63.419338 0.000000
10030 -61.949120 -42.456245 -66.049721 0.000000
10031 -59.528763 -45.796738 -66.049721 0.000000
10032 -56.998386 -49.057220 -65.939705 0.000000
10033 -53.887932 -49.297256 -68.330055 0.000000
10034 -50.687462 -49.467281 -70.620399 0.000000
10035 -47.416981 -49.547295 -72.800720 0.000000
10036 -58.578617 -29.924404 -75.341095 0.000000
10037 -56.368298 -33.354908 -75.581123 0.000000
10038 -54.067959 -36.725403 -75.711151 0.000000
10039 -49.557293 -33.444923 -80.181801 0.000000
10040 -50.637451 -36.795418 -78.001480 0.000000
10041 -51.637604 -40.065895 -75.711151 0.000000
10042 -49.147232 -43.306374 -75.581123 0.000000
10043 -46.556854 -46.466839 -75.341095 0.000000
10044 -43.906464 -49.547295 -74.971031 0.000000
10045 -40.495964 -49.467281 -76.921326 0.000000
10046 -37.015446 -49.297256 -78.761597 0.000000
10047 -33.484928 -49.057220 -80.471848 0.000000
10048 -34.995152 -42.796295 -83.352272 0.000000
10049 -32.454777 -45.796738 -82.782188 0.000000
10050 -29.864395 -48.727169 -82.082085 0.000000
10051 -26.233864 -48.317112 -83.542305 0.000000
10052 -22.563322 -47.827042 -84.892494 0.000000
10053 -18.872780 -47.266960 -86.092674 0.000000
10054 -17.942642 -44.406540 -87.802925 0.000000
10055 -16.982500 -41.476105 -89.413162 0.000000
10056 -16.022360 -38.505669 -90.903381 0.000000
10057 -22.093252 -35.625248 -90.803368 0.000000
10058 -18.572733 -35.565235 -91.613487 0.000000
10059 -15.022211 -35.455219 -92.303589 0.000000
10060 -14.032066 -32.394772 -93.573769 0.000000
10061 -13.021916 -29.284311 -94.743950 0.000000
10062 -12.001766 -26.143850 -95.784103 0.000000
10063 -31.854689 -23.143406 -91.933533 0.000000
10064 -28.444185 -23.183413 -93.043694 0.000000
10065 -24.993679 -23.183413 -94.023842 0.000000
10066 -26.303873 -16.592443 -95.053993 0.000000
10067 -23.913521 -19.892927 -95.053993 0.000000
10068 -21.483162 -23.143406 -94.903969 0.000000
10069 -17.972645 -23.073397 -95.644081 0.000000
10070 -14.442126 -22.973381 -96.264168 0.000000
10071 -10.891603 -22.833361 -96.764244 0.000000
10108 25.143700 -77.391396 -58.148560 0.000000
10117 10.351524 -64.959564 -75.341095 0.000000
