#!ascii label, from subject  
43
361 32.634804 -23.713491 -91.513474 0.000000
627 39.855865 -45.406685 -79.701729 0.000000
630 28.534199 -37.175472 -88.353012 0.000000
1402 44.256516 -48.627155 -75.361092 0.000000
1801 27.444038 -19.932934 -94.083847 0.000000
2517 41.326084 -38.275635 -82.642174 0.000000
2525 34.305050 -41.436100 -84.312416 0.000000
2526 35.645245 -34.145027 -86.982803 0.000000
2527 30.664515 -30.524494 -90.173279 0.000000
2528 25.473751 -26.743937 -92.943680 0.000000
3961 30.054424 -21.833214 -92.853668 0.000000
5637 47.506992 -55.048103 -68.680107 0.000000
5638 49.507286 -56.488319 -66.039719 0.000000
5644 42.086197 -47.046925 -77.581421 0.000000
5646 42.886311 -43.516403 -79.181656 0.000000
5648 40.615978 -41.876167 -81.241959 0.000000
5668 30.684517 -42.956326 -84.952499 0.000000
5669 31.444628 -39.335789 -86.412720 0.000000
5670 35.005154 -37.815567 -85.712616 0.000000
5671 32.114727 -35.695255 -87.732918 0.000000
5672 33.174881 -32.354767 -88.633049 0.000000
5673 29.614359 -33.874985 -89.323151 0.000000
5675 24.453598 -30.124435 -92.183571 0.000000
5677 22.843363 -24.833656 -94.153862 0.000000
6121 35.175179 -25.553761 -90.063263 0.000000
7129 45.466690 -53.517876 -71.210487 0.000000
7131 43.376385 -52.027660 -73.580833 0.000000
7132 41.226070 -50.477432 -75.861168 0.000000
7133 39.025745 -48.867191 -78.051491 0.000000
10128 36.305344 -47.006920 -80.471848 0.000000
10130 33.534935 -45.016628 -82.782188 0.000000
10131 37.115463 -43.456398 -82.082085 0.000000
10132 37.845570 -39.885868 -83.542305 0.000000
10133 38.515671 -36.245335 -84.892494 0.000000
10134 39.125759 -32.554794 -86.092674 0.000000
10135 36.685402 -30.784531 -87.802925 0.000000
10136 34.195034 -28.974264 -89.413162 0.000000
10137 31.674665 -27.133993 -90.903381 0.000000
10138 27.053984 -32.024715 -90.803368 0.000000
10139 28.084135 -28.654219 -91.613487 0.000000
10140 29.074280 -25.243717 -92.303589 0.000000
10141 26.473896 -23.353437 -93.573769 0.000000
10142 23.833508 -21.433155 -94.743950 0.000000
