#!ascii label, from subject  
50
21 68.830132 50.007362 52.577736 0.000000
254 76.281235 38.365646 52.077667 0.000000
498 67.159889 38.625687 63.259312 0.000000
730 69.030159 55.258133 46.736877 0.000000
731 73.890877 53.687908 40.745998 0.000000
732 73.880867 48.577148 46.736877 0.000000
734 72.730698 44.296520 52.457722 0.000000
1095 65.699677 32.554794 68.020012 0.000000
1096 70.650398 32.594799 62.839252 0.000000
2142 68.200043 44.456543 58.098553 0.000000
2143 71.910583 38.595680 57.818512 0.000000
2144 75.281075 32.494785 57.278435 0.000000
2650 68.980156 52.667751 49.697315 0.000000
2651 71.520531 51.957649 46.776886 0.000000
2652 71.410515 49.327259 49.697315 0.000000
2653 73.350792 46.466839 49.627304 0.000000
2654 70.820427 47.176945 52.547733 0.000000
3014 62.709229 32.924847 70.620399 0.000000
3640 76.981331 40.565971 49.307259 0.000000
4721 64.269463 39.055748 65.939705 0.000000
4723 64.899551 42.066193 63.419338 0.000000
4724 65.419632 44.976624 60.828953 0.000000
4725 67.729973 41.566120 60.718937 0.000000
4726 70.100327 41.546116 57.988537 0.000000
4727 69.580238 38.635689 60.578918 0.000000
4728 72.270630 29.524345 62.509201 0.000000
4729 73.010750 32.564796 60.098846 0.000000
5923 71.410515 56.968384 40.715992 0.000000
5924 71.520531 54.508022 43.776443 0.000000
5925 73.940887 51.167534 43.776443 0.000000
5928 75.781158 45.676723 46.626862 0.000000
5929 75.211067 43.536407 49.497284 0.000000
5930 74.550972 41.356091 52.297695 0.000000
6578 63.539352 36.015301 68.330055 0.000000
6579 66.479782 35.615242 65.689667 0.000000
6580 68.950150 35.635246 63.079285 0.000000
6581 68.220039 32.594799 65.469635 0.000000
6582 69.880287 29.534348 65.179596 0.000000
8209 66.859840 55.408157 49.627304 0.000000
8210 66.749825 52.777771 52.547733 0.000000
8967 66.139732 50.607449 55.378147 0.000000
8993 65.829689 47.827042 58.148560 0.000000
8994 68.570091 47.266960 55.378147 0.000000
8995 70.510376 44.406540 55.308136 0.000000
8996 72.370651 41.476105 55.178120 0.000000
8997 74.140907 38.505669 54.988094 0.000000
8998 71.340500 35.625248 60.378887 0.000000
8999 73.640839 35.565235 57.578476 0.000000
9000 75.841164 35.455219 54.718052 0.000000
9001 77.421402 32.394772 54.398006 0.000000
