#!ascii label, from subject  
24
914 -66.289757 -72.810715 17.532581 0.000000
915 -69.920296 -70.530388 11.781734 0.000000
925 -64.549500 -70.070320 30.424479 0.000000
926 -58.928677 -74.360947 31.634657 0.000000
927 -62.769241 -73.900879 24.543612 0.000000
1492 -65.889694 -66.099724 35.945290 0.000000
2834 -67.269897 -71.140480 20.403004 0.000000
2846 -63.699379 -72.030602 27.504049 0.000000
2847 -65.509644 -71.690552 23.913521 0.000000
2848 -64.579506 -73.410805 21.053099 0.000000
4188 -71.610542 -69.260193 8.841302 0.000000
4189 -74.300941 -66.369774 8.821300 0.000000
4190 -75.811165 -64.969574 5.890867 0.000000
4218 -58.018539 -76.241226 28.694225 0.000000
6256 -68.150032 -71.720558 14.662157 0.000000
6273 -62.589214 -70.240341 33.934994 0.000000
6274 -59.758801 -72.380653 34.545086 0.000000
6275 -61.779091 -72.260635 31.054571 0.000000
6276 -60.898964 -74.190918 28.114140 0.000000
6277 -59.938828 -76.011192 25.143700 0.000000
6279 -61.799099 -75.591125 21.673191 0.000000
7322 -63.239311 -68.240044 36.695400 0.000000
7323 -65.259605 -68.130035 33.204884 0.000000
8333 -77.231369 -63.479347 2.950434 0.000000
