100206
100307
100408
100610
101006
101107
101309
101410
101915
102008
102311
102513
102816
103111
103414
103515
103818
104012
104416
104820
105014
105115
105216
105620
105923
106016
106319
106521
107018
107321
107422
107725
108222
108323
108525
108828
109123
109325
110007
110411
110613
111009
111312
111413
111514
111716
112112
112314
112516
112920
113215
113619
113922
114217
114318
114419
114621
114823
114924
115017
115219
115320
115825
116221
116524
116726
117324
117930
118023
118124
118225
118528
118730
118932
119732
119833
120111
120212
120515
120717
121416
121618
121921
122317
122620
122822
123117
123420
123824
123925
124422
124624
124826
125525
126325
126628
127327
127630
127933
128026
128127
128632
128935
129028
129129
129331
129634
129937
130013
130316
130417
130619
130821
130922
131217
131419
131722
131823
132017
133019
133625
133827
133928
134021
134223
134324
134425
134728
134829
135225
135528
135730
135932
136227
136833
137027
137128
137229
137633
137936
138231
138534
138837
139233
139637
139839
140117
140420
140925
141119
141422
141826
142828
143325
144125
144428
144832
145127
146129
146331
146432
146533
146937
147737
148032
148133
148335
148436
148840
148941
149236
149337
149539
149741
149842
150019
150524
150625
150726
150928
151223
151425
151627
151829
152831
153025
153227
153429
153631
154229
154431
154532
154734
154835
154936
155231
155635
155938
156031
156233
156334
156435
156536
157336
157437
157942
158035
158136
158338
158540
158843
159138
159239
159340
159441
159744
159946
160123
160729
160931
161630
161731
162026
162228
162329
162733
162935
163129
163432
164030
164131
164636
164939
165032
165638
165840
166438
167036
167238
167743
168139
168341
168745
169444
169747
169949
170631
170934
171330
171633
172029
172130
172332
172433
172534
172938
173233
173334
173435
173536
173637
173738
173839
173940
174437
174841
175237
175338
175439
175540
175742
176037
176441
176542
176744
177241
177645
177746
178142
178243
178748
178849
178950
179245
179346
180129
180432
180735
180937
181131
181232
181636
182436
182739
182840
183034
185139
185341
185442
185846
185947
186141
186444
187143
187345
187547
187850
188347
188448
188549
189349
189450
190031
191033
191336
191841
191942
192035
192136
192439
192540
192641
192843
193239
194140
194645
194746
194847
195041
195445
195647
195849
195950
196144
196346
196750
197348
197550
198350
198451
198653
198855
199453
199655
199958
200008
200109
200210
200311
200614
201111
201414
201515
201818
202113
202719
203418
203923
204016
204319
204420
204521
204622
205119
205220
205725
205826
207123
207426
208024
208125
208226
208327
209127
209228
209329
209935
210011
210415
210617
211114
211215
211316
211417
211720
211922
212015
212116
212217
212318
212419
212823
213421
214019
214221
214423
214524
214625
214726
217126
217429
220721
221319
224022
227432
228434
231928
233326
237334
239944
245333
246133
248339
249947
250932
251833
255639
256540
257542
257845
263436
268749
268850
270332
275645
280739
280941
283543
285345
285446
286650
287248
289555
290136
293748
297655
298455
299154
300618
303119
303624
304020
304727
305830
307127
308129
308331
309636
310621
316633
316835
317332
318637
320826
321323
322224
329440
330324
333330
334635
336841
339847
341834
346945
348545
351938
352132
352738
353740
355239
356948
358144
361234
361941
365343
366042
371843
377451
378857
379657
380036
381038
381543
385450
386250
387959
389357
390645
391748
393550
395251
395756
395958
397154
397760
397861
406432
406836
412528
414229
415837
422632
424939
429040
432332
433839
436239
436845
441939
445543
448347
449753
453441
456346
459453
465852
467351
473952
475855
479762
481951
485757
486759
492754
495255
497865
499566
500222
506234
510326
513736
517239
519950
520228
522434
523032
524135
525541
529549
529953
530635
531536
536647
540436
541943
545345
547046
548250
552544
553344
555348
557857
559053
561242
561444
562446
565452
566454
567052
567961
568963
570243
571144
572045
573249
573451
579665
579867
580044
580347
580650
580751
581349
581450
583858
585256
585862
586460
587664
588565
592455
594156
597869
598568
599065
599469
599671
601127
604537
611938
613538
615744
616645
617748
618952
620434
622236
623844
626648
627549
627852
628248
633847
638049
644044
645450
645551
647858
654350
654754
656657
657659
660951
662551
663755
664757
665254
667056
668361
671855
672756
673455
677766
677968
679568
679770
680250
680957
683256
685058
687163
690152
693764
695768
700634
702133
704238
705341
707749
709551
713239
715041
715647
715950
720337
724446
725751
727553
727654
729254
729557
731140
732243
734045
735148
737960
742549
744553
748258
749058
749361
751348
751550
753150
753251
756055
759869
761957
765056
767464
769064
770352
771354
773257
779370
782561
783462
784565
786569
789373
792564
792766
792867
793465
800941
802844
803240
810843
812746
814649
816653
818859
820745
825048
826353
826454
833148
835657
837560
837964
841349
843151
844961
845458
849264
849971
852455
856463
856766
856968
857263
859671
861456
865363
867468
870861
871762
871964
872562
872764
873968
877269
878776
880157
882161
885975
887373
889579
891667
894067
894673
894774
896778
896879
898176
899885
901038
901139
901442
904044
907656
910241
910443
912447
917255
917558
923755
926862
927359
930449
932554
942658
951457
952863
955465
957974
958976
959574
965367
965771
966975
972566
978578
979984
983773
984472
987983
990366
991267
992673
992774
993675
994273
996782
102614
102715
103212
106824
108020
111211
113316
114116
115724
117021
118831
119025
120414
123723
125222
125424
126426
127226
127731
127832
130114
130518
130720
135124
135629
136126
136631
137532
138130
138332
139435
143224
143830
144933
145632
146735
146836
147636
151021
151930
152225
152427
153126
153934
154330
161832
165436
165941
167440
168947
169545
171734
175136
176845
177140
180230
180533
183741
185038
186040
186545
186848
186949
188145
189652
191235
192237
193845
194443
196952
198047
199352
200513
202820
204218
206323
206525
206727
206828
206929
208630
210112
211619
211821
213017
213522
219231
227533
238033
239136
248238
255740
257946
274542
281135
286347
299760
300719
325129
329844
349244
350330
360030
368551
368753
385046
394956
401422
413934
419239
421226
461743
462139
463040
469961
481042
513130
516742
518746
519647
531940
541640
550439
552241
555954
558960
559457
561949
567759
589567
590047
634748
635245
644246
654552
675661
680452
688569
689470
692964
694362
698168
701535
723141
728454
757764
763557
765864
774663
788674
809252
814548
815247
818455
825553
825654
827052
828862
832651
869472
878877
884064
886674
888678
902242
905147
908860
911849
929464
933253
943862
962058
969476
970764
971160
973770
987074
989987
995174
