#No. LabelName     R    G    B    A
  1      lv1        1    0    0    0
  2      lv2        2    0    0    0
  3      lv3        3    0    0    0
  4      lv4        4    0    0    0
  5      lv5        5    0    0    0
  6      lv6        6    0    0    0
  7      lv7        7    0    0    0
  8      lv8        8    0    0    0
  9      lv9        9    0    0    0
 10      lv10       10    0    0    0
 11      lv11       11    0    0    0
 12      lv12       12    0    0    0
 13      lv13       13    0    0    0
 14      lv14       14    0    0    0
 15      lv15       15    0    0    0
 16      lv16       16    0    0    0
 17      lv17       17    0    0    0
 18      lv18       18    0    0    0
 19      lv19       19    0    0    0
 20      lv20       20    0    0    0
 21      lv21       21    0    0    0
 22      lv22       22    0    0    0
 23      lv23       23    0    0    0
 24      lv24       24    0    0    0
 25      lv25       25    0    0    0
 26      lv26       26    0    0    0
 27      lv27       27    0    0    0
 28      lv28       28    0    0    0
 29      lv29       29    0    0    0
 30      lv30       30    0    0    0
 31      lv31       31    0    0    0
 32      lv32       32    0    0    0
 33      lv33       33    0    0    0
 34      lv34       34    0    0    0
 35      lv35       35    0    0    0
 36      lv36       36    0    0    0
 37      lv37       37    0    0    0
 38      lv38       38    0    0    0
 39      lv39       39    0    0    0
 40      lv40       40    0    0    0
 41      lv41       41    0    0    0
 42      lv42       42    0    0    0
 43      lv43       43    0    0    0
 44      lv44       44    0    0    0
 45      lv45       45    0    0    0
 46      lv46       46    0    0    0
 47      lv47       47    0    0    0
 48      lv48       48    0    0    0
 49      lv49       49    0    0    0
 50      lv50       50    0    0    0
 51      lv51       51    0    0    0
 52      lv52       52    0    0    0
 53      lv53       53    0    0    0
 54      lv54       54    0    0    0
 55      lv55       55    0    0    0
 56      lv56       56    0    0    0
 57      lv57       57    0    0    0
 58      lv58       58    0    0    0
 59      lv59       59    0    0    0
 60      lv60       60    0    0    0
 61      lv61       61    0    0    0
 62      lv62       62    0    0    0
 63      lv63       63    0    0    0
 64      lv64       64    0    0    0
 65      lv65       65    0    0    0
 66      lv66       66    0    0    0
 67      lv67       67    0    0    0
 68      lv68       68    0    0    0
 69      lv69       69    0    0    0
 70      lv70       70    0    0    0
 71      lv71       71    0    0    0
 72      lv72       72    0    0    0
 73      lv73       73    0    0    0
 74      lv74       74    0    0    0
 75      lv75       75    0    0    0
 76      lv76       76    0    0    0
 77      lv77       77    0    0    0
 78      lv78       78    0    0    0
 79      lv79       79    0    0    0
 80      lv80       80    0    0    0
 81      lv81       81    0    0    0
 82      lv82       82    0    0    0
 83      lv83       83    0    0    0
 84      lv84       84    0    0    0
 85      lv85       85    0    0    0
 86      lv86       86    0    0    0
 87      lv87       87    0    0    0
 88      lv88       88    0    0    0
 89      lv89       89    0    0    0
 90      lv90       90    0    0    0
 91      lv91       91    0    0    0
 92      lv92       92    0    0    0
 93      lv93       93    0    0    0
 94      lv94       94    0    0    0
 95      lv95       95    0    0    0
 96      lv96       96    0    0    0
 97      lv97       97    0    0    0
 98      lv98       98    0    0    0
 99      lv99       99    0    0    0
100      lv100      100    0    0    0
101      lv101      101    0    0    0
102      lv102      102    0    0    0
103      lv103      103    0    0    0
104      lv104      104    0    0    0
105      lv105      105    0    0    0
106      lv106      106    0    0    0
107      lv107      107    0    0    0
108      lv108      108    0    0    0
109      lv109      109    0    0    0
110      lv110      110    0    0    0
111      lv111      111    0    0    0
112      lv112      112    0    0    0
113      lv113      113    0    0    0
114      lv114      114    0    0    0
115      lv115      115    0    0    0
116      lv116      116    0    0    0
117      lv117      117    0    0    0
118      lv118      118    0    0    0
119      lv119      119    0    0    0
120      lv120      120    0    0    0
121      lv121      121    0    0    0
122      lv122      122    0    0    0
123      lv123      123    0    0    0
124      lv124      124    0    0    0
125      lv125      125    0    0    0
126      lv126      126    0    0    0
127      lv127      127    0    0    0
128      lv128      128    0    0    0
129      lv129      129    0    0    0
130      lv130      130    0    0    0
131      lv131      131    0    0    0
132      lv132      132    0    0    0
133      lv133      133    0    0    0
134      lv134      134    0    0    0
135      lv135      135    0    0    0
136      lv136      136    0    0    0
137      lv137      137    0    0    0
138      lv138      138    0    0    0
139      lv139      139    0    0    0
140      lv140      140    0    0    0
141      lv141      141    0    0    0
142      lv142      142    0    0    0
143      lv143      143    0    0    0
144      lv144      144    0    0    0
145      lv145      145    0    0    0
146      lv146      146    0    0    0
147      lv147      147    0    0    0
148      lv148      148    0    0    0
149      lv149      149    0    0    0
150      lv150      150    0    0    0
151      lv151      151    0    0    0
152      lv152      152    0    0    0
153      lv153      153    0    0    0
154      lv154      154    0    0    0
155      lv155      155    0    0    0
156      lv156      156    0    0    0
157      lv157      157    0    0    0
158      lv158      158    0    0    0
159      lv159      159    0    0    0
160      lv160      160    0    0    0
161      lv161      161    0    0    0
162      lv162      162    0    0    0
163      lv163      163    0    0    0
164      lv164      164    0    0    0
165      lv165      165    0    0    0
166      lv166      166    0    0    0
167      lv167      167    0    0    0
168      lv168      168    0    0    0
169      lv169      169    0    0    0
170      lv170      170    0    0    0
171      lv171      171    0    0    0
172      lv172      172    0    0    0
173      lv173      173    0    0    0
174      lv174      174    0    0    0
175      lv175      175    0    0    0
176      lv176      176    0    0    0
177      lv177      177    0    0    0
178      lv178      178    0    0    0
179      lv179      179    0    0    0
180      lv180      180    0    0    0
181      lv181      181    0    0    0
182      lv182      182    0    0    0
183      lv183      183    0    0    0
184      lv184      184    0    0    0
185      lv185      185    0    0    0
186      lv186      186    0    0    0
187      lv187      187    0    0    0
188      lv188      188    0    0    0
189      lv189      189    0    0    0
190      lv190      190    0    0    0
191      lv191      191    0    0    0
192      lv192      192    0    0    0
193      lv193      193    0    0    0
194      lv194      194    0    0    0
195      lv195      195    0    0    0
196      lv196      196    0    0    0
197      lv197      197    0    0    0
198      lv198      198    0    0    0
199      lv199      199    0    0    0
200      lv200      200    0    0    0
201      lv201      201    0    0    0
202      lv202      202    0    0    0
203      lv203      203    0    0    0
204      lv204      204    0    0    0
205      lv205      205    0    0    0
206      lv206      206    0    0    0
207      lv207      207    0    0    0
208      lv208      208    0    0    0
209      lv209      209    0    0    0
210      lv210      210    0    0    0
211      lv211      211    0    0    0
212      lv212      212    0    0    0
213      lv213      213    0    0    0
214      lv214      214    0    0    0
215      lv215      215    0    0    0
216      lv216      216    0    0    0
217      lv217      217    0    0    0
218      lv218      218    0    0    0
219      lv219      219    0    0    0
220      lv220      220    0    0    0
221      lv221      221    0    0    0
222      lv222      222    0    0    0
223      lv223      223    0    0    0
224      lv224      224    0    0    0
225      lv225      225    0    0    0
226      lv226      226    0    0    0
227      lv227      227    0    0    0
228      lv228      228    0    0    0
229      lv229      229    0    0    0
230      lv230      230    0    0    0
231      lv231      231    0    0    0
232      lv232      232    0    0    0
233      lv233      233    0    0    0
234      lv234      234    0    0    0
235      lv235      235    0    0    0
236      lv236      236    0    0    0
237      lv237      237    0    0    0
238      lv238      238    0    0    0
239      lv239      239    0    0    0
240      lv240      240    0    0    0
241      lv241      241    0    0    0
242      lv242      242    0    0    0
243      lv243      243    0    0    0
244      lv244      244    0    0    0
245      lv245      245    0    0    0
246      lv246      246    0    0    0
247      lv247      247    0    0    0
248      lv248      248    0    0    0
249      lv249      249    0    0    0
250      lv250      250    0    0    0
251      lv251      251    0    0    0
252      lv252      252    0    0    0
253      lv253      253    0    0    0
254      lv254      254    0    0    0
255      lv255      255    0    0    0
256      lv256      255    1    0    0
257      lv257      255    2    0    0
258      lv258      255    3    0    0
259      lv259      255    4    0    0
260      lv260      255    5    0    0
261      lv261      255    6    0    0
262      lv262      255    7    0    0
263      lv263      255    8    0    0
264      lv264      255    9    0    0
265      lv265      255   10    0    0
266      lv266      255   11    0    0
267      lv267      255   12    0    0
268      lv268      255   13    0    0
269      lv269      255   14    0    0
270      lv270      255   15    0    0
271      lv271      255   16    0    0
272      lv272      255   17    0    0
273      lv273      255   18    0    0
274      lv274      255   19    0    0
275      lv275      255   20    0    0
276      lv276      255   21    0    0
277      lv277      255   22    0    0
278      lv278      255   23    0    0
279      lv279      255   24    0    0
280      lv280      255   25    0    0
281      lv281      255   26    0    0
282      lv282      255   27    0    0
283      lv283      255   28    0    0
284      lv284      255   29    0    0
285      lv285      255   30    0    0
286      lv286      255   31    0    0
287      lv287      255   32    0    0
288      lv288      255   33    0    0
289      lv289      255   34    0    0
290      lv290      255   35    0    0
291      lv291      255   36    0    0
292      lv292      255   37    0    0
293      lv293      255   38    0    0
294      lv294      255   39    0    0
295      lv295      255   40    0    0
296      lv296      255   41    0    0
297      lv297      255   42    0    0
298      lv298      255   43    0    0
299      lv299      255   44    0    0
300      lv300      255   45    0    0
301      lv301      255   46    0    0
302      lv302      255   47    0    0
303      lv303      255   48    0    0
304      lv304      255   49    0    0
305      lv305      255   50    0    0
306      lv306      255   51    0    0
307      lv307      255   52    0    0
308      lv308      255   53    0    0
309      lv309      255   54    0    0
310      lv310      255   55    0    0
311      lv311      255   56    0    0
312      lv312      255   57    0    0
313      lv313      255   58    0    0
314      lv314      255   59    0    0
315      lv315      255   60    0    0
316      lv316      255   61    0    0
317      lv317      255   62    0    0
318      lv318      255   63    0    0
319      lv319      255   64    0    0
320      lv320      255   65    0    0
321      lv321      255   66    0    0
322      lv322      255   67    0    0
323      lv323      255   68    0    0
324      lv324      255   69    0    0
325      lv325      255   70    0    0
326      lv326      255   71    0    0
327      lv327      255   72    0    0
328      lv328      255   73    0    0
329      lv329      255   74    0    0
330      lv330      255   75    0    0
331      lv331      255   76    0    0
332      lv332      255   77    0    0
333      lv333      255   78    0    0
334      lv334      255   79    0    0
335      lv335      255   80    0    0
336      lv336      255   81    0    0
337      lv337      255   82    0    0
338      lv338      255   83    0    0
339      lv339      255   84    0    0
340      lv340      255   85    0    0
341      lv341      255   86    0    0
342      lv342      255   87    0    0
343      lv343      255   88    0    0
344      lv344      255   89    0    0
345      lv345      255   90    0    0
346      lv346      255   91    0    0
347      lv347      255   92    0    0
348      lv348      255   93    0    0
349      lv349      255   94    0    0
350      lv350      255   95    0    0
351      lv351      255   96    0    0
352      lv352      255   97    0    0
353      lv353      255   98    0    0
354      lv354      255   99    0    0
355      lv355      255  100    0    0
356      lv356      255  101    0    0
357      lv357      255  102    0    0
358      lv358      255  103    0    0
359      lv359      255  104    0    0
360      lv360      255  105    0    0
361      lv361      255  106    0    0
362      lv362      255  107    0    0
363      lv363      255  108    0    0
364      lv364      255  109    0    0
365      lv365      255  110    0    0
366      lv366      255  111    0    0
367      lv367      255  112    0    0
368      lv368      255  113    0    0
369      lv369      255  114    0    0
370      lv370      255  115    0    0
371      lv371      255  116    0    0
372      lv372      255  117    0    0
373      lv373      255  118    0    0
374      lv374      255  119    0    0
375      lv375      255  120    0    0
376      lv376      255  121    0    0
377      lv377      255  122    0    0
378      lv378      255  123    0    0
379      lv379      255  124    0    0
380      lv380      255  125    0    0
381      lv381      255  126    0    0
382      lv382      255  127    0    0
383      lv383      255  128    0    0
384      lv384      255  129    0    0
385      lv385      255  130    0    0
386      lv386      255  131    0    0
387      lv387      255  132    0    0
388      lv388      255  133    0    0
389      lv389      255  134    0    0
390      lv390      255  135    0    0
391      lv391      255  136    0    0
392      lv392      255  137    0    0
393      lv393      255  138    0    0
394      lv394      255  139    0    0
395      lv395      255  140    0    0
396      lv396      255  141    0    0
397      lv397      255  142    0    0
398      lv398      255  143    0    0
399      lv399      255  144    0    0
400      lv400      255  145    0    0
401      lv401      255  146    0    0
402      lv402      255  147    0    0
403      lv403      255  148    0    0
404      lv404      255  149    0    0
405      lv405      255  150    0    0
406      lv406      255  151    0    0
407      lv407      255  152    0    0
408      lv408      255  153    0    0
409      lv409      255  154    0    0
410      lv410      255  155    0    0
411      lv411      255  156    0    0
412      lv412      255  157    0    0
413      lv413      255  158    0    0
414      lv414      255  159    0    0
415      lv415      255  160    0    0
416      lv416      255  161    0    0
417      lv417      255  162    0    0
418      lv418      255  163    0    0
419      lv419      255  164    0    0
420      lv420      255  165    0    0
421      lv421      255  166    0    0
422      lv422      255  167    0    0
423      lv423      255  168    0    0
424      lv424      255  169    0    0
425      lv425      255  170    0    0
426      lv426      255  171    0    0
427      lv427      255  172    0    0
428      lv428      255  173    0    0
429      lv429      255  174    0    0
430      lv430      255  175    0    0
431      lv431      255  176    0    0
432      lv432      255  177    0    0
433      lv433      255  178    0    0
434      lv434      255  179    0    0
435      lv435      255  180    0    0
436      lv436      255  181    0    0
437      lv437      255  182    0    0
438      lv438      255  183    0    0
439      lv439      255  184    0    0
440      lv440      255  185    0    0
441      lv441      255  186    0    0
442      lv442      255  187    0    0
443      lv443      255  188    0    0
444      lv444      255  189    0    0
445      lv445      255  190    0    0
446      lv446      255  191    0    0
447      lv447      255  192    0    0
448      lv448      255  193    0    0
449      lv449      255  194    0    0
450      lv450      255  195    0    0
451      lv451      255  196    0    0
452      lv452      255  197    0    0
453      lv453      255  198    0    0
454      lv454      255  199    0    0
455      lv455      255  200    0    0
456      lv456      255  201    0    0
457      lv457      255  202    0    0
458      lv458      255  203    0    0
459      lv459      255  204    0    0
460      lv460      255  205    0    0
461      lv461      255  206    0    0
462      lv462      255  207    0    0
463      lv463      255  208    0    0
464      lv464      255  209    0    0
465      lv465      255  210    0    0
466      lv466      255  211    0    0
467      lv467      255  212    0    0
468      lv468      255  213    0    0
469      lv469      255  214    0    0
470      lv470      255  215    0    0
471      lv471      255  216    0    0
472      lv472      255  217    0    0
473      lv473      255  218    0    0
474      lv474      255  219    0    0
475      lv475      255  220    0    0
476      lv476      255  221    0    0
477      lv477      255  222    0    0
478      lv478      255  223    0    0
479      lv479      255  224    0    0
480      lv480      255  225    0    0
481      lv481      255  226    0    0
482      lv482      255  227    0    0
483      lv483      255  228    0    0
484      lv484      255  229    0    0
485      lv485      255  230    0    0
486      lv486      255  231    0    0
487      lv487      255  232    0    0
488      lv488      255  233    0    0
489      lv489      255  234    0    0
490      lv490      255  235    0    0
491      lv491      255  236    0    0
492      lv492      255  237    0    0
493      lv493      255  238    0    0
494      lv494      255  239    0    0
495      lv495      255  240    0    0
496      lv496      255  241    0    0
497      lv497      255  242    0    0
498      lv498      255  243    0    0
499      lv499      255  244    0    0
500      lv500      255  245    0    0
501      lv501      255  246    0    0
502      lv502      255  247    0    0
503      lv503      255  248    0    0
504      lv504      255  249    0    0
505      lv505      255  250    0    0
506      lv506      255  251    0    0
507      lv507      255  252    0    0
508      lv508      255  253    0    0
509      lv509      255  254    0    0
510      lv510      255  255    0    0
511      lv511      255  255    1    0
512      lv512      255  255    2    0
513      lv513      255  255    3    0
514      lv514      255  255    4    0
515      lv515      255  255    5    0
516      lv516      255  255    6    0
517      lv517      255  255    7    0
518      lv518      255  255    8    0
519      lv519      255  255    9    0
520      lv520      255  255   10    0
521      lv521      255  255   11    0
522      lv522      255  255   12    0
523      lv523      255  255   13    0
524      lv524      255  255   14    0
525      lv525      255  255   15    0
526      lv526      255  255   16    0
527      lv527      255  255   17    0
528      lv528      255  255   18    0
529      lv529      255  255   19    0
530      lv530      255  255   20    0
531      lv531      255  255   21    0
532      lv532      255  255   22    0
533      lv533      255  255   23    0
534      lv534      255  255   24    0
535      lv535      255  255   25    0
536      lv536      255  255   26    0
537      lv537      255  255   27    0
538      lv538      255  255   28    0
539      lv539      255  255   29    0
540      lv540      255  255   30    0
541      lv541      255  255   31    0
542      lv542      255  255   32    0
543      lv543      255  255   33    0
544      lv544      255  255   34    0
545      lv545      255  255   35    0
546      lv546      255  255   36    0
547      lv547      255  255   37    0
548      lv548      255  255   38    0
549      lv549      255  255   39    0
550      lv550      255  255   40    0
551      lv551      255  255   41    0
552      lv552      255  255   42    0
553      lv553      255  255   43    0
554      lv554      255  255   44    0
555      lv555      255  255   45    0
556      lv556      255  255   46    0
557      lv557      255  255   47    0
558      lv558      255  255   48    0
559      lv559      255  255   49    0
560      lv560      255  255   50    0
561      lv561      255  255   51    0
562      lv562      255  255   52    0
563      lv563      255  255   53    0
564      lv564      255  255   54    0
565      lv565      255  255   55    0
566      lv566      255  255   56    0
567      lv567      255  255   57    0
568      lv568      255  255   58    0
569      lv569      255  255   59    0
570      lv570      255  255   60    0
571      lv571      255  255   61    0
572      lv572      255  255   62    0
573      lv573      255  255   63    0
574      lv574      255  255   64    0
575      lv575      255  255   65    0
576      lv576      255  255   66    0
577      lv577      255  255   67    0
578      lv578      255  255   68    0
579      lv579      255  255   69    0
580      lv580      255  255   70    0
581      lv581      255  255   71    0
582      lv582      255  255   72    0
583      lv583      255  255   73    0
584      lv584      255  255   74    0
585      lv585      255  255   75    0
586      lv586      255  255   76    0
587      lv587      255  255   77    0
588      lv588      255  255   78    0
589      lv589      255  255   79    0
590      lv590      255  255   80    0
591      lv591      255  255   81    0
592      lv592      255  255   82    0
593      lv593      255  255   83    0
594      lv594      255  255   84    0
595      lv595      255  255   85    0
596      lv596      255  255   86    0
597      lv597      255  255   87    0
598      lv598      255  255   88    0
599      lv599      255  255   89    0
600      lv600      255  255   90    0
601      lv601      255  255   91    0
602      lv602      255  255   92    0
603      lv603      255  255   93    0
604      lv604      255  255   94    0
605      lv605      255  255   95    0
606      lv606      255  255   96    0
607      lv607      255  255   97    0
608      lv608      255  255   98    0
609      lv609      255  255   99    0
610      lv610      255  255  100    0
611      lv611      255  255  101    0
612      lv612      255  255  102    0
613      lv613      255  255  103    0
614      lv614      255  255  104    0
615      lv615      255  255  105    0
616      lv616      255  255  106    0
617      lv617      255  255  107    0
618      lv618      255  255  108    0
619      lv619      255  255  109    0
620      lv620      255  255  110    0
621      lv621      255  255  111    0
622      lv622      255  255  112    0
623      lv623      255  255  113    0
624      lv624      255  255  114    0
625      lv625      255  255  115    0
626      lv626      255  255  116    0
627      lv627      255  255  117    0
628      lv628      255  255  118    0
629      lv629      255  255  119    0
630      lv630      255  255  120    0
631      lv631      255  255  121    0
632      lv632      255  255  122    0
633      lv633      255  255  123    0
634      lv634      255  255  124    0
635      lv635      255  255  125    0
636      lv636      255  255  126    0
637      lv637      255  255  127    0
638      lv638      255  255  128    0
639      lv639      255  255  129    0
640      lv640      255  255  130    0
641      lv641      255  255  131    0
642      lv642      255  255  132    0
643      lv643      255  255  133    0
644      lv644      255  255  134    0
645      lv645      255  255  135    0
646      lv646      255  255  136    0
647      lv647      255  255  137    0
648      lv648      255  255  138    0
649      lv649      255  255  139    0
650      lv650      255  255  140    0
651      lv651      255  255  141    0
652      lv652      255  255  142    0
653      lv653      255  255  143    0
654      lv654      255  255  144    0
655      lv655      255  255  145    0
656      lv656      255  255  146    0
657      lv657      255  255  147    0
658      lv658      255  255  148    0
659      lv659      255  255  149    0
660      lv660      255  255  150    0
661      lv661      255  255  151    0
662      lv662      255  255  152    0
663      lv663      255  255  153    0
664      lv664      255  255  154    0
665      lv665      255  255  155    0
666      lv666      255  255  156    0
667      lv667      255  255  157    0
668      lv668      255  255  158    0
669      lv669      255  255  159    0
670      lv670      255  255  160    0
671      lv671      255  255  161    0
672      lv672      255  255  162    0
673      lv673      255  255  163    0
674      lv674      255  255  164    0
675      lv675      255  255  165    0
676      lv676      255  255  166    0
677      lv677      255  255  167    0
678      lv678      255  255  168    0
679      lv679      255  255  169    0
680      lv680      255  255  170    0
681      lv681      255  255  171    0
682      lv682      255  255  172    0
683      lv683      255  255  173    0
684      lv684      255  255  174    0
685      lv685      255  255  175    0
686      lv686      255  255  176    0
687      lv687      255  255  177    0
688      lv688      255  255  178    0
689      lv689      255  255  179    0
690      lv690      255  255  180    0
691      lv691      255  255  181    0
692      lv692      255  255  182    0
693      lv693      255  255  183    0
694      lv694      255  255  184    0
695      lv695      255  255  185    0
696      lv696      255  255  186    0
697      lv697      255  255  187    0
698      lv698      255  255  188    0
699      lv699      255  255  189    0
700      lv700      255  255  190    0
701      lv701      255  255  191    0
702      lv702      255  255  192    0
703      lv703      255  255  193    0
704      lv704      255  255  194    0
705      lv705      255  255  195    0
706      lv706      255  255  196    0
707      lv707      255  255  197    0
708      lv708      255  255  198    0
709      lv709      255  255  199    0
710      lv710      255  255  200    0
711      lv711      255  255  201    0
712      lv712      255  255  202    0
713      lv713      255  255  203    0
714      lv714      255  255  204    0
715      lv715      255  255  205    0
716      lv716      255  255  206    0
717      lv717      255  255  207    0
718      lv718      255  255  208    0
719      lv719      255  255  209    0
720      lv720      255  255  210    0
721      lv721      255  255  211    0
722      lv722      255  255  212    0
723      lv723      255  255  213    0
724      lv724      255  255  214    0
725      lv725      255  255  215    0
726      lv726      255  255  216    0
727      lv727      255  255  217    0
728      lv728      255  255  218    0
729      lv729      255  255  219    0
730      lv730      255  255  220    0
731      lv731      255  255  221    0
732      lv732      255  255  222    0
733      lv733      255  255  223    0
734      lv734      255  255  224    0
735      lv735      255  255  225    0
736      lv736      255  255  226    0
737      lv737      255  255  227    0
738      lv738      255  255  228    0
739      lv739      255  255  229    0
740      lv740      255  255  230    0
741      lv741      255  255  231    0
742      lv742      255  255  232    0
743      lv743      255  255  233    0
744      lv744      255  255  234    0
745      lv745      255  255  235    0
746      lv746      255  255  236    0
747      lv747      255  255  237    0
748      lv748      255  255  238    0
749      lv749      255  255  239    0
750      lv750      255  255  240    0
751      lv751      255  255  241    0
752      lv752      255  255  242    0
753      lv753      255  255  243    0
754      lv754      255  255  244    0
755      lv755      255  255  245    0
756      lv756      255  255  246    0
757      lv757      255  255  247    0
758      lv758      255  255  248    0
759      lv759      255  255  249    0
760      lv760      255  255  250    0
761      lv761      255  255  251    0
762      lv762      255  255  252    0
763      lv763      255  255  253    0
764      lv764      255  255  254    0
765      lv765      255  255  255    0
